15 6553
0 27341
1 27505
3 27462
4 13474
12 19909
18 4498
30 9328
31 14556
34 4082
38 8421
42 1547
52 22722
53 30739
59 11839
67 27875
68 29029
78 18080
84 6334
88 6786
91 6408
98 31763
104 16195
105 749
106 23982
110 24079
111 5566
114 2975
120 6549
127 11694
128 5979
130 2889
131 32626
132 28345
135 17729
137 15256
144 14784
146 4044
164 5132
175 11169
183 19277
196 5619
203 17848
208 19325
210 17838
219 19547
220 6016
228 3207
233 15873
237 18050
243 15008
250 30450
256 20893
261 31884
272 18477
279 8553
281 26721
282 15589
286 23849
288 11941
297 16942
300 1409
308 10029
311 5688
313 20317
314 32117
319 28409
324 28918
327 9974
330 20555
338 20891
339 20228
341 15062
345 3916
350 1535
359 22305
370 11881
374 9595
377 29500
379 17356
381 10589
398 1617
401 30628
403 28868
405 25920
407 27445
408 28223
409 27666
411 15647
415 6656
416 8823
427 21071
429 5307
432 3240
436 31951
437 1944
438 962
439 15399
447 4236
453 3035
455 5992
477 13192
478 8148
479 19309
480 3147
484 22499
487 1579
488 16575
493 31855
497 1700
498 13174
507 19095
510 30550
522 28588
523 18359
524 13580
525 30859
533 7841
543 13159
545 11444
546 10742
549 32479
551 8292
552 28857
557 14101
558 12751
559 20685
560 29599
561 26306
568 32208
572 22444
573 13318
577 13682
580 27054
583 29643
588 30400
590 16994
608 19992
610 23890
611 11530
613 27576
614 5594
618 532
619 4996
625 31194
628 14926
630 9933
638 86
647 7675
649 32407
665 2202
666 28994
676 32141
679 23592
688 18732
693 15114
696 9708
701 30999
710 8285
713 23867
724 11694
725 12089
726 27425
727 16232
729 19088
731 9630
745 10794
747 16138
754 10449
756 20320
759 1251
765 24644
776 15185
784 13238
795 26565
796 11521
797 7596
798 29717
800 6690
805 12323
807 13933
808 24875
813 4255
814 23223
816 16776
817 497
824 15304
832 27979
842 25560
847 6138
852 10968
855 3810
867 1432
876 16852
877 1185
879 8700
888 1838
889 19827
893 11075
897 9131
898 9877
902 4682
916 3472
919 17793
927 29448
939 299
940 21893
944 26444
952 4725
953 29091
958 32189
963 22216
965 14902
980 8337
994 26487
996 25663
998 30494
1005 18542
1012 12399
1016 9137
1018 2473
1019 16677
1027 32528
1039 26738
1044 31378
1049 14460
1052 24467
1054 1276
1058 6654
1067 31256
1072 28090
1074 22886
1080 13485
1081 13447
1086 15463
1087 21778
1088 7702
1091 25590
1099 12629
1102 21144
1105 12137
1122 23540
1124 4608
1128 26493
1135 24815
1139 10675
1145 16662
1152 25402
1155 7050
1162 15371
1165 16074
1169 10092
1195 994
1198 13145
1199 4778
1201 4767
1206 7424
1208 3201
1213 6102
1214 18576
1221 3003
1223 753
1227 14435
1229 26854
1230 13964
1234 973
1244 28411
1245 4111
1260 27436
1264 6293
1266 4463
1269 11537
1270 7849
1278 22910
1282 12598
1294 23187
1302 27399
1304 30020
1307 6775
1330 5594
1337 30543
1339 14460
1340 10317
1341 1090
1357 26201
1358 24855
1359 10432
1363 11830
1367 7803
1369 18483
1372 1467
1385 13707
1388 4556
1390 19322
1392 30685
1394 17438
1396 17712
1407 31813
1409 6436
1413 14634
1427 28624
1435 22782
1445 11632
1450 31690
1455 23893
1462 15967
1474 24432
1483 25725
1486 24273
1494 24462
1500 11722
1506 6268
1507 1728
1511 2844
1512 1268
1518 7810
1521 13782
1522 18744
1524 26468
1528 120
1541 23700
1545 5621
1551 9747
1552 2281
1553 475
1558 12669
1560 6756
1569 10232
1573 19848
1591 22067
1594 9065
1595 30669
1598 17231
1600 16348
1609 23812
1627 21936
1630 31082
1645 25224
1652 11795
1656 24329
1662 31382
1670 15687
1673 7966
1701 4061
1715 26085
1716 28621
1719 21929
1727 6936
1728 2932
1729 1359
1730 23674
1731 12669
1745 26693
1748 11967
1749 22731
1752 17734
1759 13930
1764 26735
1774 32113
1779 16212
1784 13681
1785 24302
1790 728
1793 8558
1794 26542
1797 5632
1798 25906
1800 30918
1801 10328
1807 650
1811 23556
1814 29307
1817 28575
1820 2078
1828 24023
1829 23858
1831 32054
1837 21523
1851 20469
1854 25002
1855 9027
1857 28558
1859 31724
1863 13305
1868 13830
1873 14550
1874 4996
1880 1168
1883 30060
1893 27907
1902 30706
1906 2024
1908 21479
1910 29954
1913 18835
1914 23950
1929 12204
1937 8059
1955 32393
1959 30024
1961 30328
1976 9113
1978 6947
1981 19751
1984 12342
1985 4922
1994 6155
2000 31629
2002 19976
2007 23627
2013 14025
2018 24293
2032 9740
2033 32269
2035 11440
2037 32321
2040 12012
2042 9151
2046 9932
2053 32642
2059 16266
2061 1667
2070 20340
2072 31521
2073 23796
2079 17773
2080 14877
2081 14847
2082 25056
2083 26303
2085 5229
2091 31288
2095 8618
2101 13594
2105 30848
2110 5986
2120 19264
2124 27840
2127 20532
2133 13595
2139 11630
2147 6253
2154 7828
2156 30429
2162 29476
2168 22748
2170 22798
2171 21594
2172 9711
2173 363
2177 22520
2180 7868
2183 12480
2184 12545
2185 17768
2186 9581
2193 12873
2208 20772
2210 3025
2212 26576
2213 4826
2218 31045
2221 29613
2227 28679
2229 18630
2233 30222
2238 15216
2245 11177
2253 11681
2255 12298
2263 28362
2268 21413
2277 2190
2283 11365
2285 5104
2286 21498
2293 4793
2297 26399
2298 21163
2327 6545
2339 32675
2340 8179
2348 26088
2351 23994
2354 17200
2355 18028
2368 4151
2371 10244
2374 24577
2390 27237
2391 15854
2399 12825
2404 8972
2410 2040
2413 30486
2424 27190
2432 13920
2441 3303
2443 21848
2449 26507
2450 487
2452 20034
2455 20426
2464 14944
2470 7245
2472 13689
2473 14368
2481 26361
2482 4824
2485 16313
2490 10624
2495 29112
2508 853
2513 25311
2514 4339
2524 3251
2525 12029
2530 24729
2532 14410
2537 3212
2546 5338
2547 30310
2549 8635
2550 12709
2553 2783
2556 7837
2560 31371
2561 30347
2568 7659
2581 28017
2582 18796
2585 13621
2586 862
2591 23634
2603 3514
2606 24742
2609 4371
2624 11573
2640 26201
2648 12706
2651 12375
2653 838
2654 16490
2657 17930
2659 13293
2661 24254
2667 13871
2669 9257
2678 5773
2681 18820
2685 1658
2686 21635
2689 22873
2692 27013
2699 15384
2709 31324
2711 14090
2715 30300
2726 8036
2735 30627
2738 28438
2739 13138
2742 10304
2743 17979
2746 15589
2751 8055
2756 25966
2765 8368
2768 1878
2773 13216
2780 32617
2785 14256
2794 1439
2807 3281
2811 28911
2814 27733
2816 24413
2817 26299
2821 3288
2825 16083
2826 14547
2832 7888
2836 1822
2838 6646
2840 13954
2850 30130
2852 373
2859 10668
2862 23575
2866 11802
2876 21529
2883 7027
2890 28731
2910 6638
2925 1742
2950 26963
2953 24739
2956 13312
2959 29507
2962 6146
2976 14261
2978 5028
2979 30851
2980 71
2982 20171
2985 10124
2986 9757
2988 19712
2993 8689
2999 18126
3008 15004
3010 26189
3012 15638
3020 8172
3027 7176
3031 12682
3032 14842
3033 31420
3035 4473
3037 8183
3045 6290
3053 17591
3056 28631
3062 11889
3063 15807
3074 12311
3075 17823
3077 12465
3090 13777
3093 15349
3097 1353
3099 18220
3101 7886
3106 15683
3111 21339
3117 3372
3122 662
3128 16489
3131 32674
3138 8260
3139 27128
3149 30756
3156 20324
3160 23139
3163 15937
3165 16089
3172 15483
3177 15344
3180 578
3183 21361
3188 27464
3191 11282
3198 7333
3203 3838
3204 9231
3207 14262
3210 7640
3216 7349
3227 24470
3229 12730
3238 9806
3239 31067
3242 16400
3257 8201
3266 16399
3283 20333
3285 27765
3286 7532
3297 7080
3314 4786
3317 16830
3335 11919
3339 20746
3345 12709
3351 16764
3356 13807
3360 10060
3362 6284
3363 31607
3367 5952
3371 23955
3379 31236
3380 22518
3386 17766
3392 2848
3394 24461
3397 27127
3402 18316
3405 5979
3420 30936
3425 20839
3427 16904
3430 2703
3431 28739
3439 3780
3440 27841
3443 14348
3444 8193
3448 23712
3462 23171
3463 30123
3464 4444
3473 16390
3474 31351
3482 7841
3486 8639
3487 8967
3489 20850
3491 23878
3493 10462
3505 2902
3508 30153
3510 12971
3512 13246
3519 30221
3521 17358
3522 25430
3527 10259
3529 23634
3533 23608
3534 11063
3541 6885
3542 24315
3548 631
3549 15931
3554 32342
3566 358
3570 26473
3580 12206
3590 2944
3592 26362
3594 17537
3602 29508
3606 5786
3608 23933
3620 18208
3625 25009
3626 8120
3630 22429
3631 28862
3635 13235
3636 15502
3642 25463
3654 11712
3657 23309
3659 31139
3661 7541
3662 12548
3667 21334
3675 10485
3676 11791
3688 158
3707 29139
3719 4055
3728 29462
3731 5081
3734 24035
3737 12100
3742 22548
3752 24620
3759 26430
3763 13027
3781 2171
3782 24451
3784 20954
3788 23136
3803 24427
3807 997
3808 11780
3811 17829
3817 29168
3825 14190
3826 7570
3828 15168
3835 18184
3839 6755
3843 14326
3845 20071
3854 14056
3855 21990
3856 2276
3858 20898
3859 2231
3864 12078
3867 3070
3875 25313
3878 18060
3889 20035
3893 16337
3894 25897
3896 16295
3901 20490
3911 23363
3919 23690
3928 22434
3942 4335
3945 2472
3968 20265
3970 26295
3972 22705
3973 15769
3974 5227
3979 11502
3980 21631
3982 26400
3984 32275
3994 27039
3997 26271
3998 22720
4001 24238
4006 11194
4012 1410
4016 26841
4017 6077
4032 640
4033 30277
4035 10019
4036 22141
4044 24552
4050 5756
4051 11831
4052 32765
4063 10510
4066 7432
4067 19375
4070 15508
4076 4416
4078 2102
4090 29528
4092 9895
4093 2581
4105 27177
4106 16458
4112 16794
4113 27416
4116 26993
4118 1604
4121 21732
4124 12704
4144 1249
4159 14038
4164 1331
4169 30883
4175 13464
4182 21468
4187 31061
4188 25946
4190 26137
4197 9230
4202 22120
4207 29881
4208 19508
4210 15230
4215 32720
4217 27371
4220 26518
4223 20957
4225 4291
4229 19692
4230 376
4232 16700
4238 26886
4240 19461
4243 16088
4250 17905
4251 20526
4252 17840
4257 13410
4261 10007
4265 8632
4268 31692
4272 12476
4275 19102
4276 11362
4280 29434
4285 32595
4286 25286
4290 19991
4291 1737
4293 13503
4294 19135
4295 4036
4297 5237
4299 28005
4302 13780
4311 14126
4315 13338
4321 11308
4323 6246
4327 18537
4330 30968
4333 19087
4335 25178
4347 21306
4348 435
4358 5236
4369 16236
4371 31712
4372 24649
4373 7395
4378 30322
4390 29826
4391 11299
4401 8938
4407 31194
4417 20801
4425 22351
4428 10025
4433 4796
4439 26075
4443 20360
4446 3090
4447 21075
4448 19888
4456 32423
4460 11663
4465 10561
4471 548
4472 21184
4474 14476
4475 20531
4476 13549
4477 9961
4500 1861
4501 27926
4502 25639
4504 31443
4510 19060
4512 2165
4520 31834
4521 5208
4524 25677
4529 16795
4541 28894
4543 29398
4551 31560
4559 28260
4563 13762
4579 14392
4589 13501
4593 5119
4596 9704
4605 31419
4609 17394
4612 2295
4614 11595
4617 13774
4620 27234
4625 5312
4628 14207
4629 3000
4632 5254
4634 20265
4639 28920
4640 747
4647 20842
4649 17879
4652 18768
4653 4827
4654 9052
4663 28408
4669 16185
4671 3692
4674 3077
4675 31620
4677 14521
4682 7586
4685 31446
4688 18449
4689 1917
4691 14534
4697 23703
4698 20637
4699 22762
4708 18503
4715 32594
4719 19470
4720 4812
4721 4981
4729 14313
4741 13616
4754 21318
4758 345
4765 18669
4769 30964
4774 6216
4779 4791
4782 21521
4784 11885
4786 28176
4788 4340
4793 830
4798 21063
4804 27014
4808 4054
4811 19428
4814 20812
4824 9481
4830 23296
4832 16684
4833 3710
4842 2571
4846 28087
4853 24308
4854 14366
4855 27529
4861 22398
4862 17774
4863 20467
4877 32554
4881 23879
4893 13461
4898 351
4904 4788
4905 29211
4909 27267
4920 11407
4933 30293
4934 32254
4935 5101
4941 26700
4951 15146
4954 3702
4955 6714
4960 26708
4980 2603
4983 32577
5000 8978
5004 20641
5017 31466
5019 19368
5020 30492
5023 24870
5029 27388
5030 3832
5036 32069
5039 13099
5045 2181
5048 25353
5052 15551
5054 12943
5057 3350
5062 30984
5069 21930
5072 14744
5079 24464
5088 6691
5090 15146
5092 24425
5093 12223
5100 20463
5101 30697
5102 7394
5105 13921
5113 17301
5117 8564
5128 4575
5129 21347
5132 15363
5140 7387
5143 10622
5145 15683
5150 4278
5158 15820
5163 5663
5180 7727
5187 31758
5194 22142
5195 1249
5198 23461
5200 25480
5206 29318
5212 20638
5215 12058
5225 2798
5228 19921
5234 1137
5236 11253
5244 921
5257 69
5263 17329
5269 27135
5272 31320
5275 16885
5283 5325
5285 2840
5288 19485
5289 16053
5292 23758
5296 22177
5300 126
5305 28893
5308 24201
5310 16238
5313 5564
5319 5156
5325 8711
5328 29822
5338 4720
5340 11936
5379 7699
5384 4939
5388 2374
5394 24305
5395 12974
5400 3758
5401 19657
5402 7580
5410 16914
5412 4309
5414 24165
5417 8676
5419 16352
5427 25453
5429 9926
5433 4160
5435 21967
5436 26870
5440 25496
5443 30437
5444 31737
5446 25131
5448 1402
5457 32402
5466 3552
5469 5374
5478 914
5481 457
5487 24375
5491 10177
5492 25954
5495 9845
5505 11815
5511 6561
5516 29507
5517 3733
5522 16040
5525 11196
5526 14877
5531 25968
5537 19886
5540 4187
5543 13600
5545 32541
5557 9367
5560 14281
5563 8660
5565 16026
5567 29501
5573 18607
5574 8850
5575 12529
5576 31499
5585 5823
5586 17437
5589 21621
5599 5915
5602 31456
5605 6793
5607 11853
5611 14051
5620 4827
5621 21629
5630 25264
5634 23139
5638 22771
5640 7202
5644 18731
5645 11792
5650 29685
5663 536
5664 16414
5669 11171
5682 19660
5683 17950
5685 30084
5696 10226
5700 5687
5709 2891
5719 23964
5721 16389
5728 6785
5730 740
5732 24195
5738 27718
5740 6448
5741 31918
5742 11166
5745 29323
5750 25897
5762 22649
5764 716
5772 6678
5775 31206
5777 15609
5782 2577
5783 125
5785 25119
5788 10227
5799 28813
5818 8144
5824 22470
5832 22405
5840 30515
5845 24278
5868 4788
5869 3472
5893 31691
5895 10052
5897 31740
5899 27118
5904 12659
5909 16239
5912 17184
5913 13766
5921 2648
5924 15247
5927 14637
5928 6025
5932 6008
5945 13669
5948 5014
5949 8004
5950 15224
5958 8690
5959 27873
5969 30044
5971 30978
5973 31227
5975 17971
5979 26376
5985 31329
5986 16239
5994 31431
6005 18841
6006 11704
6008 14133
6028 19768
6029 3091
6049 10591
6054 12989
6055 2468
6063 2087
6067 10118
6068 22590
6077 27873
6081 3839
6083 19822
6092 16030
6102 11140
6105 15832
6113 19664
6118 28453
6122 1540
6124 19081
6126 30219
6135 27577
6136 19338
6137 24102
6139 12467
6140 11739
6147 8977
6151 258
6155 6298
6158 16349
6159 22621
6162 10089
6163 17033
6167 14530
6169 5552
6181 14474
6184 6325
6185 14343
6198 30354
6210 30759
6222 3286
6224 18027
6230 29659
6233 16615
6242 9734
6249 7863
6251 11616
6252 9282
6260 27256
6267 13902
6274 19553
6276 14357
6288 2162
6289 11792
6292 18363
6293 1615
6297 1557
6300 20666
6321 9220
6324 13719
6329 19547
6331 16412
6339 23167
6340 3464
6341 15746
6342 6540
6351 15201
6358 16014
6359 29755
6365 30272
6366 15294
6373 4225
6382 15288
6385 17789
6393 2726
6395 3362
6399 18839
6402 9579
6403 12384
6407 7285
6416 15692
6421 27869
6442 26143
6447 9210
6448 26697
6454 5983
6457 21899
6458 8470
6460 22398
6461 14254
6478 12541
6485 15631
6494 32351
6501 31609
6502 11670
6503 30160
6506 22788
6514 19127
6531 3919
6542 8170
6543 3699
6546 7229
6547 13912
6553 1849
6568 108
6572 21935
6588 2159
6593 8583
6596 32640
6607 18560
6626 5690
6630 16564
6635 6075
6640 16296
6642 21023
6643 6739
6657 22257
6658 10220
6660 4926
6663 4895
6665 845
6680 23987
6685 13760
6686 28064
6690 16452
6701 30404
6703 29610
6714 28488
6718 31371
6723 28649
6727 11993
6729 11337
6735 15202
6739 13951
6742 11049
6744 27575
6757 22039
6758 9620
6760 24941
6766 31525
6774 2773
6778 15767
6791 11378
6794 21394
6797 504
6800 30505
6803 32251
6806 6549
6807 11519
6812 2810
6814 11030
6819 1142
6820 9229
6823 20477
6826 30593
6828 3135
6835 7051
6840 15087
6843 26145
6847 29798
6848 207
6855 30744
6858 9730
6859 5619
6861 13234
6864 6901
6870 12377
6878 1243
6890 17985
6894 10187
6896 18101
6899 27317
6901 30847
6920 20190
6923 32481
6936 30605
6947 27575
6951 29961
6955 19629
6974 24077
6978 32463
6993 8077
6994 9880
6998 7778
7001 24453
7004 6208
7005 30305
7007 5343
7009 30638
7010 7903
7012 5468
7022 8541
7025 24231
7032 12248
7036 12545
7037 13567
7047 14360
7050 2310
7053 25124
7054 2475
7060 6545
7066 19590
7070 7093
7073 12161
7075 32558
7088 16037
7095 19046
7097 11696
7108 23524
7127 26945
7134 16499
7137 26301
7151 6091
7152 19361
7154 30849
7168 1778
7171 13893
7172 13341
7180 16519
7181 21979
7186 23863
7187 21626
7196 2684
7197 1759
7201 26078
7204 28987
7208 3341
7216 1087
7217 8224
7218 2295
7224 10769
7227 12951
7234 30024
7237 25279
7240 15990
7245 8635
7261 19178
7262 17932
7271 16350
7276 23898
7278 14966
7282 514
7283 5328
7287 25901
7291 17306
7297 15490
7300 20535
7302 20176
7306 8187
7321 31110
7326 7593
7328 15999
7330 5641
7333 10825
7337 8808
7339 25700
7350 6815
7351 12818
7359 10300
7361 8589
7366 22039
7369 29218
7377 387
7384 24191
7386 11399
7388 7899
7393 6453
7408 3063
7409 11857
7410 1377
7428 5424
7445 196
7448 20067
7452 25475
7457 21463
7458 17644
7459 23660
7460 2326
7471 8903
7482 18466
7491 8968
7499 15041
7503 15361
7511 24580
7515 17677
7516 6420
7519 7367
7526 2412
7533 30883
7535 21230
7538 23175
7543 665
7544 1903
7549 4994
7553 719
7559 12385
7563 29874
7564 28890
7566 16834
7582 1273
7583 10806
7588 31148
7590 8471
7594 11203
7599 22858
7606 27127
7609 14294
7611 22472
7614 1473
7616 6264
7619 13127
7621 22874
7626 19368
7633 26667
7639 5306
7643 30329
7654 27270
7660 6844
7663 27618
7670 32767
7671 18657
7681 20720
7682 30252
7686 31224
7691 4722
7700 2187
7701 16440
7702 5648
7704 5853
7706 7892
7722 8897
7733 9705
7734 1193
7742 13205
7752 7688
7757 16129
7764 15939
7788 1329
7790 27380
7792 15062
7794 22393
7799 12013
7802 29924
7807 16973
7811 24970
7814 24070
7824 4831
7826 20377
7844 17961
7847 2399
7849 18265
7851 1922
7856 13495
7878 11790
7880 1651
7886 12834
7894 23448
7903 6887
7908 28338
7916 3427
7918 2854
7927 4606
7934 17957
7940 12038
7943 5948
7959 26866
7961 32563
7962 31970
7963 18761
7974 15958
7978 7810
7993 29876
8003 28062
8015 10802
8016 21837
8022 12534
8024 18233
8034 29193
8037 22338
8040 20960
8042 26402
8046 24079
8059 27393
8060 16253
8079 3769
8088 32705
8091 31496
8094 27907
8101 20311
8102 9395
8111 11778
8112 3872
8114 20095
8118 10825
8125 25852
8126 14899
8133 14741
8135 21051
8137 19417
8143 17772
8146 24095
8150 12587
8158 24265
8159 25312
8168 10799
8179 23398
8182 26798
8184 28690
8186 26886
8188 14305
8195 6940
8208 25518
8209 18943
8210 20990
8216 4251
8218 29402
8222 13877
8223 10191
8230 16762
8237 21309
8239 20264
8255 3701
8261 20143
8264 4448
8267 10929
8272 4526
8278 24768
8279 14822
8308 10299
8309 18479
8310 7463
8322 30593
8340 21120
8345 24501
8366 8536
8378 21965
8381 4252
8382 21691
8385 7708
8386 1181
8389 956
8394 23627
8397 6424
8398 29484
8403 25939
8405 16507
8406 3940
8410 17040
8422 18786
8423 21694
8426 31806
8433 26006
8440 11897
8460 2714
8475 4724
8478 821
8484 13806
8486 1833
8500 10549
8502 29575
8509 25983
8519 1268
8524 20274
8530 4858
8534 31003
8536 27391
8538 1971
8549 7727
8554 31254
8556 20877
8559 24133
8570 14755
8571 12081
8572 20289
8576 4239
8578 5386
8593 18114
8594 8890
8595 30895
8599 19751
8622 29109
8624 22708
8626 20231
8633 2568
8640 9798
8643 9081
8664 22106
8672 7996
8683 16681
8690 25221
8704 12868
8707 1853
8708 16634
8709 21661
8723 10151
8725 23249
8726 12773
8736 29313
8737 19363
8740 1026
8746 17139
8747 832
8749 16885
8753 25471
8761 14712
8762 19176
8766 31229
8767 14391
8769 20625
8770 5163
8782 26167
8787 8732
8801 29130
8804 23032
8808 26251
8810 32423
8811 14862
8815 12819
8816 24231
8819 22329
8822 6997
8825 18155
8826 28082
8834 27234
8840 27390
8841 27293
8843 2703
8844 14528
8845 21172
8849 22138
8859 1597
8862 22516
8863 21635
8865 713
8883 30958
8884 11664
8885 26112
8888 27447
8890 12338
8893 22410
8895 17476
8898 8528
8900 15747
8908 27955
8912 7216
8917 4780
8920 1687
8923 8960
8925 15850
8930 19642
8939 15726
8940 2433
8954 26024
8963 24948
8970 14805
8978 16115
8979 9
8980 17314
8983 14849
8995 7612
8998 472
9000 2683
9004 9239
9008 23130
9009 27479
9014 10966
9017 31445
9018 1175
9019 4592
9021 395
9024 6987
9034 7067
9035 16182
9042 7189
9043 6451
9044 30885
9052 19774
9059 4115
9067 31812
9070 9815
9074 21114
9080 32429
9087 24475
9088 7541
9094 23907
9099 32099
9100 20093
9107 15970
9112 2279
9114 5979
9117 17468
9119 18450
9123 27032
9125 4442
9128 2167
9137 18454
9138 20784
9148 14992
9149 27023
9152 31107
9153 23781
9154 24305
9155 20335
9160 26068
9169 9010
9178 5468
9187 6225
9197 17981
9199 29950
9200 19082
9205 4096
9212 29285
9216 17139
9218 16934
9225 7270
9227 27354
9233 13319
9234 24753
9235 16441
9239 4163
9240 19317
9241 5196
9243 31539
9244 9499
9254 17828
9255 14412
9261 31799
9264 18894
9266 27929
9267 15207
9276 24845
9280 21418
9281 24927
9284 13083
9286 9575
9287 279
9290 29312
9292 9564
9297 11562
9299 1041
9301 7666
9306 29674
9316 10207
9321 20908
9331 10696
9337 1553
9340 21574
9341 23758
9342 18221
9357 14023
9369 4765
9372 30795
9378 12232
9387 23005
9393 2674
9395 31462
9398 12866
9400 29003
9402 30227
9411 18760
9416 9227
9418 22330
9419 30911
9424 30140
9434 20377
9440 25929
9456 27054
9457 917
9458 13390
9460 22444
9465 17991
9467 6785
9469 31582
9471 12973
9478 17423
9479 28415
9482 17961
9483 18471
9495 11198
9496 3405
9497 10573
9498 2009
9503 22917
9506 29853
9512 12001
9514 30406
9519 1282
9523 30269
9527 28544
9533 15283
9535 26265
9538 8230
9546 19719
9556 27316
9557 26691
9562 23026
9564 32255
9569 3203
9573 5615
9576 11261
9579 4282
9581 8422
9584 23281
9586 5734
9587 18802
9589 26417
9596 30391
9597 12666
9609 15829
9613 16633
9622 16226
9625 2600
9642 31052
9649 9137
9660 30546
9669 13410
9672 10909
9675 12812
9678 31474
9684 17506
9689 32734
9692 14233
9693 6736
9695 22587
9701 32359
9707 30385
9708 2560
9711 29143
9712 13227
9714 18642
9717 20818
9720 21495
9725 19089
9731 24790
9733 8381
9745 179
9757 23773
9758 15322
9763 15058
9765 28131
9768 10562
9771 15820
9773 18302
9785 13156
9790 13634
9791 7956
9799 10934
9802 26678
9804 6455
9810 27525
9814 21302
9815 283
9822 24815
9825 12763
9827 10195
9830 837
9833 22825
9841 5299
9842 28841
9844 25717
9849 23312
9850 31915
9856 5523
9861 11885
9872 7511
9880 19755
9884 2460
9885 27520
9892 15040
9897 21438
9899 29348
9901 32366
9904 11083
9906 6174
9907 12389
9908 8482
9945 921
9953 8778
9956 30927
9961 29298
9970 11877
9972 18812
9976 27905
9991 1501
9995 25842
10000 4537
10007 30028
10010 12713
10014 19428
10020 3460
10024 8580
10025 13921
10028 13618
10029 20385
10032 15392
10033 32086
10036 21870
10037 1756
10038 18749
10042 13986
10045 32687
10046 17834
10047 16347
10054 29500
10058 710
10059 1126
10069 21711
10072 327
10080 26899
10082 19291
10083 4258
10084 979
10086 31626
10087 2516
10088 13164
10093 22724
10103 30563
10105 12995
10106 8085
10110 2551
10111 9257
10116 6059
10118 6702
10123 20089
10132 7139
10142 24966
10152 22549
10155 24171
10165 13318
10169 23657
10173 69
10176 5587
10177 21624
10178 13469
10180 31332
10182 11502
10183 9174
10184 8617
10185 6571
10187 5228
10196 5222
10203 25060
10206 14323
10207 23326
10212 21828
10213 13682
10216 10201
10217 3922
10218 10139
10268 8621
10270 8786
10274 20329
10276 22320
10278 1566
10281 19747
10282 13023
10292 14244
10297 4342
10298 3589
10301 27302
10317 13144
10322 23140
10331 23571
10332 9757
10340 5156
10341 22131
10342 5565
10356 10742
10362 28367
10375 1855
10382 20554
10385 26969
10387 13766
10396 1382
10407 24222
10414 4370
10415 32429
10417 15577
10419 31061
10423 15686
10424 5711
10426 23118
10427 16046
10428 22962
10439 2639
10451 10154
10453 10723
10454 29753
10457 8897
10458 7707
10475 27387
10478 18970
10488 11090
10499 20130
10501 23378
10506 25763
10507 17490
10514 27657
10517 11717
10524 25797
10526 12232
10533 14400
10537 26654
10540 11606
10551 31060
10554 20556
10558 3674
10565 24276
10570 20472
10571 27000
10574 456
10577 12163
10578 16630
10581 6730
10593 5429
10602 28463
10625 1728
10629 13897
10638 5735
10642 9657
10646 17716
10648 31940
10652 23973
10654 15121
10662 7699
10664 11444
10666 23087
10670 5076
10671 21
10674 12221
10677 13427
10683 2617
10698 26101
10699 12170
10701 12857
10712 7143
10718 20044
10720 15357
10722 15187
10724 24133
10729 4870
10733 11838
10738 27707
10750 956
10751 22381
10756 24263
10762 26619
10765 26050
10767 5109
10771 28915
10772 29538
10775 15170
10778 21911
10782 11200
10810 19525
10811 21076
10817 7440
10837 14103
10839 1538
10841 3731
10842 14960
10848 9313
10850 21881
10854 1381
10856 32500
10866 31872
10872 18936
10875 19108
10880 28898
10881 4062
10884 18616
10888 7918
10889 12508
10891 14125
10892 571
10895 7579
10899 5375
10904 14834
10915 391
10917 18339
10920 32210
10922 8244
10923 20315
10929 12282
10933 8184
10961 19868
10968 31181
10970 7725
10989 12898
10995 9552
10999 23732
11000 9611
11009 8149
11011 20290
11016 10617
11018 477
11023 31164
11029 18055
11031 16287
11036 15035
11039 26618
11044 28170
11054 28865
11055 12562
11058 19633
11061 30504
11066 1664
11069 19331
11071 3585
11072 22616
11082 14071
11086 27238
11087 30178
11088 23681
11111 15468
11115 5385
11116 6160
11120 17352
11123 16457
11124 26837
11126 11309
11127 11191
11130 25484
11131 29532
11139 31537
11143 4300
11144 25515
11147 29137
11151 32477
11152 26673
11159 20427
11162 12367
11163 14842
11165 16353
11175 8045
11190 9002
11195 22308
11197 6386
11206 27581
11208 9656
11212 4246
11213 18898
11215 25305
11216 9883
11238 12507
11240 7414
11241 15138
11246 8014
11248 10775
11255 7180
11256 768
11271 28
11273 743
11277 25005
11280 28142
11285 6482
11286 20959
11287 12714
11289 19947
11294 31478
11297 21387
11299 7204
11304 11270
11305 29644
11313 20022
11318 14369
11323 19676
11324 26597
11327 29448
11332 3112
11337 8789
11338 19724
11345 10003
11347 10251
11351 25264
11361 13827
11368 7193
11370 27892
11376 17421
11380 18527
11386 15770
11389 20782
11392 29262
11399 23348
11403 23286
11404 16341
11417 30019
11419 26467
11428 23437
11430 20790
11449 6181
11450 31006
11454 5074
11460 28320
11465 26303
11467 23202
11478 601
11482 28559
11492 7801
11495 12039
11513 11748
11516 20410
11517 31163
11519 7509
11522 30783
11523 4395
11528 5075
11535 5350
11536 18193
11543 10242
11544 9062
11546 18492
11552 18163
11554 17395
11559 13008
11563 15082
11567 26308
11568 27658
11569 5854
11572 32550
11576 18232
11577 771
11579 20394
11586 21869
11587 31891
11599 8390
11602 10632
11622 4267
11626 13207
11629 7585
11639 17583
11642 31263
11643 3023
11651 1093
11661 3988
11662 26365
11663 5301
11666 7858
11671 7128
11673 28054
11675 488
11683 10473
11688 20580
11700 3839
11705 2330
11710 13589
11716 26992
11717 24570
11718 22639
11725 11525
11726 11335
11731 2468
11735 26323
11737 29621
11743 24467
11746 25258
11747 29127
11751 19715
11757 22684
11783 8968
11784 17479
11792 15327
11797 680
11799 3476
11804 2356
11805 24338
11815 23662
11818 19089
11819 12393
11821 26668
11823 22572
11826 29596
11827 4040
11828 9030
11829 31161
11833 14704
11840 17228
11841 14867
11843 6533
11848 23787
11859 616
11864 22305
11865 891
11874 7334
11882 21709
11892 16682
11893 30657
11898 24473
11900 8082
11901 19948
11902 10666
11904 12549
11911 23584
11925 14086
11929 24090
11937 21802
11942 12781
11944 22488
11946 1414
11957 16262
11958 28953
11959 20544
11970 23312
11975 26315
11977 30401
11982 1372
11983 22388
11985 18731
11989 17009
11992 5039
11999 29516
12002 21323
12004 10633
12008 10826
12009 11422
12014 16757
12017 17769
12020 13495
12031 31735
12035 32373
12040 31358
12041 10893
12051 17431
12054 22153
12060 28840
12061 18664
12072 2855
12076 22745
12081 8014
12086 25641
12090 17066
12094 31330
12096 15502
12099 7030
12100 27241
12116 32021
12122 4397
12124 2180
12126 15511
12133 22467
12136 9478
12137 14585
12144 27039
12145 13119
12148 20571
12149 3717
12152 8550
12154 14955
12162 27139
12164 8959
12165 11975
12167 2597
12168 21269
12169 15341
12172 4740
12188 6971
12190 23835
12195 7646
12198 28942
12200 30292
12202 23470
12208 12133
12213 1028
12221 29471
12229 12690
12230 7491
12232 22449
12234 3855
12237 11227
12239 16046
12242 13187
12243 11305
12257 8148
12260 15750
12264 5955
12270 27623
12278 28814
12283 2188
12293 31291
12299 1564
12310 54
12314 28721
12316 16165
12326 20639
12330 21017
12331 14984
12342 20107
12344 6375
12345 29197
12350 20401
12355 23843
12362 20400
12363 6800
12365 31759
12368 13301
12370 22505
12371 5433
12384 19756
12385 17723
12389 31651
12391 25901
12397 25259
12408 11589
12409 29275
12414 24716
12423 26749
12425 27977
12427 14595
12437 25440
12438 27249
12451 882
12462 26947
12471 12518
12473 358
12475 27068
12480 5571
12486 30667
12489 3756
12494 18308
12507 3397
12527 30268
12528 30310
12534 14258
12544 9927
12545 20857
12546 31814
12551 27316
12554 18062
12562 28075
12563 320
12564 18628
12567 31042
12572 787
12578 1254
12579 14658
12583 26987
12585 21397
12592 24408
12595 31728
12596 22561
12608 27449
12609 18365
12613 18982
12616 29818
12627 14911
12630 8959
12644 4211
12656 5853
12657 15232
12669 10852
12671 14672
12676 23446
12681 24625
12687 16847
12702 26503
12703 5864
12706 12187
12711 16017
12712 17572
12721 4077
12727 32472
12728 22940
12730 12462
12732 31429
12735 31034
12739 1593
12752 10551
12754 27438
12763 11913
12766 22345
12781 2602
12783 18275
12785 8741
12790 6190
12793 19286
12794 19808
12802 17419
12805 10054
12807 30025
12812 12808
12817 9848
12820 1108
12827 15676
12836 31816
12840 12320
12846 8506
12847 12744
12851 17712
12852 16061
12858 16308
12864 7045
12892 24540
12896 25056
12901 24749
12905 29998
12912 8636
12914 2025
12917 27665
12918 14497
12930 30958
12932 27020
12936 26774
12955 1343
12969 27466
12972 31854
12973 16945
12980 11067
12981 7764
12984 9784
12985 14562
12987 6162
12990 8936
12995 14676
13002 19942
13005 26282
13024 7648
13037 8847
13040 18124
13049 20508
13054 20845
13065 3731
13066 9868
13069 8978
13077 5259
13081 6494
13088 5928
13093 10305
13099 24636
13112 31958
13119 842
13129 29300
13134 19863
13136 25847
13156 1554
13162 11783
13166 27842
13172 27700
13175 4526
13179 14529
13180 17554
13182 28990
13189 24535
13195 23164
13198 5591
13199 31720
13200 16676
13203 21773
13205 28056
13213 16847
13221 26621
13223 22755
13227 6351
13230 508
13234 7523
13250 24237
13253 30460
13257 21962
13266 18175
13271 28761
13281 31247
13282 15012
13302 14010
13305 22006
13311 21730
13325 17324
13328 27509
13334 1617
13337 22739
13341 29744
13345 6037
13351 20680
13363 723
13372 5406
13376 15862
13389 29562
13392 1244
13401 16009
13403 4982
13419 4000
13421 8880
13445 32558
13455 6934
13464 2159
13471 7603
13477 20856
13482 17063
13491 15002
13497 6183
13499 3654
13504 22014
13507 7666
13511 3575
13512 14746
13514 25630
13515 13134
13520 28861
13529 12820
13531 10053
13532 30808
13537 6740
13545 9771
13546 4716
13553 739
13557 5680
13560 30000
13566 10620
13568 8400
13569 18275
13571 24831
13582 30
13586 26167
13605 7771
13607 6501
13608 27563
13615 26840
13618 5736
13627 27144
13635 19827
13636 7519
13642 24995
13647 6463
13664 23334
13665 22713
13666 421
13671 27872
13672 3089
13674 5752
13676 4000
13678 2581
13689 29094
13691 28817
13704 15505
13705 11554
13707 27993
13708 14748
13717 28068
13721 22272
13722 1542
13725 8201
13729 5863
13730 19744
13732 17486
13737 22859
13742 28200
13747 14984
13753 23240
13762 29687
13763 29027
13765 16366
13768 9274
13772 11697
13777 22732
13781 5436
13792 2538
13793 20575
13807 22460
13813 23079
13814 1355
13822 8529
13828 7485
13829 13572
13830 10566
13831 13521
13832 52
13842 29852
13845 3336
13849 23891
13850 3928
13851 3260
13853 735
13859 306
13861 13283
13875 25588
13877 11910
13880 30908
13891 25777
13898 19908
13899 27347
13902 7686
13909 13526
13954 10939
13959 24732
13968 29249
13982 22334
13988 4546
13989 26061
13990 17301
14008 32645
14012 8790
14013 17372
14014 8825
14037 19172
14049 5278
14053 24382
14066 27156
14072 173
14075 31491
14087 26066
14104 24086
14105 1836
14107 31219
14111 7276
14114 24657
14115 10435
14119 1243
14120 1240
14127 18506
14131 3636
14143 11564
14172 12690
14177 15945
14178 13947
14207 26196
14214 27088
14220 9830
14223 8260
14238 18293
14246 25347
14247 19213
14249 27072
14270 30482
14272 22336
14273 14824
14274 28243
14277 22716
14282 12714
14286 17320
14290 13718
14291 18620
14299 22315
14301 22074
14312 2686
14318 8368
14331 14566
14342 31415
14343 2319
14344 7298
14350 26438
14352 24085
14358 19216
14369 16862
14378 28509
14387 29501
14388 21089
14392 11631
14406 25877
14414 20532
14415 12039
14421 517
14422 6111
14431 7828
14440 20037
14442 25236
14443 14427
14446 13405
14454 18691
14455 9496
14460 27640
14462 10435
14465 8881
14468 18672
14477 22052
14478 16363
14482 17943
14492 2387
14493 2680
14502 28829
14511 31827
14514 26890
14518 9874
14519 16605
14529 15414
14531 2676
14534 27144
14537 2859
14542 32521
14546 26548
14558 30934
14560 12175
14565 5714
14576 11296
14580 22525
14581 23150
14585 30968
14594 13308
14599 11748
14600 27710
14602 15622
14605 2066
14609 10373
14610 3100
14613 13519
14616 14173
14617 18647
14620 25453
14622 31244
14628 5603
14629 1490
14633 17621
14637 23186
14641 19639
14646 29267
14653 10687
14658 18786
14659 25178
14663 22046
14664 19207
14666 31208
14668 14099
14671 15567
14672 29910
14679 18381
14680 27702
14681 3051
14685 21743
14687 3988
14688 8014
14690 29862
14691 31696
14697 10945
14701 21782
14703 4120
14716 4907
14717 3877
14720 5678
14723 21056
14729 14809
14738 26081
14745 3741
14748 29805
14751 7173
14763 2962
14765 6056
14780 8492
14787 16700
14788 17382
14794 6313
14797 23654
14801 24623
14806 3746
14816 17815
14818 4925
14819 21477
14826 22950
14832 32394
14838 24242
14840 23660
14852 19008
14855 18835
14856 6478
14870 22314
14876 15998
14877 27393
14883 18792
14884 17920
14885 23427
14886 15525
14890 12929
14895 10873
14910 958
14922 5162
14923 26418
14927 23976
14935 9692
14937 863
14939 9707
14944 1886
14948 25195
14951 30383
14957 5970
14974 8571
14981 32473
14984 26999
14995 10134
15005 13022
15015 18973
15022 8476
15025 16069
15027 8956
15038 21248
15041 10864
15044 30749
15046 17148
15048 20227
15051 23424
15056 24190
15061 26892
15062 15346
15066 12668
15070 21370
15073 23639
15074 29021
15078 5535
15083 31859
15085 11942
15089 24402
15091 25312
15101 17960
15105 13506
15106 15369
15113 4704
15118 3078
15120 13043
15123 19326
15126 24959
15127 29828
15130 27164
15143 1425
15149 15747
15167 21332
15177 3427
15178 5918
15183 6552
15185 27484
15193 6279
15194 20853
15195 243
15196 24014
15198 10566
15199 30944
15200 16755
15201 23855
15207 17747
15209 12381
15212 5749
15225 27796
15227 24833
15228 31939
15231 16588
15244 3737
15246 3067
15248 29664
15253 619
15257 28770
15263 7513
15285 15251
15286 16026
15294 7471
15299 12406
15301 15857
15303 1100
15307 6236
15309 24100
15311 30789
15314 25553
15315 21596
15317 13455
15319 21920
15323 30391
15326 180
15329 10856
15333 11371
15334 30641
15338 20376
15339 1212
15342 6133
15344 5667
15350 27927
15351 11620
15363 20424
15371 4122
15373 27103
15374 32738
15375 30097
15383 22454
15385 31100
15396 30115
15400 23564
15403 6110
15404 16916
15412 27776
15418 24686
15427 25746
15431 24572
15439 7433
15440 16895
15441 6502
15445 4029
15447 26742
15460 31758
15472 30389
15475 27038
15476 14272
15479 12414
15482 23663
15497 32489
15503 20421
15509 10938
15510 1647
15522 20569
15523 13713
15525 3697
15532 3563
15534 9301
15540 8692
15546 21914
15550 13416
15556 9329
15558 7353
15559 16776
15564 11435
15565 15623
15566 7072
15567 20172
15571 2942
15572 8166
15576 8452
15577 5256
15580 30576
15581 26517
15583 28443
15584 19864
15590 24203
15596 32139
15597 2638
15598 11984
15599 12495
15604 9792
15616 28563
15619 2733
15620 3118
15625 18701
15640 20231
15647 20759
15663 10195
15665 21445
15670 21030
15671 16615
15672 12926
15682 17532
15695 22324
15696 5110
15708 14073
15711 13670
15714 23564
15718 779
15721 10840
15726 16334
15727 25967
15728 11327
15732 11014
15736 5062
15740 29464
15741 8990
15743 1719
15744 13539
15748 28072
15750 510
15753 17177
15760 17283
15761 23700
15768 14333
15775 14819
15776 23076
15781 9764
15787 28271
15792 1105
15793 23713
15801 6278
15802 14875
15807 24832
15808 16200
15811 19570
15812 13274
15815 571
15816 19274
15819 16183
15822 31886
15824 29617
15827 27462
15828 18077
15833 925
15836 18826
15837 9174
15838 23
15854 21139
15856 12959
15866 30935
15870 11614
15874 3291
15882 6705
15884 26046
15886 9231
15889 21579
15890 19557
15892 22154
15896 31167
15902 12772
15904 239
15905 26553
15909 25352
15914 30086
15915 18703
15927 19941
15932 14455
15934 12313
15937 21786
15948 29982
15954 6207
15957 24900
15961 13321
15966 14309
15971 18701
15975 11
15986 13213
15997 10874
16000 8903
16001 9745
16014 11454
16019 11501
16021 12106
16022 18248
16029 485
16031 21444
16034 31669
16035 25416
16038 31898
16041 11135
16046 14618
16057 31320
16069 22736
16071 8808
16075 6165
16085 27252
16087 30442
16088 23605
16092 23780
16095 10711
16098 3668
16102 16683
16108 25045
16115 11074
16120 26857
16122 5747
16131 9133
16136 11972
16141 9351
16152 22511
16159 18238
16161 27204
16177 10415
16181 28861
16200 14263
16205 14263
16213 8699
16231 32091
16237 23579
16240 11505
16241 27071
16246 9564
16247 24580
16253 20585
16254 23501
16256 11410
16260 3412
16263 12672
16284 20462
16287 8346
16288 17884
16290 13582
16298 32333
16306 20305
16310 15168
16311 18053
16316 3520
16321 31905
16324 13828
16334 22825
16336 24606
16339 3767
16343 29475
16358 12711
16362 7428
16368 22766
16372 20917
16375 22045
16378 15916
16384 19144
16392 9745
16395 9029
16406 26691
16408 24231
16414 15711
16417 22767
16419 19834
16420 31549
16423 25929
16424 15234
16425 19287
16438 10932
16440 2459
16441 28287
16442 30794
16445 16221
16447 31805
16450 16729
16451 29422
16454 26849
16460 20503
16477 22264
16479 12060
16480 13285
16481 1701
16486 15911
16494 19484
16498 31347
16518 3418
16521 20240
16526 24601
16531 8124
16536 9749
16541 12397
16544 26744
16547 5442
16552 10671
16554 25009
16564 8138
16566 13318
16569 18244
16572 6374
16576 15458
16580 8951
16581 25079
16582 5094
16592 23164
16601 3645
16603 10869
16609 28214
16617 29654
16618 10330
16619 5567
16621 29012
16622 22638
16624 18168
16633 1520
16637 21814
16641 27232
16646 32505
16652 24676
16653 12871
16659 21664
16660 9153
16668 16840
16672 12159
16673 9749
16678 4316
16681 15131
16682 8656
16687 11123
16688 21144
16695 30038
16699 7158
16704 20762
16711 15690
16712 13514
16713 28010
16715 14695
16716 4550
16723 12896
16725 6206
16729 15342
16741 3664
16744 6739
16751 2034
16752 16922
16753 3695
16754 27514
16756 30168
16760 28285
16761 21369
16770 11216
16773 19953
16774 31128
16779 3913
16783 16804
16788 13193
16797 21034
16798 27577
16800 22642
16802 12408
16810 27567
16815 31304
16816 6590
16817 16228
16820 12744
16821 20108
16823 24209
16828 30024
16830 1379
16839 26920
16845 24094
16846 10665
16847 25005
16854 4135
16869 4776
16875 21697
16882 2686
16885 5837
16889 28823
16890 25610
16894 20398
16915 6605
16931 8832
16934 29935
16937 23678
16938 22837
16947 16087
16956 9305
16965 23539
16972 6754
16976 19698
16977 19166
16978 17514
16979 20433
16983 12450
16988 8352
16995 31586
16997 28793
16999 4330
17000 27752
17001 32364
17003 6648
17005 4161
17006 20489
17008 13228
17024 20002
17026 3154
17031 13810
17034 6494
17036 16080
17038 828
17043 16091
17045 18250
17046 15101
17051 3705
17054 26966
17057 12131
17060 24530
17066 22563
17087 12446
17097 22111
17103 1046
17107 4393
17112 5325
17118 15546
17123 14060
17150 1544
17164 29748
17166 17220
17170 6445
17180 4837
17189 16679
17201 16189
17221 3817
17248 15316
17250 27674
17260 21091
17263 14947
17264 25170
17265 31572
17268 17091
17270 25319
17272 11153
17273 8696
17274 24372
17278 19018
17280 4042
17281 18273
17283 27702
17289 25147
17294 15985
17298 24039
17299 19200
17314 11299
17317 8961
17319 26672
17320 21321
17328 24083
17329 17256
17334 4536
17339 16430
17342 1903
17345 9668
17349 3910
17352 871
17353 697
17355 19740
17366 16894
17375 15827
17379 19048
17380 25296
17393 14318
17394 16109
17396 21059
17400 4940
17401 15276
17403 24501
17405 17429
17409 7430
17410 978
17417 31009
17422 32448
17429 18859
17436 3921
17444 2877
17461 16431
17463 9035
17471 16611
17485 10060
17488 22468
17493 21915
17494 2130
17502 30607
17504 13790
17510 15351
17513 5585
17515 23581
17516 28337
17533 31252
17540 14276
17541 8111
17548 8703
17549 32642
17567 30377
17568 27747
17574 27091
17579 10889
17581 26720
17586 19374
17591 23501
17606 28675
17611 12364
17612 11128
17617 22764
17619 20733
17629 6575
17630 3475
17632 29915
17637 5254
17644 30718
17650 4585
17654 13060
17660 16917
17670 21719
17675 31949
17678 26666
17679 28323
17680 24148
17688 1540
17689 19877
17713 14051
17714 19204
17723 26104
17726 12424
17728 21215
17738 28984
17742 31140
17753 17185
17759 7530
17764 17111
17768 1189
17770 5421
17773 24256
17774 25424
17776 10961
17777 16647
17781 31007
17782 6480
17783 2985
17785 26877
17791 5289
17792 15524
17794 29533
17795 17957
17805 6188
17806 25985
17814 18348
17818 9642
17842 10624
17843 2520
17844 8152
17851 13281
17855 18936
17857 18553
17873 31774
17883 18128
17885 17692
17887 32519
17889 28964
17890 17416
17896 25421
17901 9855
17904 13811
17909 23172
17914 14636
17918 29561
17930 3061
17932 28642
17938 19905
17942 12435
17949 27908
17952 11842
17956 19607
17970 30468
17971 23093
17977 17087
17978 8353
17989 25227
17992 28050
17998 11969
18013 22075
18017 26241
18019 32436
18020 31404
18023 20937
18032 5209
18033 407
18034 16660
18035 8732
18037 29941
18050 14604
18059 31138
18060 4420
18064 20026
18067 22542
18068 20684
18074 18270
18079 18832
18083 18969
18084 8149
18089 6703
18111 21773
18114 3066
18119 25869
18124 23993
18131 12400
18133 7347
18135 17029
18137 23413
18142 2468
18150 636
18154 6631
18173 17027
18189 10034
18192 13288
18197 7013
18200 18074
18201 18519
18202 8362
18203 24141
18207 23754
18210 25863
18216 21926
18225 29277
18231 3536
18232 28335
18239 7420
18241 26906
18260 1159
18266 4732
18274 5832
18277 22162
18283 13168
18286 30715
18287 13852
18289 19079
18296 7741
18297 28384
18306 23985
18308 10428
18317 13531
18323 14272
18327 23050
18330 20792
18332 14756
18343 728
18345 29061
18349 15355
18352 11973
18354 8611
18355 8903
18358 7013
18370 9410
18374 20312
18378 13028
18379 13922
18381 27834
18385 15448
18395 4689
18398 12698
18401 22900
18410 29846
18411 28285
18412 20663
18417 25041
18422 23708
18423 21575
18425 15034
18435 4630
18440 31673
18442 10240
18446 29536
18447 12158
18451 28367
18452 9882
18459 11441
18460 16994
18464 21346
18478 22147
18486 23585
18495 29575
18497 14977
18500 20281
18503 16683
18508 13874
18510 339
18517 11192
18523 20138
18526 16389
18538 19855
18539 16220
18541 2500
18558 30482
18564 15575
18574 17753
18586 6659
18593 14375
18608 5736
18612 24109
18616 28572
18618 23093
18619 18824
18623 3012
18624 24258
18628 15531
18633 23669
18638 24776
18640 30295
18647 11811
18648 6180
18649 30827
18653 14350
18654 1599
18657 26513
18663 30485
18665 28846
18666 30494
18676 26532
18677 20181
18678 29271
18683 1838
18686 18653
18687 6417
18688 18497
18690 14616
18693 28022
18699 14959
18702 6712
18703 23257
18708 8351
18709 30837
18713 9708
18716 31147
18721 13227
18722 8774
18724 18443
18725 11077
18730 11384
18732 15581
18734 16395
18736 15758
18740 22501
18741 26146
18758 5317
18766 834
18767 32565
18777 26049
18785 8679
18788 12322
18796 15688
18803 25886
18811 10300
18835 20134
18843 3715
18846 6410
18873 27851
18879 10941
18881 27176
18885 24114
18893 1554
18895 7166
18896 17830
18898 12710
18900 19659
18901 6518
18903 23204
18905 22548
18909 2560
18913 6759
18914 6622
18934 2367
18939 6094
18951 10150
18954 20656
18958 2939
18961 32745
18966 27060
18971 5126
18972 14369
18973 6487
18982 18268
18983 27926
18991 3927
18994 15111
18997 11795
19004 14873
19012 29573
19016 28448
19020 10399
19029 12292
19034 3628
19044 5356
19046 3868
19047 8105
19051 3754
19053 32129
19055 13425
19057 26716
19061 26035
19066 13236
19071 4027
19080 2635
19083 8458
19087 32709
19098 3648
19104 5225
19111 7386
19112 28435
19114 2748
19123 24190
19125 6064
19127 18111
19129 23277
19133 15421
19135 8705
19136 6445
19155 18183
19158 20985
19189 2061
19203 22599
19214 21257
19216 28276
19218 20478
19227 10327
19228 4281
19234 5400
19237 3021
19241 4277
19242 29351
19244 14593
19249 17803
19267 9437
19269 14322
19272 32258
19276 22619
19282 11674
19286 22144
19288 13971
19289 8617
19297 23454
19302 27961
19304 15100
19305 14944
19310 19438
19314 16075
19315 18609
19322 8758
19325 6674
19328 7411
19330 26370
19332 21911
19341 28457
19343 2885
19352 19759
19359 2493
19363 9121
19368 30641
19370 23639
19373 12536
19377 31774
19378 6692
19380 22812
19387 32249
19397 28540
19399 8640
19402 13557
19403 18283
19410 25738
19411 1025
19416 27291
19418 22875
19421 27820
19425 29493
19430 816
19431 27785
19437 16488
19442 27643
19446 30378
19451 831
19457 10815
19459 8460
19468 29171
19470 3808
19474 22178
19476 16703
19478 22643
19479 25887
19489 10425
19490 14769
19505 22516
19506 8636
19524 27432
19528 28660
19531 3134
19533 7062
19545 10637
19553 20650
19556 16695
19558 6392
19559 6721
19564 5851
19569 9105
19575 11640
19577 4928
19580 21696
19584 29002
19586 9181
19591 27895
19594 15364
19597 12225
19598 32288
19599 32656
19603 20238
19604 9848
19606 31187
19607 4388
19608 9078
19614 19176
19616 1425
19622 11266
19632 23092
19640 5609
19650 2222
19653 13527
19660 22584
19662 26242
19667 8368
19671 11796
19683 9024
19684 16301
19688 29541
19690 25327
19691 31547
19692 17355
19695 8777
19699 13869
19700 10225
19701 19022
19703 8502
19717 29503
19721 9847
19722 5264
19725 677
19726 6581
19732 23028
19743 23854
19745 1936
19747 14440
19748 32055
19750 1532
19753 20875
19757 1095
19764 27818
19766 21987
19775 15991
19782 7761
19784 26848
19788 26458
19792 17531
19798 27342
19800 26203
19806 27251
19814 25831
19817 29840
19822 5672
19824 31646
19825 30839
19832 21373
19843 27039
19847 3649
19850 8731
19856 12299
19861 19032
19865 691
19866 20639
19868 3914
19875 9020
19878 16636
19879 6716
19884 19688
19899 8058
19903 3258
19909 22040
19913 1976
19918 6892
19923 19011
19929 19120
19935 8032
19937 28323
19941 27438
19948 8156
19951 24495
19969 20562
19975 19930
19983 6319
19999 10067
20009 30418
20013 7095
20014 5334
20015 31366
20018 19341
20019 24095
20023 6998
20032 15264
20034 24162
20035 32069
20037 28460
20038 32594
20040 24877
20044 32622
20045 18142
20058 2113
20059 22358
20060 17690
20062 13913
20067 18303
20074 9541
20075 32656
20084 11423
20085 5178
20086 15771
20089 31020
20095 24250
20099 18494
20103 11909
20105 15556
20106 9196
20113 31735
20115 5504
20116 3437
20120 10408
20125 11493
20127 4451
20128 27577
20130 10084
20135 7434
20140 3692
20149 10966
20154 6205
20155 21518
20159 4068
20161 24902
20164 11393
20173 14423
20174 7648
20179 20469
20182 9865
20183 11770
20184 16567
20187 30557
20190 11270
20195 18978
20196 4687
20206 17507
20208 28576
20215 3038
20223 7660
20229 15442
20233 25738
20235 2258
20239 31077
20250 29437
20251 13054
20254 17340
20257 15730
20260 23065
20263 19422
20272 23937
20277 18886
20281 25401
20289 23932
20291 17071
20293 1320
20294 24363
20300 21443
20321 15961
20325 13656
20338 1345
20340 24948
20341 1442
20343 27027
20353 16979
20358 5524
20361 7206
20363 5627
20365 27338
20371 10734
20372 4371
20383 10405
20387 26887
20395 4158
20434 7211
20442 30128
20444 15362
20451 3051
20463 21623
20474 18412
20478 203
20481 31890
20490 15157
20491 2230
20501 13093
20504 25012
20514 10184
20516 3253
20519 6049
20525 21384
20526 1092
20530 22608
20531 28261
20540 24276
20557 27948
20558 10628
20560 21493
20561 5380
20566 31733
20568 24004
20575 8580
20576 32697
20594 29088
20596 4746
20598 15962
20600 30466
20605 19747
20607 27268
20608 4983
20614 7267
20623 8189
20624 5911
20625 16494
20627 17756
20636 3588
20637 12600
20639 3893
20642 23505
20648 15617
20650 2763
20655 30875
20661 10026
20675 11793
20677 22440
20680 16096
20687 26582
20689 22766
20704 19484
20705 11786
20711 22714
20712 5710
20718 16173
20726 16526
20727 19449
20731 12734
20733 21807
20734 24129
20737 5662
20741 10090
20742 19214
20758 14348
20761 7483
20768 15359
20769 31142
20771 20863
20775 9435
20790 17665
20791 13668
20820 19681
20821 15085
20825 22501
20833 1649
20835 18472
20841 17537
20842 26369
20845 12694
20847 12563
20849 20248
20850 4527
20861 10731
20867 31944
20868 30823
20870 1649
20872 783
20876 30553
20888 3486
20891 4921
20897 15869
20898 24408
20915 6887
20922 27628
20936 30432
20951 23382
20953 27931
20958 25943
20959 28520
20964 4309
20972 29281
20974 1726
20986 19787
20989 9213
20990 19401
20996 4196
21000 28820
21010 16030
21014 25467
21015 1896
21021 4269
21023 15581
21033 28094
21036 15874
21041 14309
21043 20967
21048 20059
21059 25603
21060 15644
21066 19887
21078 23140
21082 32251
21086 2389
21088 4374
21094 29554
21101 32052
21102 4591
21103 9874
21106 375
21112 16583
21118 29534
21119 23921
21128 28610
21134 11456
21147 28826
21156 9135
21163 4054
21168 10784
21172 8812
21175 28492
21179 15740
21194 23399
21197 13554
21209 20379
21218 8279
21225 1810
21231 10108
21235 23019
21236 22636
21238 26808
21239 31447
21242 9714
21243 4890
21244 6953
21257 30304
21258 2360
21267 24258
21270 11305
21276 18099
21279 4689
21281 19352
21286 11514
21287 31380
21293 4261
21310 22584
21318 3079
21321 30738
21338 23869
21342 3432
21354 10231
21363 20377
21376 6362
21380 20376
21385 1435
21386 9557
21389 394
21390 11140
21404 7812
21411 785
21419 9457
21424 4717
21427 5484
21437 6306
21441 14150
21445 16986
21447 17092
21453 16367
21455 18189
21458 4320
21459 111
21460 22824
21463 24013
21464 30985
21466 19347
21471 20873
21472 25131
21473 4434
21478 21935
21481 24537
21482 19487
21488 30828
21490 30823
21503 28989
21504 14556
21506 8700
21507 783
21513 17097
21524 29059
21528 4770
21542 14007
21546 9711
21547 16870
21549 1020
21551 25929
21560 6482
21568 14880
21572 15992
21590 6583
21596 14127
21605 7678
21610 8388
21613 18646
21614 5182
21616 10233
21619 17532
21620 12972
21631 19077
21638 2236
21639 12779
21641 5984
21644 20922
21646 3001
21651 1779
21658 8054
21667 18235
21668 22863
21676 25057
21677 1043
21681 7250
21682 12768
21683 30541
21688 32321
21693 26549
21695 23108
21698 6956
21702 10759
21708 18152
21711 21063
21713 23430
21714 25979
21721 7326
21724 31699
21727 27445
21730 22465
21734 11812
21742 28226
21743 3009
21745 1849
21746 21227
21766 14499
21768 303
21770 23180
21774 30151
21778 2898
21780 9862
21788 3289
21793 21680
21796 7597
21799 3767
21803 17105
21807 22893
21808 6016
21810 28887
21815 309
21817 14226
21818 21375
21820 28753
21831 29606
21832 23367
21834 22299
21842 14938
21843 20257
21847 30990
21849 27089
21857 32433
21871 30100
21874 16569
21875 15580
21880 3152
21884 11952
21893 14385
21901 970
21902 14928
21906 20535
21909 30105
21912 12472
21918 17385
21922 4425
21930 21999
21937 23717
21945 23185
21946 23186
21948 22535
21950 4642
21952 6207
21957 21764
21961 27637
21966 16530
21977 11830
21982 29283
21987 6608
21988 31504
21991 9459
22002 29041
22008 9358
22009 10352
22011 3087
22038 26385
22039 17940
22042 17667
22047 14029
22074 23798
22075 6082
22078 11552
22079 1948
22084 9949
22100 20846
22106 3706
22107 21218
22115 15875
22124 5129
22125 21472
22129 19792
22130 13225
22136 9890
22149 9436
22150 1624
22156 20772
22158 13452
22161 508
22165 9967
22171 5534
22173 18881
22175 12970
22191 17266
22206 21992
22209 20395
22214 1630
22239 32575
22241 31935
22245 27402
22253 11713
22255 25511
22259 25546
22261 24008
22263 2527
22269 13266
22271 30417
22277 27219
22279 2742
22291 5552
22292 28966
22296 8263
22297 14588
22303 22549
22306 2205
22307 31527
22309 12277
22310 18956
22323 28419
22326 24392
22327 16664
22330 2844
22332 14303
22338 16199
22345 32561
22348 4272
22351 24735
22354 23205
22355 29760
22356 32558
22357 6174
22362 7235
22379 10458
22382 31949
22383 30917
22404 9479
22409 15583
22414 25350
22419 21603
22422 32430
22430 23665
22431 28914
22437 22249
22439 31789
22444 2970
22446 5514
22448 28303
22463 20961
22468 813
22469 7267
22476 14075
22482 11614
22486 24723
22487 11374
22494 755
22495 9151
22497 16963
22498 2962
22504 24879
22505 19728
22508 1799
22518 5501
22520 6462
22529 2520
22530 68
22533 31874
22541 29270
22550 10183
22553 20620
22558 19662
22559 5764
22565 26568
22576 2613
22582 27072
22586 14223
22596 10040
22597 19378
22604 7299
22605 5767
22615 13243
22617 13939
22623 31859
22627 25671
22630 5838
22632 31250
22641 7319
22657 6740
22662 8361
22664 20705
22666 24987
22668 9579
22690 23720
22701 31514
22703 7871
22706 20990
22721 29615
22732 2052
22735 13649
22736 22800
22756 16202
22759 5246
22765 16808
22770 16609
22780 17680
22789 16995
22792 17770
22793 31598
22794 13035
22796 32449
22801 7018
22809 2932
22816 19210
22824 9222
22827 723
22828 16030
22830 28757
22831 16185
22837 8891
22838 30702
22840 25759
22849 24456
22850 4651
22851 16396
22856 9285
22861 20837
22862 11832
22872 30018
22884 11142
22886 4528
22888 16798
22889 14650
22900 14555
22903 500
22911 31790
22915 12148
22921 5474
22923 7551
22926 22558
22931 31118
22933 7451
22937 25557
22972 31797
22981 9730
22990 15755
22999 29210
23002 8519
23004 12030
23009 19033
23010 6371
23016 23779
23024 22789
23029 28617
23030 28253
23032 6243
23033 21779
23043 11762
23048 15694
23050 19377
23052 12342
23059 13090
23060 4401
23066 24095
23069 6077
23072 24873
23076 5089
23080 24284
23087 4229
23095 3468
23097 28754
23108 21951
23109 12524
23119 6157
23120 25893
23136 2000
23139 14523
23141 29182
23143 28275
23144 4417
23152 21140
23153 28044
23154 30200
23155 7544
23157 13743
23167 27355
23172 23111
23189 27787
23191 19576
23198 3006
23201 16398
23214 12530
23235 11950
23240 20800
23241 24954
23255 17484
23257 16185
23258 29228
23259 10825
23263 11434
23270 3449
23273 3247
23293 14228
23296 18225
23297 28583
23298 30909
23310 29337
23315 30401
23320 17969
23325 25348
23332 12975
23338 23763
23340 3884
23342 27384
23346 6461
23350 7067
23352 1301
23361 20455
23362 27448
23370 32500
23377 30563
23383 12660
23392 7445
23395 20925
23396 25021
23405 12748
23415 17170
23419 13895
23428 19453
23434 21647
23438 10691
23441 8010
23447 16974
23456 10324
23457 13304
23460 1961
23461 20785
23466 2130
23476 18067
23482 24138
23487 13956
23492 3366
23496 6567
23498 14668
23504 2016
23508 6997
23509 10961
23518 23277
23519 22270
23521 23980
23525 114
23527 3972
23531 2957
23537 7937
23546 25463
23555 12284
23560 25645
23565 23772
23574 23547
23580 24397
23589 13167
23592 13095
23607 23660
23609 15591
23610 5739
23619 5122
23627 3605
23632 9648
23637 14173
23639 7500
23649 9202
23650 20583
23651 15830
23657 9121
23669 19949
23675 14643
23690 22114
23691 13127
23697 369
23712 6469
23722 22150
23724 32749
23740 11578
23748 1252
23758 14939
23772 26364
23789 2263
23796 14969
23799 4568
23800 27510
23819 16813
23821 26568
23823 21515
23827 29124
23836 20822
23847 13104
23850 29007
23856 6590
23861 1758
23871 14323
23872 5217
23879 15844
23894 12948
23897 30467
23905 31731
23906 16777
23907 29246
23909 20387
23912 29882
23922 11496
23926 32590
23931 13428
23938 416
23948 27102
23950 2099
23953 24725
23958 18344
23967 17145
23969 69
23974 5018
23977 791
23982 16567
23989 6830
23998 19439
23999 27438
24003 10684
24004 16796
24005 14016
24008 24901
24011 1235
24018 16045
24027 8161
24030 25506
24033 6054
24034 16630
24043 12914
24049 10357
24062 23231
24066 23374
24071 7812
24072 23568
24077 6493
24081 27274
24082 31292
24086 1657
24087 10999
24091 23065
24093 15510
24109 26446
24118 28712
24119 32764
24123 25460
24126 2334
24131 4284
24150 1179
24161 23658
24171 11712
24173 16847
24174 14548
24190 9069
24198 7387
24206 17219
24207 15535
24209 22378
24217 29414
24221 22839
24227 23655
24229 1677
24230 11194
24232 1816
24233 9075
24236 30831
24248 6532
24249 15122
24250 26721
24254 10336
24262 3092
24263 24484
24265 24553
24269 11179
24273 24076
24284 9176
24291 14187
24297 13990
24305 12470
24308 14761
24315 20576
24317 6254
24319 8520
24321 23735
24329 32323
24333 25809
24336 32691
24341 14856
24349 14302
24356 1959
24357 20961
24363 28074
24366 25362
24374 16779
24377 14501
24398 28154
24401 9049
24404 10707
24405 10277
24408 12133
24409 18620
24410 18204
24413 13460
24414 13029
24431 1641
24446 11161
24456 1119
24457 27381
24465 14269
24476 17770
24481 14001
24491 23929
24492 5285
24496 10992
24499 27160
24505 24788
24508 30604
24510 27109
24512 9298
24514 11640
24525 30507
24527 20207
24530 6027
24534 20503
24544 1526
24563 32593
24565 8001
24568 9746
24569 21919
24580 10384
24585 31020
24592 28485
24605 4353
24607 11450
24617 8157
24618 6903
24640 4536
24642 30682
24648 25052
24652 24251
24655 10725
24657 23298
24681 15869
24684 11155
24693 26240
24699 29293
24714 14901
24721 29011
24722 18133
24723 19217
24729 29440
24739 2798
24741 13316
24754 18088
24760 8078
24763 23307
24766 26386
24767 9304
24769 18164
24773 22234
24779 22506
24782 27684
24783 6877
24784 32321
24788 7425
24790 2064
24791 31900
24792 2095
24793 3944
24794 5560
24798 25401
24807 32444
24813 9738
24818 26930
24826 24112
24834 24049
24840 29484
24845 184
24847 19534
24852 29617
24862 31140
24864 26319
24869 16332
24875 26398
24879 6515
24884 10227
24885 21536
24886 25544
24894 8277
24895 31098
24898 28505
24899 17325
24901 20261
24916 2022
24919 31553
24921 18543
24925 27895
24926 27563
24931 12833
24934 2721
24937 23649
24940 25292
24947 15845
24951 17379
24952 11968
24956 18130
24960 23978
24962 23142
24975 10730
24977 26492
24979 13689
24982 7293
24983 24259
24985 22317
24986 21104
24987 16929
25005 32287
25012 14473
25017 29801
25018 31732
25021 18750
25025 23253
25026 12607
25030 7559
25041 30813
25059 24617
25064 24296
25065 19647
25067 18504
25071 29332
25081 28759
25087 16561
25088 7022
25089 6501
25091 24016
25092 526
25095 13354
25098 13503
25101 869
25106 27704
25119 31786
25122 5932
25127 16705
25129 14379
25133 15993
25134 28827
25136 9488
25143 2432
25147 2827
25151 7243
25154 28048
25156 29006
25157 9613
25182 2697
25186 16656
25187 21583
25188 19359
25191 18608
25192 23226
25196 3284
25197 21716
25204 1934
25205 3192
25226 7901
25228 21185
25233 21093
25236 20795
25239 27542
25243 11483
25244 14898
25249 30790
25254 22468
25261 14408
25270 18213
25274 22178
25283 23055
25287 26568
25288 32526
25296 31141
25297 18182
25298 1690
25300 6936
25310 11680
25311 29282
25315 30823
25316 8261
25319 32181
25331 7127
25337 3254
25346 30561
25347 9137
25356 20873
25364 8267
25367 3900
25373 32620
25374 27949
25383 4671
25386 21705
25388 10771
25392 30413
25400 18777
25401 1820
25402 4114
25403 16893
25407 32281
25415 20525
25425 4084
25427 22521
25435 24854
25438 6726
25441 7333
25442 11722
25444 14742
25447 3021
25450 10580
25456 1524
25475 773
25481 4929
25482 6089
25483 29260
25486 30655
25487 11572
25488 3540
25499 18787
25505 17935
25507 9019
25511 31755
25516 234
25522 30462
25540 29903
25541 25122
25546 3611
25551 2735
25552 15275
25555 26721
25556 14085
25562 14573
25565 17248
25576 22625
25593 13430
25594 24411
25603 20424
25608 12008
25609 6978
25610 10852
25612 29185
25615 20315
25617 748
25623 25670
25625 1299
25628 2079
25633 17619
25636 19174
25644 24828
25645 22437
25652 19765
25654 31399
25655 19274
25661 32722
25684 8754
25694 28678
25696 13866
25698 9581
25700 13510
25702 5986
25703 5329
25704 31588
25707 13882
25714 27565
25715 29892
25716 27209
25720 3563
25743 21980
25749 11910
25751 22951
25767 17592
25772 28163
25785 21831
25787 14028
25789 9587
25791 27572
25795 32253
25802 5290
25806 4223
25811 19653
25820 10277
25824 32370
25835 28186
25847 18597
25848 18496
25853 32487
25854 22802
25859 28199
25861 12079
25868 26498
25876 13573
25878 11271
25881 21541
25895 12214
25896 30395
25898 7339
25900 21355
25907 7410
25909 8831
25915 21634
25920 25800
25921 21278
25924 7859
25925 3640
25927 16208
25930 31054
25931 8553
25941 30
25950 20407
25951 14364
25953 8940
25955 843
25956 9338
25963 31624
25970 16546
25975 5738
25979 12538
25980 13342
25984 21294
25987 3765
25993 5981
25995 30180
25996 24338
26006 7457
26010 32362
26011 839
26024 7083
26025 27117
26029 15933
26030 4313
26031 18847
26032 20375
26036 19231
26044 17487
26046 32426
26047 3786
26048 13046
26049 28992
26067 1625
26070 18351
26087 19552
26088 2081
26108 5680
26112 9814
26116 4831
26123 30944
26128 19173
26131 637
26133 16559
26135 30279
26137 26568
26150 22489
26151 23811
26152 8437
26153 20639
26174 11054
26177 1585
26183 31328
26188 14691
26201 31980
26207 14287
26211 6863
26214 22082
26226 24656
26227 20969
26240 6110
26246 11054
26247 27513
26250 3358
26254 28814
26258 29131
26261 2451
26280 17878
26281 6691
26282 8567
26285 3987
26291 6864
26294 10459
26306 1743
26311 27707
26314 27418
26317 12129
26322 21870
26325 12840
26330 2587
26334 30525
26345 10318
26348 15541
26349 21691
26355 30511
26357 15002
26360 10888
26373 30119
26377 30725
26384 28419
26387 6560
26391 694
26392 30547
26398 18098
26400 2284
26403 27076
26416 10648
26428 30018
26440 28749
26444 19376
26449 13485
26455 19535
26458 5903
26460 17081
26479 16244
26484 18900
26487 8960
26505 6700
26511 14410
26521 22784
26525 24897
26527 25500
26530 6468
26533 17263
26535 10071
26539 18563
26555 18318
26560 32241
26563 14701
26564 28451
26567 11079
26568 29213
26572 13627
26577 22512
26590 2543
26593 4355
26599 24500
26619 7666
26630 17920
26640 3009
26644 22309
26648 20811
26657 27935
26662 2138
26663 28710
26664 7169
26667 12034
26672 514
26673 15369
26676 3211
26685 1335
26691 4325
26698 6523
26718 2108
26720 27994
26721 17359
26734 3504
26738 9208
26739 17783
26762 25709
26766 20099
26769 2690
26772 27425
26773 15201
26776 1490
26779 8866
26793 13772
26798 3719
26799 8993
26801 9729
26804 14851
26805 20123
26814 16460
26815 29206
26825 15906
26826 2813
26830 13866
26832 7643
26841 17328
26843 26490
26844 25428
26845 20177
26847 24495
26848 12962
26863 2682
26865 2707
26872 29717
26878 4644
26879 5534
26889 6111
26897 21878
26898 10442
26899 2688
26900 20974
26908 27807
26914 22578
26924 30961
26925 24682
26926 15510
26931 16843
26932 30380
26935 7397
26945 21125
26946 20163
26957 1953
26958 13727
26963 15141
26964 14801
26966 6992
26974 8038
26975 14298
26977 3307
26978 309
26982 13603
26985 6357
27002 9902
27003 8418
27007 12462
27008 9898
27009 5044
27016 18324
27020 24151
27028 12551
27030 28926
27034 5395
27035 19324
27036 32095
27037 20523
27042 31343
27044 31551
27045 32441
27047 18035
27048 32684
27049 5015
27069 12156
27070 29889
27073 30499
27080 17358
27085 2213
27086 17582
27089 30665
27093 12229
27106 6531
27108 5632
27112 21567
27124 19886
27132 31994
27135 12638
27150 3625
27151 13669
27155 18983
27157 8850
27161 15606
27167 20866
27169 6730
27171 611
27175 951
27181 32224
27201 24717
27202 11327
27210 1203
27216 29937
27220 13857
27221 31214
27227 10087
27229 25106
27231 27383
27232 13276
27234 8468
27237 26112
27259 6219
27264 24400
27269 19340
27270 28610
27271 9602
27274 25772
27280 12882
27286 2495
27289 19605
27292 3875
27302 25194
27305 8258
27309 25061
27311 23546
27314 24501
27334 3892
27339 4827
27352 10504
27357 16158
27365 7811
27366 15386
27369 6731
27374 29913
27378 7253
27390 8012
27394 7088
27400 8665
27411 21947
27419 20619
27421 5507
27429 14651
27430 22350
27431 23327
27432 5340
27437 12800
27439 126
27447 25759
27451 32487
27458 9175
27466 9721
27468 17741
27477 6873
27488 8942
27493 29827
27497 10357
27498 24524
27502 6293
27504 17459
27505 6801
27517 22462
27521 25484
27538 1090
27539 8359
27543 31452
27549 21592
27552 29549
27562 28027
27567 11985
27569 17458
27575 1312
27587 18198
27604 31642
27606 11174
27607 6095
27613 7948
27621 13383
27630 20127
27634 11293
27636 28771
27644 18036
27651 2226
27652 29675
27654 9292
27657 20692
27661 631
27662 22357
27666 15486
27683 28442
27686 3897
27691 25782
27693 21453
27697 29400
27699 17286
27702 17886
27707 10344
27711 3048
27733 30109
27735 1106
27738 26311
27740 11821
27744 7371
27745 29366
27751 242
27753 13748
27767 21927
27778 29543
27790 3584
27792 30697
27796 16199
27800 7994
27801 1041
27807 32022
27810 17590
27811 10842
27828 4448
27829 20933
27832 20235
27834 8912
27835 3837
27838 835
27839 57
27840 7583
27853 2856
27856 4940
27857 32596
27861 10557
27865 9259
27867 770
27879 8902
27881 22297
27883 1679
27896 10307
27902 21909
27904 3223
27905 30494
27907 18566
27916 19040
27926 17887
27928 14079
27931 1164
27932 17461
27947 28024
27948 14105
27952 4555
27959 16892
27964 32215
27980 25614
27982 28154
27983 14994
27993 16822
28008 15396
28010 21572
28017 3828
28019 29900
28025 29216
28029 23567
28033 16120
28035 8741
28049 23447
28050 13395
28051 2887
28058 9231
28067 30242
28070 30555
28082 29138
28084 16440
28090 28987
28108 187
28119 7381
28121 1960
28124 14671
28127 237
28132 21162
28138 9117
28145 833
28146 15720
28151 14662
28154 11065
28156 16623
28159 21666
28174 31483
28176 27455
28179 3831
28182 29117
28183 6392
28184 3779
28193 1390
28197 26211
28206 31307
28207 12170
28210 20157
28217 10294
28224 5364
28231 16082
28236 7495
28248 11732
28252 32602
28253 18675
28255 16171
28267 15503
28281 21762
28282 17827
28296 16995
28300 14865
28304 11295
28305 29177
28306 13113
28317 17896
28319 3840
28320 30282
28326 31980
28338 26184
28340 19380
28344 20403
28346 30324
28347 1802
28357 6889
28362 11806
28366 27070
28389 14679
28403 25697
28408 6124
28409 21546
28416 5617
28421 10665
28431 2252
28436 16542
28461 4052
28462 22810
28466 4890
28469 20187
28473 3340
28477 17348
28484 1474
28496 26695
28498 229
28500 4629
28501 8932
28512 12616
28513 30806
28514 14062
28517 18705
28518 30094
28523 11260
28534 17459
28540 21253
28544 32728
28547 2565
28548 25230
28583 9397
28584 21725
28595 19626
28596 25095
28600 8707
28606 7413
28623 7161
28624 8471
28625 23063
28633 14150
28638 21537
28653 21524
28657 2509
28661 13602
28666 14463
28667 3757
28671 258
28672 5334
28673 29812
28678 31878
28687 2250
28692 11917
28702 28725
28709 20892
28710 19077
28717 9477
28724 6471
28726 15292
28730 1439
28732 24874
28738 14795
28748 12331
28767 10256
28768 31311
28769 32610
28772 24468
28774 30335
28778 17132
28779 14690
28780 15295
28783 27648
28789 28295
28790 17057
28792 1841
28795 1673
28797 18250
28801 30831
28802 694
28814 27098
28816 22183
28819 8861
28829 23583
28831 18362
28837 12281
28840 32662
28843 6744
28851 5804
28859 16353
28865 9277
28869 12022
28870 11917
28871 8532
28878 15873
28881 25337
28885 21749
28887 16122
28891 15872
28894 17974
28896 11157
28897 24757
28898 19848
28910 24127
28918 15211
28937 17881
28940 23458
28951 24086
28959 27392
28962 17321
28968 17202
28969 23151
28975 829
28984 3668
28986 7155
28990 2777
28994 385
29003 113
29006 1079
29007 9366
29010 24730
29013 18461
29016 18011
29017 31315
29021 11150
29022 6078
29024 16060
29025 9498
29031 26404
29036 2449
29038 29107
29041 2829
29043 30883
29044 16311
29045 18263
29050 6542
29054 4970
29057 14537
29060 9451
29077 4542
29078 10487
29095 18487
29104 5313
29110 20281
29114 32612
29115 16226
29117 20999
29118 20838
29145 22113
29149 6291
29150 5470
29151 1258
29156 25143
29157 6535
29163 28113
29171 2247
29180 31129
29185 16535
29186 14013
29188 24616
29193 9938
29205 2091
29207 26108
29215 23077
29227 10827
29238 8905
29240 16419
29245 7827
29251 7242
29253 1785
29265 25039
29266 23229
29278 17890
29284 14476
29299 7567
29305 2837
29306 23162
29310 1572
29314 2455
29318 16043
29319 27467
29324 32310
29330 21360
29340 20666
29341 29252
29343 30541
29347 24310
29348 27281
29349 7830
29352 31806
29354 21565
29359 28603
29363 31371
29386 22673
29400 17663
29408 1305
29411 10405
29416 26025
29430 2148
29431 20961
29434 1939
29438 3729
29442 619
29449 11521
29451 15687
29453 21396
29461 28742
29465 12669
29469 14721
29476 31882
29479 11837
29488 28272
29492 13211
29495 9853
29506 19978
29507 5153
29513 3765
29517 17293
29521 2180
29532 21689
29533 20078
29534 5267
29539 25398
29553 25682
29562 23724
29564 10556
29572 11616
29615 29335
29616 27147
29622 27257
29623 21067
29628 2704
29635 1543
29641 1012
29649 8852
29654 27531
29655 18023
29658 20102
29661 30301
29663 23024
29670 9525
29672 25646
29673 30210
29675 20021
29687 25466
29688 3066
29690 28334
29691 2314
29692 17167
29699 22013
29702 10361
29707 6349
29715 19228
29725 4572
29732 10388
29738 29043
29741 11185
29743 30796
29744 5602
29748 29810
29751 30101
29754 17620
29757 27160
29769 24714
29771 24099
29786 24205
29791 21195
29792 31085
29798 26527
29809 19079
29810 5463
29816 15818
29820 5629
29823 32316
29833 19839
29845 9178
29846 6158
29848 30887
29849 18361
29853 12143
29854 23060
29855 10055
29861 4991
29865 28392
29867 31382
29868 18091
29877 16704
29883 11793
29887 24661
29900 5304
29908 30059
29909 5408
29911 10060
29922 24183
29925 5468
29926 14695
29929 12773
29936 8004
29942 25875
29945 5343
29947 15907
29954 21635
29955 6356
29957 9143
29958 15973
29959 28267
29973 10896
29976 2313
29979 10236
29994 24772
30000 32092
30003 2305
30007 30620
30012 15918
30013 26623
30017 29839
30021 8334
30027 26995
30041 26428
30056 26796
30057 14263
30062 23201
30067 8374
30075 17919
30076 28297
30082 20070
30084 27089
30097 2482
30098 21558
30104 640
30110 18829
30113 11547
30119 2630
30123 10947
30124 25635
30138 25288
30143 28873
30144 30714
30145 27507
30147 16705
30149 19377
30152 13631
30156 11915
30158 15944
30159 9435
30164 19081
30167 20781
30170 32117
30173 21615
30179 8711
30180 7028
30182 8546
30183 12141
30196 25871
30197 31863
30202 17245
30207 17043
30217 2990
30235 17871
30237 11050
30244 27079
30247 18712
30257 14511
30258 3098
30260 5798
30262 13055
30272 4557
30282 15839
30292 11181
30293 944
30297 876
30304 7855
30311 15762
30312 25190
30313 28111
30317 21447
30318 18341
30322 7806
30324 25809
30329 8928
30334 15884
30339 2061
30345 713
30349 14978
30352 1996
30355 10142
30360 13665
30361 411
30368 10101
30369 19085
30370 17558
30372 4269
30373 834
30377 4179
30383 6269
30393 7996
30400 29163
30403 21436
30415 28829
30420 8491
30422 27372
30424 21363
30429 18446
30433 4454
30440 27257
30455 22721
30463 27573
30472 3875
30492 21674
30493 22531
30497 2609
30498 27711
30503 12197
30507 11562
30511 24829
30513 22801
30514 12520
30517 29560
30520 10025
30528 32752
30530 3189
30533 27153
30534 25933
30537 20399
30540 26554
30541 17991
30542 27837
30543 25391
30549 20470
30551 27623
30558 1659
30559 20284
30561 18210
30562 8660
30566 21559
30569 9402
30571 11142
30577 21885
30592 30619
30595 21776
30596 28639
30607 18239
30610 20805
30615 12643
30616 10659
30619 11793
30624 17429
30627 1794
30628 18746
30636 11643
30641 19350
30642 30231
30650 23077
30653 24954
30657 9232
30663 10100
30673 21768
30674 14769
30676 24388
30677 19039
30682 11375
30689 26183
30697 31723
30699 8087
30707 28125
30720 23439
30723 11132
30740 8424
30746 13729
30750 5754
30753 1639
30755 12295
30758 150
30779 6561
30783 16789
30785 2114
30787 15642
30790 31024
30792 12449
30797 4649
30799 15953
30804 24739
30807 12922
30810 4661
30816 18704
30819 2091
30822 30793
30831 7016
30832 2952
30834 14354
30836 18412
30837 10319
30838 26257
30839 17074
30843 18901
30844 539
30845 24519
30853 10604
30854 18569
30864 8668
30878 12480
30883 9900
30884 21424
30887 28753
30890 27755
30892 7365
30893 11697
30896 4312
30897 1629
30907 7259
30908 18401
30911 12369
30912 22674
30917 695
30922 18646
30927 20677
30928 18914
30942 28040
30951 25756
30956 7344
30958 32390
30959 15357
30962 32685
30971 10495
30973 30158
30976 1630
30981 26634
30982 32024
30993 10300
30995 16423
31000 5830
31004 30171
31009 2194
31013 30411
31014 971
31015 6558
31017 23796
31025 3152
31026 29860
31030 15502
31034 15122
31051 31814
31052 14471
31057 28317
31069 3458
31080 16608
31084 16326
31085 28129
31110 32552
31113 21319
31116 18495
31121 30858
31130 16445
31131 6582
31132 25
31136 9263
31140 15276
31144 28763
31155 10562
31167 8818
31172 10760
31175 9739
31176 20670
31178 20261
31191 321
31197 1585
31198 7372
31205 2045
31207 28835
31211 16859
31215 2749
31238 3953
31240 13357
31246 22508
31247 15779
31259 30446
31261 21220
31269 12982
31278 11576
31284 16675
31290 12882
31291 19484
31293 709
31299 26832
31300 6767
31301 8178
31308 19107
31313 20705
31314 11048
31316 8304
31322 20092
31333 25728
31337 29483
31341 25310
31342 19104
31347 22928
31353 4509
31356 30453
31357 15376
31358 16138
31360 13562
31361 10673
31374 27454
31385 12326
31386 31887
31389 18785
31395 12505
31400 8120
31410 11872
31411 26342
31413 26415
31414 32118
31418 10597
31429 25013
31434 5002
31435 5998
31440 27327
31444 7221
31447 21753
31452 32163
31454 15619
31462 2533
31471 18049
31478 12758
31484 13994
31490 1383
31502 30053
31505 1613
31507 2248
31513 12627
31518 2221
31524 6723
31529 30373
31535 16273
31539 22474
31555 32558
31566 23923
31569 32117
31582 31191
31584 1544
31590 10497
31592 12164
31607 20608
31613 32736
31625 2852
31628 30208
31631 25148
31633 17759
31637 2205
31644 3211
31650 27140
31651 28538
31654 1688
31663 19703
31670 268
31672 15626
31673 29811
31676 27087
31679 14280
31690 20779
31691 22369
31696 24537
31697 21043
31701 8802
31707 3351
31709 1260
31712 21041
31715 21573
31716 25560
31719 22604
31720 8328
31722 27744
31737 6542
31749 17400
31754 30390
31755 11703
31759 16188
31760 26840
31762 16825
31764 9243
31767 16201
31768 16628
31770 18012
31773 11712
31775 24671
31776 31758
31781 5949
31782 10586
31784 8328
31788 5469
31792 25328
31803 14082
31807 32593
31813 22439
31827 13614
31828 5208
31832 18591
31840 9830
31852 16027
31862 26387
31870 14891
31884 15493
31888 23670
31891 21947
31897 21706
31899 2505
31903 5587
31910 21364
31919 7173
31923 5398
31925 3965
31927 7053
31928 1038
31961 4502
31962 28111
31963 4726
31968 19965
31974 11323
31976 19828
31978 4468
31979 3978
31981 2583
31988 1727
31989 2065
31992 5748
31997 7630
31999 4612
32005 26504
32006 26703
32008 19241
32009 12454
32020 15914
32025 14225
32038 9394
32039 10344
32051 1061
32056 22706
32060 2448
32061 5337
32074 11323
32093 22958
32099 27742
32101 19864
32103 8573
32112 20197
32119 17193
32131 24333
32136 5314
32139 311
32165 24116
32167 10213
32171 14707
32180 15466
32187 16891
32188 2184
32191 23574
32193 7465
32202 28956
32206 5874
32207 15918
32216 17182
32220 15969
32223 27386
32228 15136
32232 26208
32261 28632
32263 26874
32273 11421
32281 17055
32284 16981
32289 12944
32294 5675
32298 30397
32300 12866
32304 9870
32307 30704
32311 30857
32312 25103
32323 5805
32331 14313
32337 24897
32339 9734
32340 13642
32353 6895
32360 31497
32367 21747
32371 9007
32375 336
32383 17906
32386 21154
32389 24479
32390 5517
32393 9755
32399 10565
32419 27146
32421 32031
32425 6079
32427 19086
32428 22876
32429 21839
32430 14768
32437 3606
32439 31630
32446 195
32451 11639
32456 1086
32458 7303
32460 23029
32461 29937
32466 2100
32473 7043
32474 22720
32490 9753
32499 4580
32501 10999
32502 10271
32512 7373
32514 4045
32515 24270
32519 763
32526 8402
32527 1947
32528 32309
32531 3164
32539 8363
32547 22728
32549 11727
32552 26165
32555 18726
32563 9881
32589 25357
32591 27451
32597 26234
32600 9347
32602 13023
32611 29398
32613 29570
32620 3414
32627 1671
32630 4449
32646 29416
32653 25038
32658 27338
32662 11592
32667 13709
32694 21356
32698 16654
32703 26887
32707 3141
32709 25403
32713 21139
32714 25646
32716 28108
32719 11693
32730 13493
32731 9822
32733 3625
32743 7668
32744 13505
32745 15245
32750 7614
32756 24254
32763 15841
