15 1638
0 756
3 3117
18 23447
31 26978
42 25486
78 1162
88 4863
98 30345
105 8940
111 9625
120 7187
130 27309
135 6289
196 1908
203 1794
208 31357
210 6288
272 22326
288 8762
341 6276
377 14856
427 25315
436 4187
437 2513
438 8111
455 21902
480 29434
523 6901
546 23362
559 15937
583 9138
610 8770
614 12930
619 6454
638 12766
679 32456
696 4920
710 30890
725 8184
731 16343
776 8037
800 10274
805 8114
807 29958
814 8208
816 6151
877 18379
879 31673
998 15185
1005 6162
1019 6791
1027 19322
1058 13708
1074 3032
1081 7533
1087 15708
1088 7197
1102 21197
1135 18154
1152 1774
1195 16420
1198 12051
1208 28881
1227 3053
1244 13618
1260 20996
1266 7227
1278 24782
1307 30883
1339 22338
1357 30922
1372 19418
1392 27073
1394 8980
1407 5128
1462 23338
1500 15781
1507 10116
1512 25610
1518 11130
1522 3012
1560 29227
1591 13514
1600 8884
1656 20463
1670 4669
1731 4543
1749 29006
1779 15927
1784 15736
1785 18649
1814 26006
1817 20115
1820 11256
1829 20775
1831 24693
1851 31963
1880 23651
1883 28179
1961 31927
1978 29245
1981 17678
1985 26555
2000 3707
2007 9625
2033 10217
2035 19999
2037 3828
2070 16894
2073 18060
2079 22550
2080 20922
2082 8578
2124 21506
2154 18447
2168 5973
2177 2147
2180 20712
2186 4649
2210 4286
2238 5296
2253 25950
2268 25853
2283 30021
2327 1054
2339 5557
2340 26900
2348 25407
2351 16931
2371 28248
2374 1645
2404 3534
2449 29265
2450 22756
2495 16424
2524 16240
2525 9908
2560 4175
2586 6008
2591 17611
2606 29849
2609 10176
2669 18232
2681 568
2685 4909
2692 12805
2726 31712
2735 5979
2738 21112
2739 7001
2756 16231
2768 5985
2780 16441
2794 25789
2811 22351
2814 9199
2825 401
2838 11066
2840 15793
2852 67
2859 27904
2925 29278
2953 14358
2962 8519
3032 31410
3033 27030
3045 26739
3062 3093
3111 9114
3122 26479
3131 22831
3139 24986
3156 23637
3160 15948
3172 1855
3177 17248
3183 3541
3204 19929
3229 23030
3266 14537
3286 429
3297 18730
3314 21638
3356 5236
3371 20154
3379 32714
3380 27044
3386 29900
3402 7978
3420 19814
3439 14666
3440 18619
3486 4654
3493 18495
3508 6861
3519 10322
3527 4439
3542 26334
3549 29021
3570 543
3592 20605
3594 5433
3626 30676
3635 31592
3642 26974
3654 17777
3659 31130
3661 24899
3742 19800
3803 9785
3826 22125
3835 11238
3845 19983
3854 19114
3855 15106
3858 28326
3859 22792
3875 22422
3878 31389
3896 16582
3901 26511
3942 22078
3972 31278
3974 2978
3980 17843
3982 12475
3998 22630
4001 5478
4012 11467
4016 28151
4092 19136
4116 11175
4124 30887
4144 1929
4197 32611
4220 25868
4229 32263
4252 30596
4290 5292
4291 31792
4323 13532
4373 10103
4378 30699
4390 727
4428 24766
4446 3620
4447 3210
4471 2699
4502 3379
4520 1221
4524 847
4551 8216
4563 21631
4609 1474
4628 18330
4629 5745
4639 10666
4640 12852
4652 15044
4653 524
4685 32009
4769 1573
4784 20206
4786 27505
4793 3782
4804 22486
4808 27587
4824 53
4830 16673
4905 17548
4951 8182
4960 30843
4983 32703
5019 9953
5029 32207
5039 3707
5054 9266
5072 10331
5100 19234
5101 24505
5105 16828
5113 12278
5158 14944
5163 26590
5187 6690
5195 16442
5198 11289
5200 8844
5206 6267
5212 20566
5225 27369
5257 19640
5272 9533
5283 23273
5285 9052
5300 963
5305 25951
5313 25319
5338 22431
5384 10042
5400 8340
5401 28783
5427 31291
5440 15209
5505 31613
5522 398
5537 30566
5563 23009
5573 784
5575 22158
5576 5036
5585 724
5586 22824
5589 25005
5599 15263
5611 16038
5640 9284
5644 18135
5663 4774
5683 2255
5685 22327
5709 10045
5719 21338
5777 7032
5782 21257
5783 11285
5788 24793
5840 3392
5909 5429
5924 26392
5958 2556
5969 18201
5971 8843
6006 23690
6028 7025
6055 6758
6167 5634
6224 9711
6251 32386
6260 14691
6267 17989
6274 30420
6324 18517
6339 10083
6351 8118
6373 14388
6421 17952
6448 22915
6485 9907
6494 8475
6501 30349
6502 8022
6514 8264
6572 3817
6588 3106
6635 22541
6663 21743
6714 1851
6744 8264
6766 7204
6797 4846
6806 23953
6820 11417
6835 26841
6840 7519
6864 15761
6870 12031
6920 31974
6947 26958
6993 24818
6994 21156
7012 20897
7054 20596
7070 27390
7097 25386
7168 3973
7181 24308
7217 16653
7218 10866
7291 15565
7333 24336
7339 11751
7361 17299
7369 25953
7410 10662
7428 25191
7448 26044
7458 7007
7471 29149
7499 1162
7511 8322
7535 31582
7544 21560
7549 25403
7582 16372
7606 11535
7609 32386
7654 15672
7660 408
7663 23419
7682 27881
7706 21646
7722 16937
7733 4159
7734 5605
7752 9689
7788 4251
7792 14111
7807 25806
7811 23476
7824 32602
7878 20434
7916 15497
7934 22191
7943 20600
7959 447
7961 2095
8034 31910
8040 28870
8088 31293
8102 19817
8135 18034
8143 5206
8159 21590
8168 18017
8186 2826
8223 15775
8239 1294
8261 12644
8267 14115
8310 22732
8366 4634
8382 16672
8410 14939
8422 5379
8460 22765
8536 22078
8556 2715
8559 20358
8570 10638
8595 30928
8626 16934
8690 14565
8723 28304
8725 17097
8726 4721
8736 28975
8737 15510
8749 4217
8787 28197
8801 13069
8810 6660
8811 1450
8815 9276
8822 25576
8845 28267
8859 12990
8862 20526
8888 26734
8908 31884
9017 898
9018 12242
9021 11683
9043 10038
9067 9970
9074 25005
9107 23167
9119 28596
9123 28049
9148 19016
9149 22657
9152 7844
9197 30653
9212 21796
9216 19764
9241 6596
9264 30562
9287 30075
9299 18903
9306 897
9316 6727
9321 32371
9331 939
9340 22307
9369 5443
9400 219
9402 16603
9411 16115
9416 27028
9418 26403
9434 13832
9456 27374
9479 19087
9514 5410
9527 30790
9546 6342
9569 28638
9587 9000
9597 25081
9622 14886
9649 20074
9695 19387
9712 13529
9765 15294
9771 21667
9825 19237
9884 32139
9885 17403
9901 31981
9906 14455
9945 2667
10007 18541
10025 18539
10037 22136
10069 22888
10082 21041
10087 23999
10106 24714
10132 8672
10169 24018
10178 26657
10184 26183
10185 6823
10203 15363
10213 8406
10216 6791
10282 18317
10292 1913
10297 24077
10317 2514
10340 27220
10341 15540
10356 23509
10382 11304
10414 25101
10415 30844
10426 2537
10439 10488
10453 28436
10454 11757
10506 10428
10526 3473
10540 16069
10577 3781
10581 23395
10593 30164
10602 26667
10625 8983
10648 25098
10654 9059
10674 16621
10683 805
10698 14291
10701 20341
10720 21066
10738 28653
10750 19748
10751 12425
10767 3859
10778 23069
10782 1012
10811 18881
10837 15130
10841 19489
10842 17396
10848 2059
10866 28548
10875 22931
10881 28801
10884 15350
10892 11710
10904 9669
10922 32060
10961 22497
11011 4663
11018 19066
11023 21197
11031 11717
11058 23592
11072 4798
11082 8622
11123 1914
11127 10086
11139 6630
11143 17260
11144 15837
11152 19884
11206 18370
11213 23297
11255 20870
11273 28514
11286 32667
11324 11016
11347 27161
11370 16311
11380 1906
11454 409
11528 11280
11567 11783
11576 3443
11586 29628
11602 17632
11671 29533
11673 20680
11688 5545
11716 25743
11731 4433
11792 4741
11804 31760
11819 13337
11823 5492
11826 14511
11829 20705
11841 16541
11843 25204
11864 1652
11874 16254
11892 30183
11898 18688
11900 22241
11901 13968
11929 10218
11937 28595
11958 9419
11975 31631
11982 9584
11983 23119
12008 10817
12009 1553
12014 6814
12061 17887
12100 10917
12126 27607
12137 15066
12148 4433
12149 29744
12169 24232
12195 31034
12208 15540
12221 7559
12229 18064
12316 28859
12326 22332
12331 14633
12363 11546
12368 175
12391 16152
12414 6701
12438 104
12462 30
12471 25522
12480 29451
12486 16715
12528 5020
12563 5921
12564 18688
12567 4035
12572 25331
12578 12243
12579 30415
12596 1
12608 19594
12609 4541
12630 31444
12681 9125
12727 10856
12730 9107
12783 1728
12807 15997
12817 26897
12847 14172
12851 29347
12896 24491
12918 6340
12932 11111
12936 20018
13037 21874
13040 2399
13054 17753
13081 29649
13129 5682
13195 25488
13198 16177
13200 6847
13203 27613
13221 4391
13227 25204
13253 22706
13257 10888
13311 12202
13328 14220
13345 21727
13363 32620
13372 29416
13403 10033
13421 10899
13445 27431
13464 19004
13471 16392
13482 30260
13499 4625
13546 19782
13566 16375
13571 9088
13582 754
13605 19468
13607 8571
13635 19604
13636 1976
13666 183
13672 27264
13676 25157
13707 17036
13721 32399
13722 8826
13725 25698
13730 16810
13732 10775
13753 7563
13763 17504
13765 24605
13792 1868
13814 11522
13842 20300
13849 9239
13875 11840
13877 27086
13880 32383
13891 4006
13902 31300
13909 18721
13954 16038
13990 18111
14066 19732
14104 21281
14114 10105
14127 22047
14177 11805
14249 30056
14274 867
14277 17045
14282 4315
14286 7005
14331 11248
14342 25392
14350 1893
14369 14207
14387 17977
14414 16087
14446 20009
14465 31015
14478 29855
14482 9225
14514 31813
14534 8386
14560 32112
14599 18954
14600 11115
14602 4782
14620 21036
14641 11009
14653 14629
14671 1910
14679 30697
14680 30182
14681 28084
14688 21708
14701 13455
14716 19856
14720 30642
14723 27657
14745 3037
14763 4589
14788 20820
14797 32171
14801 32743
14819 243
14840 4250
14876 24741
14877 10029
14922 25772
14923 7903
14944 21023
14995 26487
15025 25714
15027 11552
15048 30329
15062 8920
15070 9991
15078 5057
15083 22850
15127 13002
15143 2603
15177 628
15194 13845
15209 25802
15227 20711
15244 2862
15248 561
15311 1595
15314 6723
15319 12676
15323 10756
15385 32662
15412 2550
15418 6774
15441 24982
15479 5150
15525 9153
15534 23823
15550 16336
15571 20164
15581 5818
15596 7927
15599 13627
15619 19564
15620 7151
15625 9152
15640 9810
15647 20343
15741 29791
15760 18349
15776 27740
15801 32519
15812 31737
15816 25346
15822 2083
15824 4698
15854 31435
15866 18683
15874 17349
15882 17289
15934 13529
15957 22816
15971 1201
15986 12126
16000 9261
16001 5163
16021 28210
16022 6800
16031 21504
16034 8708
16046 1811
16092 13351
16108 21857
16120 16454
16161 22529
16181 29658
16246 18023
16288 1937
16298 15476
16358 1913
16362 18647
16395 31116
16440 32421
16445 4846
16451 9822
16460 28156
16480 4675
16481 10629
16494 27201
16521 8255
16526 27421
16531 5799
16536 10457
16569 10722
16572 11828
16576 12706
16580 28320
16581 10920
16592 32733
16609 15775
16618 24126
16619 7459
16637 30746
16653 30373
16681 21793
16682 9586
16687 32428
16688 27302
16704 12985
16716 17001
16729 9844
16756 8440
16770 28156
16779 18958
16783 28512
16802 31178
16816 3510
16823 7351
16830 2221
16846 11626
16847 8761
16882 23004
16885 29532
16947 7050
16976 1145
16995 27838
17031 2172
17034 26945
17038 15120
17107 10850
17112 10652
17150 29959
17180 5340
17189 9199
17221 32038
17265 30890
17268 3759
17280 18050
17298 4955
17320 23066
17345 15212
17375 9235
17379 15905
17393 24262
17463 16526
17510 18648
17568 27365
17630 12805
17632 6640
17637 18678
17678 3191
17680 23657
17688 9297
17714 4052
17728 12145
17773 16141
17805 6163
17818 28898
17844 4779
17855 14502
17873 10533
17890 18119
17918 29786
17930 980
17970 10072
17978 12076
18019 25979
18020 17024
18083 14223
18114 5313
18119 21880
18137 5531
18142 32707
18150 3688
18192 2298
18197 25401
18210 32383
18225 9301
18231 5212
18283 24760
18287 20608
18289 17992
18306 13830
18308 9557
18323 1165
18345 10917
18355 22002
18385 23352
18412 23060
18417 10891
18452 24230
18459 8475
18503 5412
18508 5650
18510 26982
18526 15808
18558 28344
18564 28501
18616 29945
18623 21987
18624 30493
18654 29495
18665 9169
18676 25552
18699 7701
18703 12423
18709 31347
18722 888
18758 9137
18766 16977
18811 10385
18835 32512
18843 17644
18846 31353
18896 4814
18901 5949
18914 3008
18966 27305
18991 4720
19053 24721
19055 25645
19057 17281
19080 27357
19083 3533
19112 24977
19123 28891
19136 6680
19203 6222
19216 16057
19228 13024
19242 19937
19249 7681
19269 16253
19289 28281
19297 6626
19310 3642
19352 24894
19359 17678
19370 11088
19403 23518
19411 17515
19416 16821
19430 1122
19431 6460
19474 11212
19490 25270
19506 10118
19545 21048
19580 1199
19584 21478
19591 15041
19603 28940
19608 21742
19614 1764
19616 13898
19650 9100
19667 12168
19691 15178
19695 8397
19717 26291
19726 13189
19775 1450
19784 15403
19792 9498
19814 3339
19832 5620
19856 30542
19865 20190
19878 9562
19918 24951
20023 19597
20032 10699
20035 24499
20040 10084
20060 10475
20062 29507
20067 233
20075 18666
20085 2018
20086 29188
20115 5738
20116 1016
20120 12017
20127 14120
20130 2850
20135 313
20140 17485
20149 26010
20182 5052
20195 11294
20196 24975
20223 12237
20235 2738
20239 17568
20260 10889
20272 2678
20277 1072
20281 1234
20291 8309
20321 19061
20338 20769
20361 25450
20395 3362
20444 22156
20451 25861
20501 16668
20525 28595
20526 1264
20558 26814
20568 21988
20576 7849
20624 25516
20642 16869
20655 29507
20689 6222
20705 32528
20726 4933
20727 16071
20731 26112
20733 7201
20741 11833
20758 27016
20768 10451
20771 30076
20791 14787
20825 23931
20850 5394
20861 12344
20868 28732
20876 26314
20959 17417
20986 7306
21043 11643
21060 5543
21094 22357
21119 19524
21147 6890
21209 10419
21225 7217
21235 9395
21242 24291
21287 28672
21376 18131
21385 4862
21386 16254
21389 311
21404 20825
21419 6553
21427 29641
21460 26832
21473 27959
21478 20325
21481 12781
21488 8423
21507 1645
21524 22632
21542 551
21616 17617
21620 26325
21631 30837
21651 6341
21677 20184
21681 13180
21698 31484
21702 23157
21714 2651
21745 12172
21746 29534
21807 30334
21808 4330
21820 29438
21832 27834
21843 19753
21849 15824
21893 8188
21912 13647
21930 23191
21946 27744
21948 7704
21952 478
22008 14301
22042 27800
22075 2659
22100 12562
22107 7384
22124 31313
22214 21078
22239 21875
22253 16541
22255 10020
22259 13302
22291 30400
22326 19363
22338 3759
22362 27085
22382 6531
22409 21906
22437 9440
22439 15884
22520 14087
22530 813
22559 29854
22597 24514
22664 27167
22666 8079
22668 30513
22703 1857
22721 11957
22780 21179
22828 9892
22856 11815
22884 31697
22903 28726
22933 11543
23043 20514
23095 22632
23108 4280
23109 6461
23155 2046
23157 944
23241 22736
23259 2139
23298 16716
23315 6158
23325 2982
23346 31770
23350 28940
23352 22084
23361 30433
23370 14037
23392 9460
23457 23740
23466 4471
23504 16547
23521 20037
23531 22383
23592 4276
23627 5621
23748 1727
23758 18089
23836 22419
23861 18013
23871 17274
23906 22279
23907 23048
23922 18951
23926 1067
23977 2452
23982 11492
24004 3911
24030 22463
24049 23856
24066 27497
24071 27124
24082 2816
24093 8554
24109 25909
24118 17814
24161 26214
24171 24229
24227 30962
24236 24265
24248 15427
24250 26801
24254 25456
24269 13763
24297 32490
24305 114
24315 26521
24317 20519
24341 15902
24356 12955
24410 16652
24431 21641
24505 3843
24512 26440
24530 3188
24534 8859
24544 9254
24568 15811
24585 4223
24617 3928
24618 15954
24681 5721
24723 16845
24767 10929
24773 21463
24826 11392
24862 17759
24875 4232
24879 106
24884 15329
24926 7050
24947 3667
24960 23033
24962 18939
24975 26843
24987 17942
25017 17726
25026 11404
25087 9596
25088 110
25091 9707
25122 21884
25151 10558
25156 4112
25157 20035
25187 26188
25196 15342
25233 22495
25249 26087
25274 27964
25296 16725
25310 15334
25316 21267
25331 29156
25347 5325
25356 21342
25367 18425
25373 26201
25383 842
25386 9387
25388 7278
25403 14628
25444 15285
25481 17409
25482 2876
25499 282
25507 7452
25541 15038
25555 745
25565 26227
25608 24934
25617 17742
25628 18059
25636 2709
25654 23052
25661 27861
25700 18332
25707 14663
25751 1837
25787 27216
25791 20704
25824 20019
25876 14178
25895 12389
25898 12152
25907 23819
25924 8893
25927 29095
25931 13156
25941 24123
25970 29476
25995 16723
26029 21724
26036 22277
26108 17294
26123 3997
26131 26070
26133 12408
26207 13392
26211 29792
26250 22414
26294 29622
26325 12232
26334 14529
26357 32719
26400 5048
26440 20990
26444 30543
26535 4225
26539 27575
26563 30663
26564 5436
26567 21458
26644 24091
26664 27832
26721 3138
26830 16029
26863 8549
26889 1506
26899 22296
26914 18201
26925 30853
26931 12165
26932 27352
26964 510
26985 14895
27034 15333
27035 7036
27049 23989
27108 30149
27175 14703
27202 8016
27234 1128
27237 11419
27302 2832
27411 2821
27468 3657
27477 4941
27521 21488
27538 1528
27539 4612
27562 7616
27651 24813
27652 8747
27654 9456
27661 30217
27691 31167
27699 14685
27738 28090
27745 23527
27767 13717
27790 23296
27810 30207
27829 12892
27834 24404
27840 2773
27856 13281
27867 24174
27879 13822
27883 23724
27902 31454
27905 19402
27907 9849
27926 1330
27928 30892
27947 27932
27952 20358
27980 11946
27983 20898
28008 12004
28010 10036
28017 6642
28019 18411
28035 649
28058 52
28067 11859
28132 11368
28146 24862
28156 17401
28159 813
28176 14143
28179 23457
28182 24798
28183 10173
28206 3554
28224 26533
28253 18638
28296 4647
28305 25603
28319 23669
28338 18893
28362 15828
28409 17675
28421 14765
28431 26505
28473 2213
28477 32307
28496 6807
28500 5638
28523 5090
28534 25955
28540 25415
28678 12583
28692 22165
28710 27400
28738 17632
28748 5912
28772 12613
28780 196
28797 23821
28843 27686
28887 15326
28896 10524
28910 15718
28975 9830
28984 12054
29022 17400
29024 28340
29025 19899
29043 11162
29057 6210
29077 21780
29078 25127
29104 26793
29115 31110
29163 31238
29180 14780
29193 29171
29238 11465
29305 6826
29306 24763
29340 24236
29341 16997
29352 31633
29354 4050
29386 8403
29461 4105
29469 4321
29476 31870
29479 14312
29506 22617
29539 32713
29564 18442
29615 3788
29635 4401
29655 13853
29670 5448
29699 25133
29702 17792
29707 8753
29715 31386
29738 23650
29748 18665
29754 25228
29809 23141
29810 12094
29816 27271
29823 26640
29865 21163
29867 11559
29909 30571
29911 19451
29926 17264
29947 10427
29954 15572
30007 5732
30017 31080
30027 3367
30082 14518
30110 9227
30113 19135
30123 26899
30147 8664
30152 4207
30158 28897
30202 10458
30282 19913
30292 12489
30293 20849
30311 28154
30312 13829
30318 21788
30324 4299
30355 27070
30361 10570
30422 1427
30440 15440
30472 16938
30492 8530
30498 407
30503 1748
30507 21693
30517 2185
30530 4169
30540 8389
30559 10514
30566 31628
30619 20353
30627 12086
30657 26672
30673 19071
30783 29044
30785 21857
30787 20637
30792 11495
30819 10028
30822 10638
30834 14883
30878 26897
30897 21817
30907 22615
30908 4093
30922 7350
30927 26527
30956 30854
30971 10507
31026 6382
31084 18523
31131 20263
31136 2245
31172 5832
31175 15315
31176 2582
31211 15696
31259 16711
31284 30610
31290 824
31299 28252
31308 1800
31314 28865
31333 10854
31342 28346
31374 8954
31386 128
31395 14581
31400 14299
31434 6233
31490 5045
31569 30723
31650 17026
31663 25716
31670 11959
31676 11746
31679 6385
31691 13334
31707 5234
31715 9684
31716 1817
31722 480
31749 3177
31755 32458
31759 31113
31764 24956
31775 29045
31776 32515
31782 6297
31784 7010
31807 7070
31813 13982
31840 4066
31852 20173
31891 9546
31897 29833
31968 31191
31974 3839
31988 9019
31992 23496
31999 13199
32005 29816
32008 29431
32039 3431
32051 13705
32056 27621
32061 24401
32093 549
32101 484
32131 13899
32187 16085
32284 1445
32304 22605
32312 24414
32331 3227
32339 958
32353 22296
32360 20387
32367 19476
32375 26804
32393 30217
32446 9841
32460 3242
32473 16438
32531 4596
32549 14460
32552 9804
32563 18067
32597 24525
32600 23136
32611 19622
32627 6252
32658 20540
32709 21066
32730 22038
32744 22079
32763 5030
