15 4915
0 10970
1 17909
3 17409
12 17785
18 2689
30 25696
31 29690
34 11797
42 15503
52 16741
53 20761
67 13988
68 2002
78 13989
84 26011
88 26773
98 17201
104 613
105 20734
106 27753
110 15201
111 6063
114 6329
120 20607
128 7894
130 1662
131 18500
135 23024
144 20159
146 14738
164 9378
175 17776
183 26926
196 17270
203 25018
208 9579
210 24456
219 25987
228 6147
233 8230
237 137
243 11639
272 11985
279 11944
281 4677
282 6858
288 21437
300 19531
308 25751
311 2751
313 319
314 759
319 10841
338 11036
341 23428
350 21957
359 9149
370 19879
377 5384
379 4501
398 26527
401 30119
403 5444
405 12995
407 11622
408 24919
409 21103
415 25071
427 22558
429 2742
432 23415
436 22404
437 21857
438 20103
447 7963
455 24807
477 27702
478 31701
479 12133
480 8707
484 10646
488 28730
510 20128
522 27801
523 25594
524 22789
543 15768
545 25244
546 30595
549 8091
551 19725
557 6803
559 4529
561 21945
568 5959
572 4372
573 3867
577 18200
580 13182
583 21102
590 3198
610 21244
611 13134
614 6760
619 17422
625 9773
628 11130
630 13959
638 20387
649 30104
665 30537
666 23377
676 7940
679 27865
688 12362
693 31069
696 7007
701 1716
710 26525
713 12040
724 29994
725 15815
726 31644
727 9609
729 27543
731 12350
745 2814
754 23498
756 30098
776 28910
784 15836
798 3970
800 30262
805 9008
807 5945
808 14605
813 23139
814 27493
816 14492
824 7302
832 11151
842 16653
847 2391
855 5395
867 59
876 20125
877 4855
879 22175
888 18913
897 31518
898 17952
916 22582
919 30596
927 26738
939 18538
940 23340
944 15445
958 10407
963 13829
980 14013
994 28802
996 23029
998 4210
1005 30551
1012 26049
1016 7196
1019 24250
1027 22809
1044 24027
1049 15802
1054 6458
1058 3317
1067 4512
1072 22690
1074 4285
1080 23293
1081 24937
1087 7671
1088 12020
1102 4559
1105 20338
1122 31301
1128 27314
1135 18074
1145 25609
1152 26048
1155 18713
1162 10501
1165 31085
1169 18241
1195 11882
1198 1984
1199 2473
1201 9434
1206 9100
1208 18422
1213 12827
1221 27429
1223 28986
1227 6321
1229 23201
1230 17103
1234 31976
1244 13389
1245 15961
1260 5730
1264 20481
1266 23076
1269 6365
1270 22446
1278 32744
1294 8863
1302 16624
1307 32323
1330 18677
1339 26151
1340 5263
1357 3521
1367 25612
1372 28673
1385 21258
1390 3602
1392 18983
1394 29741
1407 24931
1409 16447
1427 18032
1445 31240
1450 23607
1462 26150
1474 9233
1483 16821
1500 19328
1506 30497
1507 16699
1511 5225
1512 6081
1518 29553
1521 7321
1522 29513
1524 23912
1528 18881
1541 26048
1551 15671
1552 11726
1553 8804
1558 5685
1560 21471
1573 27286
1591 19282
1595 17901
1600 19569
1609 5526
1627 25963
1630 23847
1645 15404
1652 8898
1656 12728
1662 27221
1670 2883
1715 7686
1727 27007
1728 11911
1729 5994
1730 30370
1731 19020
1745 32437
1748 18296
1749 16761
1764 15532
1774 13737
1779 13678
1784 12785
1785 5436
1793 11513
1794 10733
1798 16368
1800 15200
1807 8930
1811 17567
1814 3425
1817 19127
1820 1752
1828 2156
1829 26311
1831 374
1837 28687
1851 11088
1855 31361
1857 8709
1863 31447
1868 1994
1873 29725
1874 23796
1880 10054
1883 12162
1893 4121
1906 1214
1908 28840
1910 7025
1913 11577
1914 9014
1929 25704
1937 31862
1955 4510
1961 27549
1976 7588
1978 21128
1981 18608
1985 5630
2000 11323
2007 21721
2013 26847
2018 10895
2032 10216
2033 14763
2035 23619
2037 21513
2040 29820
2046 29207
2053 28779
2059 12592
2070 32223
2072 30682
2073 10810
2079 6300
2080 21966
2082 27002
2083 7790
2085 19425
2091 30235
2095 25435
2124 10270
2127 3482
2133 7633
2139 25447
2147 4846
2154 28774
2162 12820
2168 15564
2172 25154
2177 14012
2180 23580
2185 12154
2186 3360
2193 20491
2208 12002
2210 26088
2213 19505
2221 3919
2227 21243
2229 3631
2238 26258
2245 21119
2253 8995
2255 2354
2263 7619
2268 20737
2277 3074
2283 14318
2285 19683
2286 30067
2293 6155
2298 324
2327 497
2339 26025
2340 7262
2348 30173
2351 18033
2355 25147
2371 6126
2374 9861
2399 28296
2404 2999
2410 1494
2413 28726
2424 24492
2432 22972
2441 26416
2443 4689
2449 19690
2450 32627
2452 7377
2455 7330
2464 19098
2470 22627
2472 10084
2481 26720
2482 27292
2485 4265
2490 11241
2495 4980
2513 26360
2514 16419
2524 29936
2525 29117
2530 18973
2532 19380
2537 15726
2550 18410
2556 15074
2560 9243
2561 15022
2581 14974
2582 1908
2585 21614
2586 893
2591 23632
2603 9904
2606 19459
2609 15870
2640 23650
2648 22518
2651 14114
2653 25205
2659 13065
2667 30183
2669 29145
2678 26799
2681 12984
2685 13205
2692 11460
2699 12790
2709 4500
2711 297
2715 30258
2726 25065
2735 28780
2738 15604
2739 1854
2746 21000
2756 7073
2765 9341
2768 12371
2773 30520
2780 1902
2785 14214
2794 2985
2807 14622
2811 29060
2814 24209
2816 18732
2817 21023
2821 28802
2825 23087
2826 7180
2832 2686
2836 26977
2838 29691
2840 8015
2850 20084
2852 11246
2859 25835
2862 10185
2866 7491
2876 3008
2890 16306
2910 407
2925 11572
2953 25388
2956 22794
2959 32514
2962 9337
2978 31207
2979 7245
2982 13302
3008 7643
3010 18811
3012 22263
3020 14910
3027 34
3032 12370
3033 345
3035 16213
3037 9961
3045 27289
3053 14344
3056 795
3062 8923
3063 20627
3075 12330
3093 29010
3097 20833
3099 1359
3106 2661
3111 7460
3117 26776
3122 29240
3128 6547
3131 22837
3138 2218
3139 8740
3149 18982
3156 8939
3160 15889
3163 23546
3165 38
3172 32180
3177 17783
3180 10419
3183 12239
3188 31030
3191 26648
3203 26841
3204 27790
3207 9731
3210 8222
3227 6894
3229 13608
3238 20821
3239 26698
3242 17774
3257 13099
3266 22889
3283 4521
3286 9519
3297 17060
3314 9953
3335 31004
3339 15509
3351 19528
3356 11054
3362 13511
3363 13166
3367 31341
3371 19489
3379 20897
3380 18788
3386 30707
3392 26865
3394 24916
3397 23827
3402 6778
3405 31356
3420 9693
3427 31899
3430 25715
3431 19941
3439 16423
3440 1282
3443 23189
3448 15314
3462 327
3463 17170
3464 4425
3473 23565
3474 4044
3486 647
3491 797
3493 28183
3505 30959
3508 23255
3510 7005
3512 16324
3519 8146
3522 15682
3527 339
3529 16820
3533 30831
3534 23152
3541 7794
3542 13182
3548 24413
3549 16075
3554 23897
3566 4904
3570 13828
3590 8998
3592 13722
3594 618
3606 8433
3608 8112
3620 5927
3626 27210
3630 16979
3635 5868
3636 22115
3642 6005
3654 11937
3657 28702
3659 17533
3661 10176
3667 31238
3675 19722
3688 30917
3707 6077
3719 15371
3728 8917
3734 31961
3737 14951
3742 1018
3752 15056
3759 15727
3763 498
3781 29900
3782 22323
3784 21101
3788 9398
3803 31014
3807 31754
3808 26116
3811 1701
3817 31140
3825 11554
3826 4
3828 25311
3835 7300
3839 5004
3843 558
3845 6665
3854 22150
3855 10165
3856 23907
3858 127
3859 27171
3864 30982
3875 4476
3878 20614
3889 1413
3893 22703
3894 23263
3896 26067
3901 6855
3911 23072
3928 11313
3942 28255
3945 11430
3968 28513
3972 15909
3973 4685
3974 25984
3979 5435
3980 2568
3982 8895
3997 7814
3998 26254
4001 16088
4006 16339
4012 30507
4016 6122
4017 4551
4032 2508
4033 11737
4035 22303
4036 9469
4050 11450
4051 18690
4052 5487
4063 7240
4066 12370
4070 20661
4076 16260
4078 23059
4092 10571
4093 19699
4105 14558
4106 28625
4112 28306
4116 533
4118 11392
4124 16263
4144 22482
4159 12314
4164 27231
4169 17410
4175 13230
4182 29861
4187 13507
4188 27069
4197 15577
4202 1801
4207 26762
4217 18401
4220 15046
4223 20847
4225 3994
4229 7583
4232 5893
4240 14664
4250 12793
4251 9814
4252 23332
4268 22623
4275 30832
4276 4934
4280 4358
4286 12546
4290 25511
4291 17781
4295 5772
4297 2546
4299 1039
4302 21459
4311 2910
4315 32191
4321 6139
4323 9675
4327 32273
4330 7457
4335 24652
4347 26963
4369 2171
4372 18464
4373 7445
4378 23958
4390 16544
4391 19692
4401 5145
4407 17038
4417 17914
4428 10782
4433 24847
4439 28816
4443 23850
4446 14131
4447 286
4448 28082
4465 26872
4471 9478
4475 11599
4477 17612
4500 1959
4501 24790
4502 953
4504 31773
4520 9556
4524 13512
4529 8385
4541 32136
4543 1673
4551 7366
4563 27269
4579 10045
4589 15736
4596 13005
4605 29185
4609 19806
4612 17278
4614 18352
4617 16316
4620 24788
4625 16566
4628 13325
4629 15061
4632 24409
4634 22999
4639 7621
4640 24150
4647 18900
4649 7393
4652 5645
4653 2988
4654 10848
4663 23872
4669 26391
4671 12987
4674 22596
4675 24481
4677 24086
4682 6457
4685 13676
4688 29488
4691 28657
4698 796
4708 9178
4719 18653
4720 31322
4721 30528
4741 6593
4754 21734
4765 28124
4769 24739
4774 28994
4779 12072
4782 26898
4784 17782
4786 6828
4793 18736
4798 1369
4804 29942
4808 24769
4814 7482
4824 1455
4830 14478
4832 889
4846 26957
4853 5696
4854 8766
4862 4699
4863 11705
4877 16518
4881 15732
4893 22362
4905 2450
4909 29848
4920 13182
4933 8825
4935 22981
4941 21982
4951 17005
4954 30179
4955 32311
4960 22586
4983 22129
5000 10111
5019 19080
5020 9387
5023 9471
5029 25993
5030 14422
5036 17806
5039 27169
5045 32499
5048 952
5052 24263
5054 23191
5057 17770
5062 28121
5069 6242
5072 16695
5079 18767
5088 7757
5090 1337
5093 26814
5100 26619
5101 5783
5105 17791
5113 8486
5117 15338
5128 5466
5129 9255
5132 10298
5143 17904
5150 31505
5158 30838
5163 14440
5187 24217
5195 15802
5198 10933
5200 4854
5206 11536
5212 25143
5225 2490
5228 8536
5234 21134
5236 22641
5257 330
5269 29324
5272 4348
5275 4190
5283 29562
5285 20972
5288 24563
5289 25059
5292 20113
5296 5950
5300 4261
5305 4293
5313 1594
5319 12342
5325 25644
5328 4090
5338 25859
5340 14247
5379 11751
5384 9897
5388 9573
5394 965
5400 2073
5401 29017
5402 19189
5410 15299
5412 27432
5419 29054
5427 15351
5429 7526
5433 26630
5436 6735
5440 28829
5443 11587
5446 5417
5448 14072
5457 13282
5469 17679
5478 25025
5492 9972
5495 14107
5505 2553
5511 26029
5517 18451
5522 18035
5525 21568
5531 261
5537 16773
5540 15207
5543 26024
5545 19104
5557 22310
5560 12190
5563 7053
5565 30720
5567 2061
5573 15460
5574 15559
5575 13305
5576 21568
5585 25475
5586 31566
5589 2212
5599 29517
5605 11299
5607 21506
5611 19305
5620 12310
5621 25975
5634 26798
5638 5607
5640 29349
5644 10058
5650 12198
5663 18260
5664 588
5669 6185
5682 7009
5683 12973
5685 10032
5709 256
5719 30981
5721 31337
5728 5017
5732 13179
5738 6812
5740 28193
5741 11999
5742 3566
5745 17046
5750 28851
5762 10010
5775 8900
5777 14119
5782 32119
5783 20915
5785 24363
5788 30159
5799 4113
5818 16321
5832 4208
5840 817
5845 17549
5897 17949
5899 30144
5909 2743
5912 852
5913 19866
5921 28837
5924 24081
5928 29186
5932 25261
5949 9457
5958 22933
5969 21504
5971 32223
5973 7515
5975 16601
5979 21286
5985 27227
5986 28940
6006 3285
6008 11120
6028 22827
6029 30839
6049 7297
6054 19969
6055 23009
6068 11147
6083 8059
6092 17166
6102 15890
6105 13859
6113 17493
6118 10177
6124 4593
6135 4113
6137 19553
6151 15375
6158 12293
6159 250
6162 32519
6163 14826
6167 1388
6169 1545
6181 23396
6184 10712
6198 21243
6210 16915
6222 24062
6224 27839
6230 6249
6233 9768
6251 21172
6252 747
6260 8125
6267 12627
6274 31155
6276 4257
6288 3216
6289 8237
6292 7283
6297 6136
6324 20371
6331 5921
6339 5979
6340 2170
6341 15583
6342 439
6351 23434
6358 416
6373 21682
6382 25012
6385 6739
6393 19558
6395 6797
6399 14127
6402 31539
6403 23589
6421 14105
6442 24834
6447 23320
6448 13162
6454 21276
6460 15748
6461 22498
6478 6729
6485 28544
6494 19330
6501 18277
6502 15811
6503 4078
6506 12234
6514 14465
6531 10670
6546 220
6547 17008
6553 16752
6568 8538
6572 20179
6588 27751
6596 17066
6607 24315
6626 7171
6630 8381
6635 6067
6640 16788
6642 8094
6643 26772
6657 28897
6658 29908
6660 7388
6663 3345
6680 24729
6686 23487
6690 14690
6701 16131
6703 18796
6714 23257
6723 28709
6727 9815
6742 17932
6744 22446
6758 9240
6766 18725
6774 12551
6791 15396
6794 9218
6797 28357
6800 28779
6803 31440
6806 26908
6807 20038
6814 24062
6819 27394
6820 15576
6823 32223
6826 15932
6835 5466
6840 19397
6843 2624
6847 21106
6848 19276
6859 21014
6861 4294
6864 12840
6870 7851
6890 19267
6896 22849
6901 16256
6920 4861
6923 22830
6936 20531
6947 26931
6951 21815
6955 5700
6974 22990
6993 3662
6994 9080
6998 11240
7001 9763
7005 27504
7007 21768
7010 8963
7012 29979
7022 21447
7025 6718
7032 3984
7036 12494
7037 29205
7050 16760
7054 16956
7060 4674
7066 608
7070 20557
7073 3031
7075 5310
7088 3580
7097 10123
7134 9872
7137 11147
7151 32371
7152 6407
7154 9802
7168 21000
7172 17123
7181 1609
7186 9117
7187 19479
7196 12656
7197 15904
7201 26398
7204 30084
7208 3360
7216 14290
7217 11345
7218 31316
7224 27366
7227 17515
7261 16486
7271 23789
7276 27229
7278 20953
7287 4697
7291 877
7306 23905
7328 15819
7333 30615
7337 11126
7339 31198
7350 23240
7351 24754
7359 27009
7361 24008
7369 18879
7384 28138
7386 19743
7408 18734
7409 25835
7410 16092
7428 549
7448 1363
7452 26676
7458 14884
7459 16136
7471 2654
7499 25483
7503 5824
7511 3489
7519 6531
7533 5764
7535 17328
7538 21831
7544 28624
7549 3625
7553 14935
7559 20365
7563 5904
7564 14462
7582 23050
7590 14127
7599 23847
7606 24377
7609 32020
7611 8736
7614 21354
7616 18898
7639 23537
7654 20233
7660 9589
7663 25562
7670 9757
7681 27020
7682 13807
7691 17272
7700 7004
7701 20363
7702 25402
7704 16890
7706 30360
7722 29757
7733 30533
7734 11516
7752 16041
7764 11386
7788 5772
7792 18633
7802 13768
7807 4215
7811 21168
7824 11563
7826 31413
7844 27811
7849 11208
7856 22009
7878 1673
7880 30514
7886 31269
7903 19457
7908 11044
7916 14748
7918 9465
7927 8500
7934 1598
7943 5973
7959 21033
7961 2351
7962 28466
7963 16965
7974 20625
7978 27982
7993 12732
8003 31928
8016 5195
8022 26153
8034 17043
8037 4243
8040 20675
8042 7037
8046 1396
8060 26484
8079 28671
8088 6685
8101 8210
8102 18873
8111 25337
8114 484
8118 31385
8126 7237
8133 24207
8135 19747
8137 12365
8143 19373
8158 4842
8159 30317
8168 11902
8182 29654
8184 25243
8186 29909
8188 27666
8195 17164
8208 6543
8209 8704
8216 14443
8218 29118
8223 22476
8239 487
8255 17889
8261 29661
8264 10375
8267 5305
8272 30577
8278 2184
8279 15787
8308 16815
8309 6342
8310 14610
8322 18657
8340 5491
8345 16450
8366 4788
8382 7393
8386 21239
8389 19684
8394 2173
8397 10268
8398 21503
8403 27232
8405 5092
8406 4471
8410 21453
8422 24565
8423 5244
8440 28347
8460 31925
8475 10173
8478 15027
8484 7127
8502 16290
8509 9953
8519 18354
8524 22664
8530 7326
8534 30864
8536 27080
8549 15193
8554 27662
8556 30740
8559 902
8570 25896
8571 5414
8572 31776
8576 21194
8578 1790
8593 6416
8594 14546
8595 14075
8622 21639
8624 24845
8626 19606
8633 1797
8640 17541
8664 18724
8672 13093
8683 32427
8690 31974
8708 13504
8723 31261
8725 12739
8726 23270
8736 32074
8737 19286
8746 28606
8747 21238
8749 29887
8753 28174
8761 15246
8762 26826
8767 23639
8769 3980
8770 16311
8787 27853
8801 24794
8808 21218
8810 24895
8811 2105
8815 1745
8816 9070
8819 21676
8822 4460
8825 9153
8826 27567
8834 28606
8840 6359
8841 9342
8843 19599
8844 7742
8845 28583
8849 21528
8859 19315
8862 20289
8865 32446
8883 6894
8884 22900
8885 21119
8888 24979
8890 12385
8893 29036
8908 8426
8912 20340
8920 17726
8940 11523
8954 24840
8978 4729
8979 32261
8980 32591
8983 31768
9000 13403
9004 20015
9009 6542
9017 4474
9018 32300
9019 4472
9021 1435
9034 22173
9035 30041
9042 11061
9043 15665
9052 20183
9059 3487
9067 14272
9074 24003
9087 20254
9088 26738
9099 24901
9100 2980
9107 1591
9114 11478
9119 30755
9123 7847
9125 18358
9128 11827
9137 28496
9138 6899
9148 9024
9149 20250
9152 19016
9153 30057
9154 27132
9169 8378
9187 21613
9197 14995
9199 6757
9200 12213
9205 23346
9212 3020
9216 8230
9225 21668
9227 24779
9235 32232
9239 22840
9241 11700
9244 21834
9254 9372
9261 22245
9264 29751
9266 19865
9276 32646
9280 15253
9284 9758
9286 27419
9287 13665
9290 13729
9292 20442
9297 507
9299 12188
9301 7594
9306 28778
9316 10889
9321 9708
9331 29110
9340 15195
9357 32202
9369 18446
9387 15472
9393 20888
9395 30369
9400 560
9402 17513
9411 31888
9416 21441
9418 11086
9419 31962
9424 29449
9434 32613
9440 20044
9456 22379
9458 11821
9460 3101
9467 32419
9479 26133
9482 19688
9483 28517
9495 15558
9497 22444
9498 9758
9503 25106
9506 25487
9512 14119
9514 1701
9523 17650
9527 4898
9533 5869
9535 23139
9538 1091
9546 32451
9557 8970
9562 9496
9569 11305
9576 17629
9581 24534
9584 27907
9586 5140
9587 31651
9596 19288
9597 8264
9622 21059
9625 16417
9642 21610
9649 28484
9660 5105
9669 15105
9678 17794
9684 4811
9689 27048
9692 25920
9695 4715
9701 31009
9707 765
9711 14818
9712 5481
9714 2832
9720 2950
9725 7234
9733 31903
9745 19071
9763 6366
9765 21713
9771 7108
9785 22354
9790 5180
9799 9833
9804 28184
9810 18274
9822 22735
9825 22550
9827 13088
9830 26280
9841 15225
9842 6978
9844 24648
9849 28878
9850 11039
9856 12144
9880 17051
9884 19757
9885 10196
9892 22011
9897 21977
9901 30000
9906 15975
9907 12917
9908 3676
9945 29157
9953 30282
9956 16092
9970 16408
9976 9044
9991 15123
9995 19302
10007 15303
10014 28869
10020 19850
10024 16334
10025 22793
10028 11197
10029 453
10033 12427
10036 16659
10037 13271
10038 4272
10042 20478
10045 24374
10046 6140
10047 16839
10059 13959
10069 493
10072 25427
10080 411
10082 18286
10083 2297
10084 28918
10086 13545
10087 2083
10088 327
10093 22796
10103 9899
10105 1099
10106 15167
10110 22886
10116 25956
10118 381
10132 13515
10142 31582
10155 18905
10169 1341
10173 2525
10176 26449
10177 2976
10178 25254
10180 22604
10182 27604
10183 30995
10184 9160
10185 24349
10203 20294
10206 11675
10207 10183
10212 5194
10213 29846
10216 28051
10217 13066
10218 14442
10274 1052
10276 18702
10281 13708
10282 21572
10292 17000
10297 19155
10301 1759
10317 10152
10322 17087
10331 11327
10332 31828
10340 28029
10341 4798
10342 24408
10356 17883
10362 2390
10382 11544
10385 24377
10387 3731
10396 26031
10414 1569
10415 27857
10417 24119
10419 1719
10423 29853
10426 15567
10427 1195
10428 14616
10439 5417
10451 132
10453 23097
10454 19750
10457 23461
10458 17250
10475 13664
10478 7047
10488 17896
10499 19878
10506 22330
10507 20208
10514 25684
10517 23383
10524 15590
10526 21310
10533 26455
10537 31637
10540 25861
10551 30884
10554 20155
10558 29929
10565 2450
10570 9112
10574 8782
10577 22533
10581 4521
10593 2079
10602 24886
10625 7799
10629 6878
10638 7240
10642 8179
10648 2183
10652 32216
10654 25288
10662 17436
10664 26387
10666 24118
10671 2547
10674 31069
10677 14751
10683 22759
10698 24033
10699 8822
10701 7282
10718 15896
10720 17394
10722 25980
10724 9564
10729 21644
10738 20530
10750 28518
10751 23258
10756 29572
10762 14477
10765 4833
10767 22582
10772 13477
10775 13568
10778 12270
10782 4529
10811 15005
10817 29050
10837 9791
10839 26560
10841 21482
10842 16406
10848 29003
10850 29798
10854 7606
10856 14852
10866 20251
10872 7566
10875 24491
10880 7543
10881 3521
10884 7300
10888 1486
10889 15475
10891 10507
10892 20106
10899 5215
10904 2986
10917 25136
10920 22701
10922 29343
10923 25092
10929 12858
10961 10086
10968 19575
10989 24305
10995 10915
10999 18586
11000 23560
11009 4512
11011 27157
11016 31696
11018 27502
11023 32103
11029 13689
11031 28461
11055 19909
11058 26975
11066 26174
11069 31411
11071 5895
11072 1139
11082 2233
11087 2993
11088 9094
11111 18725
11115 15792
11116 15559
11123 19470
11124 9672
11127 27931
11130 10278
11131 9117
11139 17444
11143 4275
11144 27378
11152 25438
11159 5971
11162 16988
11163 30561
11165 16384
11175 32539
11195 8037
11206 5948
11212 2368
11213 3444
11215 32502
11216 31052
11238 23555
11248 10187
11255 14378
11256 29957
11271 12299
11273 11337
11277 6686
11280 17054
11285 32430
11286 16213
11287 20623
11289 30143
11294 14687
11304 13531
11318 8024
11324 6081
11332 30511
11338 30896
11347 24508
11351 10424
11361 16817
11368 4067
11370 14542
11380 17885
11389 10771
11392 13813
11399 19533
11403 1304
11404 10578
11417 31414
11419 25702
11428 8599
11449 29922
11454 26226
11465 25030
11467 29031
11482 30804
11492 5586
11495 3077
11517 28217
11519 91
11522 31113
11528 4230
11535 23214
11543 20575
11546 24657
11552 4758
11559 26691
11567 23508
11568 11297
11569 27835
11576 31342
11579 26718
11586 24607
11602 17670
11626 29623
11629 2816
11642 23350
11643 9267
11651 27735
11661 14688
11662 21175
11663 25878
11666 28724
11671 9234
11673 25067
11683 15566
11688 2042
11710 17283
11716 30463
11717 8150
11718 13112
11726 11859
11731 14637
11743 9613
11746 11901
11747 20636
11751 26568
11757 2657
11783 4371
11784 5102
11792 29310
11799 11942
11804 11123
11805 1124
11815 26285
11818 17405
11819 5308
11823 11376
11826 21010
11828 32756
11829 2101
11833 7095
11840 27587
11841 19478
11843 30549
11848 24684
11859 20034
11864 30003
11865 14668
11874 27606
11892 29400
11893 2549
11898 22838
11900 18618
11901 8643
11904 25785
11925 12901
11929 12264
11937 13175
11946 28968
11957 8599
11958 15447
11959 7626
11970 4456
11975 7516
11977 13250
11982 13557
11983 3090
11989 31720
11992 15373
12004 9717
12008 21390
12009 15966
12014 25925
12017 15231
12031 27155
12035 22662
12041 25300
12051 1358
12054 14493
12060 10000
12061 19607
12076 4333
12081 28231
12086 12345
12090 11324
12094 31654
12096 2120
12099 20103
12100 24921
12116 30750
12122 29348
12124 30455
12126 20974
12136 18997
12137 17992
12145 5732
12148 28894
12149 17516
12152 525
12164 5602
12165 14421
12167 31555
12168 17540
12169 32188
12172 30021
12195 7359
12200 21730
12202 8925
12208 6293
12221 9684
12229 22862
12230 17003
12232 2080
12237 26982
12242 22171
12243 26878
12257 4238
12278 679
12283 9155
12293 32294
12316 13781
12326 24284
12331 1859
12344 11190
12355 27778
12363 21231
12368 24190
12384 552
12389 15198
12391 28990
12397 12972
12408 16481
12409 15665
12414 965
12423 1086
12425 21466
12437 12613
12438 28962
12451 16678
12462 20951
12471 2110
12473 19421
12475 14617
12480 16754
12486 22921
12489 2081
12507 14653
12527 12260
12528 11725
12534 22115
12544 31569
12545 21693
12554 25767
12562 12423
12563 9281
12564 25188
12567 29266
12572 30628
12578 11735
12579 5516
12583 20058
12585 27341
12592 27505
12595 27462
12596 13474
12608 19909
12609 4498
12613 9328
12616 14556
12630 4082
12644 8421
12657 1547
12669 22722
12671 30739
12676 11839
12681 27875
12687 29029
12702 18080
12703 6334
12706 6786
12711 6408
12712 31763
12721 16195
12727 749
12730 23982
12735 24079
12752 5566
12754 2975
12763 6549
12766 11694
12781 5979
12783 2889
12785 32626
12794 28345
12802 17729
12805 15256
12807 14784
12812 4044
12817 5132
12836 11169
12840 19277
12846 5619
12847 17848
12851 19325
12852 17838
12864 19547
12892 6016
12896 3207
12905 15873
12912 18050
12914 15008
12918 30450
12930 20893
12932 31884
12936 18477
12955 8553
12969 26721
12980 15589
12981 23849
12985 11941
12990 16942
13002 1409
13024 10029
13037 5688
13040 20317
13049 32117
13054 28409
13065 28918
13069 9974
13077 20555
13081 20891
13119 20228
13129 15062
13136 3916
13156 1535
13172 22305
13180 11881
13182 9595
13189 29500
13195 17356
13198 10589
13199 1617
13200 30628
13203 28868
13213 25920
13221 27445
13223 28223
13227 27666
13234 15647
13253 6656
13257 8823
13266 21071
13281 5307
13302 3240
13311 31951
13328 1944
13334 962
13337 15399
13341 4236
13345 3035
13351 5992
13363 13192
13372 8148
13376 19309
13392 3147
13401 22499
13403 1579
13419 16575
13421 31855
13445 1700
13455 13174
13464 19095
13471 30550
13482 28588
13491 18359
13497 13580
13499 30859
13514 7841
13520 13159
13529 11444
13532 10742
13537 32479
13546 8292
13553 28857
13560 14101
13566 12751
13569 20685
13571 29599
13582 26306
13586 32208
13605 22444
13607 13318
13608 13682
13615 27054
13618 29643
13627 30400
13635 16994
13636 19992
13642 23890
13647 11530
13666 27576
13671 5594
13672 532
13674 4996
13676 31194
13691 14926
13704 9933
13705 86
13707 7675
13708 32407
13717 2202
13721 28994
13722 32141
13725 23592
13730 18732
13732 15114
13742 9708
13747 30999
13753 8285
13762 23867
13763 11694
13765 12089
13772 27425
13777 16232
13792 19088
13793 9630
13814 10794
13822 16138
13829 10449
13830 20320
13831 1251
13832 24644
13842 15185
13845 13238
13849 26565
13850 11521
13851 7596
13853 29717
13861 6690
13875 12323
13877 13933
13880 24875
13891 4255
13898 23223
13899 16776
13902 497
13909 15304
13954 27979
13968 25560
13982 6138
13990 10968
14008 3810
14014 1432
14037 16852
14049 1185
14053 8700
14066 1838
14087 19827
14104 11075
14111 9131
14114 9877
14115 4682
14120 3472
14127 17793
14143 29448
14172 299
14177 21893
14178 26444
14207 4725
14220 29091
14223 32189
14238 22216
14246 14902
14247 8337
14249 26487
14270 25663
14273 30494
14274 18542
14277 12399
14282 9137
14286 2473
14291 16677
14299 32528
14301 26738
14312 31378
14331 14460
14342 24467
14343 1276
14350 6654
14352 31256
14358 28090
14369 22886
14387 13485
14388 13447
14392 15463
14406 21778
14414 7702
14415 25590
14431 12629
14442 21144
14446 12137
14454 23540
14455 4608
14460 26493
14465 24815
14468 10675
14478 16662
14482 25402
14502 7050
14511 15371
14514 16074
14518 10092
14519 994
14529 13145
14531 4778
14534 4767
14537 7424
14560 3201
14565 6102
14576 18576
14580 3003
14581 753
14585 14435
14594 26854
14599 13964
14600 973
14602 28411
14609 4111
14613 27436
14620 6293
14628 4463
14629 11537
14633 7849
14641 22910
14646 12598
14653 23187
14658 27399
14659 30020
14663 6775
14666 5594
14671 30543
14672 14460
14679 10317
14680 1090
14681 26201
14685 24855
14688 10432
14691 11830
14697 7803
14701 18483
14703 1467
14716 13707
14717 4556
14720 19322
14723 30685
14729 17438
14745 17712
14748 31813
14763 6436
14765 14634
14780 28624
14787 22782
14788 11632
14794 31690
14797 23893
14801 15967
14806 24432
14816 25725
14819 24273
14826 24462
14832 11722
14838 6268
14840 1728
14852 2844
14855 1268
14856 7810
14870 13782
14876 18744
14877 26468
14883 120
14885 23700
14886 5621
14890 9747
14895 2281
14922 475
14923 12669
14927 6756
14937 10232
14939 19848
14944 22067
14948 9065
14951 30669
14957 17231
14981 16348
14984 23812
14995 21936
15015 31082
15025 25224
15027 11795
15038 24329
15041 31382
15044 15687
15048 7966
15051 4061
15062 26085
15066 28621
15070 21929
15073 6936
15078 2932
15083 1359
15085 23674
15089 12669
15091 26693
15101 11967
15106 22731
15113 17734
15118 13930
15120 26735
15126 32113
15127 16212
15130 13681
15143 24302
15149 728
15177 8558
15178 26542
15183 5632
15185 25906
15194 30918
15196 10328
15199 650
15209 23556
15212 29307
15225 28575
15227 2078
15228 24023
15244 23858
15248 32054
15257 21523
15263 20469
15285 25002
15286 9027
15294 28558
15301 31724
15307 13305
15309 13830
15311 14550
15314 4996
15315 1168
15317 30060
15319 27907
15323 30706
15326 2024
15329 21479
15333 29954
15334 18835
15339 23950
15342 12204
15344 8059
15350 32393
15363 30024
15374 30328
15383 9113
15385 6947
15400 19751
15403 12342
15412 4922
15418 6155
15427 31629
15431 19976
15439 23627
15440 14025
15441 24293
15476 9740
15479 32269
15482 11440
15497 32321
15510 12012
15522 9151
15523 9932
15525 32642
15534 16266
15540 1667
15546 20340
15550 31521
15556 23796
15558 17773
15559 14877
15565 14847
15571 25056
15572 26303
15580 5229
15581 31288
15584 8618
15596 13594
15597 30848
15598 5986
15599 19264
15616 27840
15619 20532
15620 13595
15625 11630
15640 6253
15647 7828
15663 30429
15670 29476
15672 22748
15695 22798
15696 21594
15708 9711
15711 363
15714 22520
15718 7868
15721 12480
15728 12545
15736 17768
15740 9581
15741 12873
15743 20772
15744 3025
15750 26576
15753 4826
15760 31045
15761 29613
15775 28679
15776 18630
15781 30222
15793 15216
15801 11177
15807 11681
15808 12298
15811 28362
15812 21413
15816 2190
15822 11365
15824 5104
15827 21498
15828 4793
15833 26399
15837 21163
15838 6545
15854 32675
15856 8179
15866 26088
15874 23994
15882 17200
15884 18028
15886 4151
15892 10244
15902 24577
15905 27237
15914 15854
15915 12825
15927 8972
15934 2040
15937 30486
15948 27190
15954 13920
15957 3303
15971 21848
15986 26507
15997 487
16000 20034
16001 20426
16014 14944
16019 7245
16021 13689
16022 14368
16029 26361
16031 4824
16034 16313
16035 10624
16038 29112
16046 853
16057 25311
16069 4339
16071 3251
16085 12029
16087 24729
16092 14410
16095 3212
16098 5338
16102 30310
16108 8635
16115 12709
16120 2783
16122 7837
16141 31371
16152 30347
16159 7659
16161 28017
16177 18796
16181 13621
16200 862
16205 23634
16213 3514
16231 24742
16237 4371
16240 11573
16241 26201
16246 12706
16247 12375
16253 838
16254 16490
16263 17930
16284 13293
16287 24254
16288 13871
16298 9257
16310 5773
16311 18820
16336 1658
16343 21635
16358 22873
16362 27013
16372 15384
16375 31324
16378 14090
16392 30300
16395 8036
16406 30627
16414 28438
16420 13138
16424 10304
16425 17979
16438 15589
16440 8055
16441 25966
16442 8368
16445 1878
16451 13216
16454 32617
16460 14256
16477 1439
16479 3281
16480 28911
16481 27733
16494 24413
16498 26299
16521 3288
16526 16083
16531 14547
16536 7888
16541 1822
16547 6646
16552 13954
16554 30130
16564 373
16569 10668
16572 23575
16576 11802
16580 21529
16581 7027
16582 28731
16592 6638
16603 1742
16609 26963
16617 24739
16618 13312
16619 29507
16621 6146
16622 14261
16633 5028
16637 30851
16641 71
16646 20171
16652 10124
16653 9757
16659 19712
16660 8689
16668 18126
16672 15004
16673 26189
16681 15638
16682 8172
16687 7176
16688 12682
16704 14842
16711 31420
16712 4473
16713 8183
16715 6290
16716 17591
16723 28631
16725 11889
16729 15807
16744 12311
16751 17823
16753 12465
16756 13777
16770 15349
16774 1353
16779 18220
16783 7886
16797 15683
16798 21339
16800 3372
16802 662
16810 16489
16816 32674
16821 8260
16823 27128
16828 30756
16830 20324
16845 23139
16846 15937
16847 16089
16854 15483
16869 15344
16875 578
16882 21361
16885 27464
16889 11282
16894 7333
16931 3838
16934 9231
16937 14262
16938 7640
16947 7349
16972 24470
16976 12730
16977 9806
16978 31067
16983 16400
16995 8201
16997 16399
16999 20333
17001 27765
17006 7532
17024 7080
17026 4786
17031 16830
17034 11919
17036 20746
17038 12709
17045 16764
17057 13807
17097 10060
17107 6284
17112 31607
17118 5952
17150 23955
17180 31236
17189 22518
17221 17766
17248 2848
17260 24461
17263 27127
17264 18316
17265 5979
17268 30936
17273 20839
17274 16904
17280 2703
17281 28739
17283 3780
17289 27841
17294 14348
17298 8193
17299 23712
17314 23171
17317 30123
17319 4444
17320 16390
17329 31351
17334 7841
17339 8639
17342 8967
17345 20850
17349 23878
17352 10462
17353 2902
17355 30153
17366 12971
17375 13246
17379 30221
17380 17358
17393 25430
17396 10259
17400 23634
17401 23608
17403 11063
17409 6885
17417 24315
17429 631
17461 15931
17463 32342
17471 358
17485 26473
17488 12206
17494 2944
17502 26362
17504 17537
17510 29508
17515 5786
17548 23933
17568 18208
17574 25009
17579 8120
17581 22429
17586 28862
17591 13235
17606 15502
17611 25463
17612 11712
17617 23309
17619 31139
17630 7541
17632 12548
17637 21334
17644 10485
17654 11791
17660 158
17675 29139
17678 4055
17680 29462
17688 5081
17689 24035
17713 12100
17714 22548
17723 24620
17726 26430
17728 13027
17738 2171
17742 24451
17753 20954
17759 23136
17764 24427
17768 997
17773 11780
17777 17829
17792 29168
17795 14190
17805 7570
17814 15168
17818 18184
17842 6755
17843 14326
17844 20071
17851 14056
17855 21990
17857 2276
17873 20898
17887 2231
17890 12078
17918 3070
17930 25313
17932 18060
17938 20035
17942 16337
17952 25897
17956 16295
17970 20490
17971 23363
17977 23690
17978 22434
17989 4335
17992 2472
17998 20265
18013 26295
18017 22705
18019 15769
18020 5227
18023 11502
18034 21631
18037 26400
18050 32275
18059 27039
18060 26271
18064 22720
18067 24238
18068 11194
18079 1410
18083 26841
18084 6077
18089 640
18111 30277
18114 10019
18119 22141
18124 24552
18131 5756
18133 11831
18135 32765
18137 10510
18142 7432
18150 19375
18154 15508
18173 4416
18189 2102
18192 29528
18197 9895
18201 2581
18202 27177
18203 16458
18207 16794
18210 27416
18216 26993
18225 1604
18231 21732
18232 12704
18239 1249
18260 14038
18266 1331
18283 30883
18287 13464
18289 21468
18297 31061
18306 25946
18308 26137
18317 9230
18323 22120
18327 29881
18330 19508
18332 15230
18343 32720
18345 27371
18349 26518
18355 20957
18370 4291
18374 19692
18378 376
18379 16700
18381 26886
18385 19461
18395 16088
18398 17905
18411 20526
18412 17840
18417 13410
18423 10007
18425 8632
18435 31692
18440 12476
18442 19102
18447 11362
18452 29434
18459 32595
18460 25286
18478 19991
18486 1737
18495 13503
18497 19135
18503 4036
18508 5237
18510 28005
18517 13780
18523 14126
18526 13338
18539 11308
18541 6246
18558 18537
18564 30968
18574 19087
18593 25178
18612 21306
18616 435
18619 5236
18623 16236
18624 31712
18628 24649
18638 7395
18640 30322
18647 29826
18648 11299
18649 8938
18654 31194
18663 20801
18665 22351
18666 10025
18676 4796
18678 26075
18683 20360
18686 3090
18687 21075
18688 19888
18693 32423
18699 11663
18703 10561
18708 548
18709 21184
18716 14476
18721 20531
18722 13549
18730 9961
18740 1861
18741 27926
18758 25639
18766 31443
18777 19060
18785 2165
18803 31834
18811 5208
18835 25677
18843 16795
18846 28894
18881 29398
18885 31560
18893 28260
18895 13762
18896 14392
18901 13501
18903 5119
18909 9704
18914 31419
18934 17394
18939 2295
18951 11595
18954 13774
18958 27234
18961 5312
18966 14207
18971 3000
18972 5254
18991 20265
18994 28920
19004 747
19012 20842
19016 17879
19029 18768
19034 4827
19044 9052
19046 28408
19047 16185
19051 3692
19053 3077
19055 31620
19057 14521
19061 7586
19066 31446
19071 18449
19080 1917
19083 14534
19087 23703
19111 20637
19112 22762
19114 18503
19123 32594
19125 19470
19129 4812
19133 4981
19135 14313
19136 13616
19158 21318
19203 345
19214 18669
19216 30964
19218 6216
19227 4791
19228 21521
19234 11885
19237 28176
19241 4340
19242 830
19244 21063
19249 27014
19269 4054
19272 19428
19289 20812
19297 9481
19304 23296
19310 16684
19314 3710
19322 2571
19325 28087
19332 24308
19341 14366
19343 27529
19352 22398
19359 17774
19363 20467
19368 32554
19370 23879
19377 13461
19378 351
19387 4788
19399 29211
19402 27267
19403 11407
19410 30293
19411 32254
19416 5101
19418 26700
19430 15146
19431 3702
19437 6714
19442 26708
19446 2603
19451 32577
19468 8978
19474 20641
19476 31466
19489 19368
19490 30492
19506 24870
19524 27388
19545 3832
19556 32069
19559 13099
19564 2181
19577 25353
19580 15551
19584 12943
19586 3350
19591 30984
19594 21930
19597 14744
19598 24464
19603 6691
19604 15146
19608 24425
19614 12223
19616 20463
19622 30697
19632 7394
19640 13921
19650 17301
19653 8564
19660 4575
19662 21347
19667 15363
19671 7387
19691 10622
19695 15683
19700 4278
19701 15820
19703 5663
19717 7727
19721 31758
19726 22142
19732 1249
19745 23461
19748 25480
19753 29318
19764 20638
19766 12058
19775 2798
19782 19921
19784 1137
19788 11253
19792 921
19798 69
19800 17329
19814 27135
19817 31320
19822 16885
19824 5325
19825 2840
19832 19485
19843 16053
19847 23758
19856 22177
19861 126
19865 28893
19868 24201
19875 16238
19878 5564
19884 5156
19899 8711
19903 29822
19913 4720
19918 11936
19923 7699
19929 4939
19935 2374
19937 24305
19948 12974
19951 3758
19975 19657
19983 7580
19999 16914
20009 4309
20013 24165
20014 8676
20018 16352
20019 25453
20023 9926
20032 4160
20035 21967
20037 26870
20040 25496
20045 30437
20059 31737
20060 25131
20062 1402
20067 32402
20074 3552
20075 5374
20085 914
20086 457
20089 24375
20095 10177
20099 25954
20105 9845
20115 11815
20116 6561
20120 29507
20127 3733
20130 16040
20135 11196
20140 14877
20149 25968
20154 19886
20161 4187
20164 13600
20173 32541
20174 9367
20182 14281
20184 8660
20187 16026
20190 29501
20195 18607
20196 8850
20206 12529
20215 31499
20223 5823
20229 17437
20235 21621
20239 5915
20257 31456
20260 6793
20263 11853
20272 14051
20277 4827
20281 21629
20291 25264
20293 23139
20300 22771
20321 7202
20325 18731
20338 11792
20340 29685
20341 536
20343 16414
20353 11171
20358 19660
20361 17950
20372 30084
20383 10226
20387 5687
20395 2891
20434 23964
20444 16389
20451 6785
20463 740
20474 24195
20490 27718
20501 6448
20504 31918
20514 11166
20516 29323
20519 25897
20525 22649
20526 716
20540 6678
20558 31206
20560 15609
20561 2577
20566 125
20568 25119
20576 10227
20594 28813
20596 8144
20598 22470
20600 22405
20605 30515
20608 24278
20624 4788
20637 3472
20639 31691
20642 10052
20648 31740
20650 27118
20655 12659
20677 16239
20680 17184
20687 13766
20689 2648
20704 15247
20705 14637
20711 6025
20712 6008
20718 13669
20726 5014
20727 8004
20731 15224
20733 8690
20741 27873
20742 30044
20758 30978
20768 31227
20769 17971
20771 26376
20775 31329
20790 16239
20791 31431
20820 18841
20821 11704
20825 14133
20833 19768
20835 3091
20841 10591
20842 12989
20845 2468
20849 2087
20850 10118
20861 22590
20867 27873
20868 3839
20870 19822
20872 16030
20876 11140
20891 15832
20897 19664
20898 28453
20922 1540
20936 19081
20958 30219
20959 27577
20964 19338
20986 24102
20989 12467
20990 11739
20996 8977
21015 258
21021 6298
21023 16349
21036 22621
21041 10089
21043 17033
21048 14530
21060 5552
21066 14474
21078 6325
21082 14343
21086 30354
21088 30759
21094 3286
21112 18027
21118 29659
21119 16615
21134 9734
21147 7863
21156 11616
21163 9282
21179 27256
21197 13902
21209 19553
21225 14357
21235 2162
21236 11792
21242 18363
21257 1615
21267 1557
21270 20666
21279 9220
21281 13719
21287 19547
21293 16412
21318 23167
21321 3464
21338 15746
21342 6540
21363 15201
21376 16014
21380 29755
21385 30272
21386 15294
21389 4225
21404 15288
21411 17789
21419 2726
21424 3362
21427 18839
21445 9579
21455 12384
21458 7285
21460 15692
21463 27869
21464 26143
21472 9210
21473 26697
21478 5983
21481 21899
21488 8470
21490 22398
21504 14254
21506 12541
21507 15631
21524 32351
21542 31609
21546 11670
21547 30160
21549 22788
21551 19127
21560 3919
21590 8170
21596 3699
21605 7229
21616 13912
21619 1849
21620 108
21631 21935
21638 2159
21641 8583
21646 32640
21651 18560
21658 5690
21667 16564
21677 6075
21681 16296
21682 21023
21683 6739
21688 22257
21693 10220
21695 4926
21698 4895
21702 845
21708 23987
21711 13760
21714 28064
21724 16452
21727 30404
21742 29610
21743 28488
21745 31371
21746 28649
21766 11993
21770 11337
21774 15202
21778 13951
21780 11049
21788 27575
21793 22039
21796 9620
21799 24941
21803 31525
21807 2773
21808 15767
21810 11378
21817 21394
21818 504
21820 30505
21832 32251
21842 6549
21843 11519
21847 2810
21849 11030
21857 1142
21871 9229
21874 20477
21875 30593
21880 3135
21884 7051
21893 15087
21901 26145
21902 29798
21906 207
21909 30744
21912 9730
21918 5619
21922 13234
21930 6901
21937 12377
21946 1243
21948 17985
21950 10187
21952 18101
21961 27317
21987 30847
21988 20190
21991 32481
22002 30605
22008 27575
22011 29961
22038 19629
22039 24077
22042 32463
22047 8077
22074 9880
22075 7778
22078 24453
22079 6208
22084 30305
22100 5343
22106 30638
22107 7903
22124 5468
22125 8541
22130 24231
22136 12248
22149 12545
22156 13567
22158 14360
22161 2310
22165 25124
22191 2475
22206 6545
22209 19590
22214 7093
22239 12161
22241 32558
22253 16037
22255 19046
22259 11696
22261 23524
22269 26945
22271 16499
22277 26301
22279 6091
22291 19361
22292 30849
22296 1778
22297 13893
22306 13341
22307 16519
22309 21979
22326 23863
22327 21626
22332 2684
22338 1759
22345 26078
22348 28987
22351 3341
22355 1087
22356 8224
22357 2295
22362 10769
22382 12951
22383 30024
22404 25279
22409 15990
22414 8635
22419 19178
22422 17932
22430 16350
22431 23898
22437 14966
22439 514
22448 5328
22463 25901
22468 17306
22469 15490
22486 20535
22487 20176
22494 8187
22495 31110
22497 7593
22504 15999
22505 5641
22508 10825
22520 8808
22529 25700
22530 6815
22541 12818
22550 10300
22553 8589
22559 22039
22565 29218
22576 387
22597 24191
22605 11399
22615 7899
22617 6453
22630 3063
22632 11857
22657 1377
22664 5424
22666 196
22668 20067
22703 25475
22706 21463
22721 17644
22732 23660
22736 2326
22756 8903
22765 18466
22770 8968
22780 15041
22792 15361
22801 24580
22816 17677
22824 6420
22828 7367
22831 2412
22850 30883
22851 21230
22856 23175
22861 665
22872 1903
22884 4994
22888 719
22903 12385
22911 29874
22915 28890
22923 16834
22926 1273
22931 10806
22933 31148
22937 8471
23002 11203
23004 22858
23009 27127
23010 14294
23016 22472
23030 1473
23032 6264
23033 13127
23043 22874
23048 19368
23052 26667
23060 5306
23066 30329
23069 27270
23080 6844
23087 27618
23095 32767
23097 18657
23108 20720
23109 30252
23119 31224
23120 4722
23136 2187
23139 16440
23141 5648
23143 5853
23144 7892
23153 8897
23154 9705
23155 1193
23157 13205
23167 7688
23172 16129
23191 15939
23198 1329
23235 27380
23241 15062
23259 22393
23273 12013
23296 29924
23297 16973
23298 24970
23310 24070
23315 4831
23325 20377
23338 17961
23342 2399
23346 18265
23350 1922
23352 13495
23361 11790
23362 1651
23370 12834
23392 23448
23395 6887
23405 28338
23419 3427
23438 2854
23441 4606
23447 17957
23456 12038
23457 5948
23460 26866
23466 32563
23476 31970
23482 18761
23492 15958
23496 7810
23504 29876
23509 28062
23518 10802
23519 21837
23521 12534
23525 18233
23527 29193
23531 22338
23565 20960
23574 26402
23592 24079
23609 27393
23610 16253
23627 3769
23637 32705
23649 31496
23650 27907
23651 20311
23657 9395
23669 11778
23675 3872
23690 20095
23691 10825
23697 25852
23712 14899
23722 14741
23724 21051
23740 19417
23748 17772
23758 24095
23772 12587
23799 24265
23800 25312
23819 10799
23821 23398
23823 26798
23836 28690
23850 26886
23856 14305
23861 6940
23871 25518
23879 18943
23894 20990
23906 4251
23907 29402
23909 13877
23922 10191
23926 16762
23931 21309
23938 20264
23948 3701
23950 20143
23953 4448
23967 10929
23969 4526
23974 24768
23977 14822
23982 10299
23989 18479
23998 7463
23999 30593
24004 21120
24005 24501
24011 8536
24018 21965
24030 4252
24034 21691
24043 7708
24049 1181
24066 956
24071 23627
24072 6424
24077 29484
24082 25939
24087 16507
24091 3940
24093 17040
24109 18786
24118 21694
24123 31806
24126 26006
24131 11897
24161 2714
24171 4724
24173 821
24174 13806
24198 1833
24206 10549
24221 29575
24227 25983
24229 1268
24230 20274
24232 4858
24233 31003
24236 27391
24248 1971
24249 7727
24250 31254
24254 20877
24262 24133
24265 14755
24269 12081
24273 20289
24291 4239
24297 5386
24305 18114
24308 8890
24315 30895
24317 19751
24319 29109
24321 22708
24329 20231
24333 2568
24336 9798
24341 9081
24356 22106
24357 7996
24366 16681
24398 25221
24401 12868
24404 1853
24405 16634
24410 21661
24414 10151
24431 23249
24446 12773
24457 29313
24465 19363
24476 1026
24491 17139
24496 832
24499 16885
24505 25471
24510 14712
24512 19176
24514 31229
24525 14391
24527 20625
24530 5163
24534 26167
24544 8732
24568 29130
24569 23032
24580 26251
24585 32423
24592 14862
24605 12819
24617 24231
24618 22329
24640 6997
24642 18155
24655 28082
24681 27234
24693 27390
24699 27293
24714 2703
24721 14528
24722 21172
24723 22138
24741 1597
24760 22516
24763 21635
24766 713
24767 30958
24773 11664
24782 26112
24783 27447
24784 12338
24791 22410
24792 17476
24793 8528
24798 15747
24813 27955
24818 7216
24826 4780
24847 1687
24852 8960
24862 15850
24864 19642
24869 15726
24875 2433
24879 26024
24884 24948
24885 14805
24894 16115
24898 9
24899 17314
24919 14849
24925 7612
24926 472
24934 2683
24940 9239
24947 23130
24951 27479
24952 10966
24956 31445
24960 1175
24962 4592
24975 395
24977 6987
24982 7067
24983 16182
24985 7189
24986 6451
24987 30885
25005 19774
25017 4115
25021 31812
25026 9815
25030 21114
25041 32429
25064 24475
25081 7541
25087 23907
25088 32099
25089 20093
25091 15970
25095 2279
25098 5979
25101 17468
25119 18450
25122 27032
25127 4442
25129 2167
25133 18454
25134 20784
25151 14992
25156 27023
25157 31107
25182 23781
25186 24305
25187 20335
25191 26068
25192 9010
25196 5468
25197 6225
25204 17981
25226 29950
25228 19082
25233 4096
25236 29285
25239 17139
25249 16934
25270 7270
25274 27354
25283 13319
25287 24753
25296 16441
25297 4163
25298 19317
25300 5196
25310 31539
25315 9499
25316 17828
25319 14412
25331 31799
25346 18894
25347 27929
25356 15207
25364 24845
25367 21418
25373 24927
25374 13083
25383 9575
25386 279
25388 29312
25392 9564
25400 11562
25401 1041
25403 7666
25407 29674
25415 10207
25425 20908
25441 10696
25442 1553
25444 21574
25450 23758
25456 18221
25481 14023
25482 4765
25486 30795
25488 12232
25499 23005
25505 2674
25507 31462
25516 12866
25522 29003
25540 30227
25541 18760
25546 9227
25551 22330
25552 30911
25555 30140
25556 20377
25562 25929
25565 27054
25576 917
25593 13390
25603 22444
25608 17991
25610 6785
25615 31582
25617 12973
25623 17423
25625 28415
25628 17961
25633 18471
25636 11198
25645 3405
25652 10573
25654 2009
25655 22917
25661 29853
25694 12001
25698 30406
25700 1282
25703 30269
25707 28544
25714 15283
25716 26265
25720 8230
25743 19719
25749 27316
25751 26691
25772 23026
25787 32255
25789 3203
25791 5615
25795 11261
25802 4282
25806 8422
25811 23281
25820 5734
25824 18802
25847 26417
25848 30391
25853 12666
25854 15829
25861 16633
25868 16226
25876 2600
25881 31052
25895 9137
25898 30546
25900 13410
25907 10909
25909 12812
25915 31474
25921 17506
25924 32734
25927 14233
25930 6736
25931 22587
25941 32359
25950 30385
25951 2560
25953 29143
25955 13227
25970 18642
25979 20818
25984 21495
25995 19089
25996 24790
26006 8381
26010 179
26029 23773
26030 15322
26032 15058
26036 28131
26044 10562
26046 15820
26047 18302
26049 13156
26070 13634
26087 7956
26108 10934
26112 26678
26123 6455
26128 27525
26131 21302
26133 283
26135 24815
26137 12763
26152 10195
26177 837
26183 22825
26188 5299
26201 28841
26207 25717
26211 23312
26214 31915
26227 5523
26240 11885
26246 7511
26247 19755
26250 2460
26254 27520
26261 15040
26281 21438
26282 29348
26291 32366
26294 11083
26306 6174
26314 12389
26317 8482
26322 921
26325 8778
26330 30927
26334 29298
26345 11877
26348 18812
26349 27905
26355 1501
26357 25842
26373 4537
26377 30028
26384 12713
26392 19428
26400 3460
26403 8580
26428 13921
26440 13618
26444 20385
26458 15392
26460 32086
26479 21870
26487 1756
26505 18749
26511 13986
26521 32687
26527 17834
26530 16347
26533 29500
26535 710
26539 1126
26555 21711
26563 327
26564 26899
26567 19291
26572 4258
26577 979
26590 31626
26593 2516
26599 13164
26640 22724
26644 30563
26657 12995
26662 8085
26663 2551
26664 9257
26667 6059
26672 6702
26673 20089
26685 7139
26721 24966
26734 22549
26739 24171
26766 13318
26769 23657
26776 69
26779 5587
26793 21624
26801 13469
26804 31332
26805 11502
26814 9174
26815 8617
26825 6571
26830 5228
26832 5222
26841 25060
26843 14323
26844 23326
26845 21828
26848 13682
26863 10201
26879 3922
26889 10139
26897 8621
26898 8786
26899 20329
26900 22320
26914 1566
26924 19747
26925 13023
26931 14244
26932 4342
26935 3589
26945 27302
26946 13144
26958 23140
26964 23571
26966 9757
26974 5156
26978 22131
26982 5565
26985 10742
27003 28367
27008 1855
27016 20554
27028 26969
27030 13766
27034 1382
27035 24222
27036 4370
27037 32429
27042 15577
27044 31061
27045 15686
27047 5711
27049 23118
27070 16046
27073 22962
27085 2639
27086 10154
27089 10723
27093 29753
27106 8897
27108 7707
27112 27387
27124 18970
27135 11090
27150 20130
27151 23378
27161 25763
27167 17490
27175 27657
27181 11717
27201 25797
27202 12232
27216 14400
27220 26654
27234 11606
27237 31060
27259 20556
27264 3674
27270 24276
27271 20472
27274 27000
27280 456
27302 12163
27305 16630
27309 6730
27311 5429
27334 28463
27339 1728
27352 13897
27357 5735
27365 9657
27369 17716
27374 31940
27390 23973
27400 15121
27411 7699
27421 11444
27430 23087
27431 5076
27437 21
27439 12221
27447 13427
27451 2617
27458 26101
27466 12170
27468 12857
27477 7143
27488 20044
27497 15357
27498 15187
27502 24133
27505 4870
27517 11838
27521 27707
27538 956
27539 22381
27552 24263
27562 26619
27569 26050
27575 5109
27587 28915
27607 29538
27613 15170
27621 21911
27630 11200
27634 19525
27636 21076
27644 7440
27651 14103
27652 1538
27654 3731
27657 14960
27661 9313
27683 21881
27686 1381
27691 32500
27693 31872
27697 18936
27699 19108
27707 28898
27711 4062
27733 18616
27738 7918
27740 12508
27744 14125
27745 571
27753 7579
27767 5375
27790 14834
27792 391
27796 18339
27800 32210
27807 8244
27810 20315
27828 12282
27829 8184
27832 19868
27834 31181
27838 7725
27840 12898
27856 9552
27861 23732
27865 9611
27867 8149
27879 20290
27881 10617
27883 477
27896 31164
27902 18055
27904 16287
27905 15035
27907 26618
27916 28170
27926 28865
27928 12562
27932 19633
27947 30504
27948 1664
27952 19331
27959 3585
27964 22616
27980 14071
27983 27238
27993 30178
28008 23681
28010 15468
28017 5385
28019 6160
28025 17352
28033 16457
28035 26837
28049 11309
28050 11191
28058 25484
28067 29532
28070 31537
28084 4300
28090 25515
28108 29137
28119 32477
28127 26673
28132 20427
28145 12367
28146 14842
28151 16353
28154 8045
28156 9002
28159 22308
28176 6386
28179 27581
28182 9656
28183 4246
28197 18898
28206 25305
28207 9883
28210 12507
28224 7414
28236 15138
28248 8014
28252 10775
28253 7180
28267 768
28281 28
28282 743
28296 25005
28300 28142
28304 6482
28305 20959
28317 12714
28319 19947
28320 31478
28326 21387
28338 7204
28340 11270
28344 29644
28346 20022
28362 14369
28366 19676
28389 26597
28403 29448
28408 3112
28409 8789
28416 19724
28421 10003
28431 10251
28436 25264
28462 13827
28469 7193
28473 27892
28477 17421
28496 18527
28498 15770
28500 20782
28501 29262
28512 23348
28514 23286
28523 16341
28534 30019
28540 26467
28547 23437
28548 20790
28584 6181
28595 31006
28596 5074
28600 28320
28623 26303
28633 23202
28638 601
28653 28559
28661 7801
28666 12039
28667 11748
28672 20410
28678 31163
28692 7509
28710 30783
28717 4395
28726 5075
28732 5350
28738 18193
28748 10242
28767 9062
28768 18492
28769 18163
28772 17395
28780 13008
28783 15082
28789 26308
28790 27658
28792 5854
28795 32550
28797 18232
28801 771
28814 20394
28819 21869
28831 31891
28843 8390
28859 10632
28865 4267
28870 13207
28871 7585
28881 17583
28885 31263
28887 3023
28891 1093
28896 3988
28897 26365
28898 5301
28910 7858
28937 7128
28940 28054
28951 488
28959 10473
28969 20580
28975 3839
28984 2330
29006 13589
29007 26992
29013 24570
29016 22639
29021 11525
29022 11335
29024 2468
29025 26323
29038 29621
29041 24467
29043 25258
29044 29127
29045 19715
29057 22684
29077 8968
29078 17479
29095 15327
29104 680
29114 3476
29115 2356
29149 24338
29150 23662
29151 19089
29156 12393
29163 26668
29171 22572
29180 29596
29188 4040
29193 9030
29215 31161
29227 14704
29238 17228
29245 14867
29251 6533
29253 23787
29265 616
29278 22305
29284 891
29299 7334
29305 21709
29306 16682
29314 30657
29318 24473
29319 8082
29330 19948
29340 10666
29341 12549
29347 23584
29348 14086
29352 24090
29354 21802
29359 12781
29363 22488
29386 1414
29408 16262
29411 28953
29416 20544
29430 23312
29431 26315
29434 30401
29438 1372
29442 22388
29451 18731
29453 17009
29461 5039
29465 29516
29469 21323
29476 10633
29479 10826
29492 11422
29495 16757
29506 17769
29507 13495
29521 31735
29532 32373
29533 31358
29534 10893
29539 17431
29564 22153
29615 28840
29616 18664
29622 2855
29628 22745
29635 8014
29641 25641
29649 17066
29655 31330
29658 15502
29663 7030
29670 27241
29672 32021
29673 4397
29675 2180
29687 15511
29688 22467
29692 9478
29699 14585
29702 27039
29707 13119
29715 20571
29732 3717
29738 8550
29743 14955
29744 27139
29748 8959
29754 11975
29769 2597
29771 21269
29786 15341
29791 4740
29792 6971
29809 23835
29810 7646
29816 28942
29823 30292
29833 23470
29845 12133
29846 1028
29848 29471
29849 12690
29854 7491
29855 22449
29865 3855
29867 11227
29868 16046
29877 13187
29883 11305
29900 8148
29909 15750
29911 5955
29925 27623
29926 28814
29945 2188
29947 31291
29954 1564
29955 54
29958 28721
29959 16165
29973 20639
29976 21017
30007 14984
30012 20107
30013 6375
30017 29197
30021 20401
30027 23843
30056 20400
30057 6800
30062 31759
30075 13301
30076 22505
30082 5433
30097 19756
30110 17723
30113 31651
30123 25901
30124 25259
30138 11589
30145 29275
30147 24716
30149 26749
30152 27977
30156 14595
30158 25440
30164 27249
30167 882
30170 26947
30180 12518
30182 358
30183 27068
30196 5571
30197 30667
30202 3756
30207 18308
30217 3397
30237 30268
30244 30310
30247 14258
30257 9927
30258 20857
30260 31814
30272 27316
30282 18062
30292 28075
30293 320
30297 18628
30304 31042
30311 787
30312 1254
30313 14658
30318 26987
30322 21397
30324 24408
30329 31728
30334 22561
30339 27449
30345 18365
30349 18982
30352 29818
30355 14911
30361 8959
30368 4211
30372 5853
30373 15232
30377 10852
30383 14672
30393 23446
30400 24625
30403 16847
30415 26503
30420 5864
30422 12187
30424 16017
30429 17572
30433 4077
30440 32472
30472 22940
30492 12462
30493 31429
30498 31034
30503 1593
30507 10551
30513 27438
30517 11913
30530 22345
30534 2602
30540 18275
30541 8741
30542 6190
30543 19286
30558 19808
30559 17419
30562 10054
30566 30025
30569 12808
30571 9848
30592 1108
30596 15676
30607 31816
30610 12320
30616 8506
30619 12744
30624 17712
30627 16061
30636 16308
30641 7045
30642 24540
30650 25056
30653 24749
30657 29998
30663 8636
30673 2025
30674 27665
30676 14497
30677 30958
30689 27020
30697 26774
30699 1343
30723 27466
30746 31854
30753 16945
30755 11067
30758 7764
30779 9784
30783 14562
30785 6162
30787 8936
30790 14676
30792 19942
30797 26282
30799 7648
30807 8847
30810 18124
30816 20508
30819 20845
30822 3731
30834 9868
30836 8978
30837 5259
30843 6494
30844 5928
30845 10305
30853 24636
30854 31958
30878 842
30883 29300
30887 19863
30890 25847
30892 1554
30893 11783
30897 27842
30907 27700
30908 4526
30911 14529
30912 17554
30922 28990
30927 24535
30928 23164
30942 5591
30951 31720
30956 16676
30958 21773
30962 28056
30971 16847
30973 26621
30976 22755
30993 6351
30995 508
31000 7523
31013 24237
31015 30460
31017 21962
31025 18175
31026 28761
31034 31247
31051 15012
31057 14010
31080 22006
31084 21730
31110 17324
31113 27509
31116 1617
31121 22739
31130 29744
31131 6037
31132 20680
31136 723
31140 5406
31144 15862
31167 29562
31172 1244
31175 16009
31176 4982
31178 4000
31191 8880
31197 32558
31205 6934
31207 2159
31211 7603
31215 20856
31238 17063
31246 15002
31247 6183
31259 3654
31278 22014
31284 7666
31290 3575
31291 14746
31293 25630
31299 13134
31300 28861
31308 12820
31313 10053
31314 30808
31333 6740
31342 9771
31347 4716
31353 739
31357 5680
31358 30000
31360 10620
31374 8400
31386 18275
31389 24831
31395 30
31400 26167
31410 7771
31418 6501
31429 27563
31434 26840
31435 5736
31444 27144
31452 19827
31454 7519
31462 24995
31471 6463
31478 23334
31484 22713
31490 421
31502 27872
31507 3089
31513 5752
31524 4000
31529 2581
31535 29094
31569 28817
31582 15505
31584 11554
31590 27993
31592 14748
31607 28068
31613 22272
31625 1542
31628 8201
31631 5863
31633 19744
31637 17486
31650 22859
31663 28200
31670 14984
31672 23240
31673 29687
31676 29027
31679 16366
31690 9274
31691 11697
31697 22732
31707 5436
31709 2538
31712 20575
31715 22460
31716 23079
31719 1355
31722 8529
31737 7485
31749 13572
31755 10566
31759 13521
31760 52
31762 29852
31764 3336
31767 23891
31770 3928
31775 3260
31776 735
31781 306
31782 13283
31784 25588
31788 11910
31792 30908
31803 25777
31807 19908
31813 27347
31827 7686
31832 13526
31840 10939
31852 24732
31870 29249
31884 22334
31891 4546
31897 26061
31910 17301
31919 32645
31923 8790
31927 17372
31963 8825
31968 19172
31974 5278
31978 24382
31979 27156
31981 173
31988 31491
31989 26066
31992 24086
31997 1836
31999 31219
32005 7276
32006 24657
32008 10435
32009 1243
32025 1240
32038 18506
32039 3636
32051 11564
32056 12690
32060 15945
32061 13947
32093 26196
32099 27088
32101 9830
32112 8260
32131 18293
32139 25347
32165 19213
32167 27072
32171 30482
32187 22336
32193 14824
32206 28243
32207 22716
32220 12714
32228 17320
32263 13718
32281 18620
32284 22315
32289 22074
32298 2686
32304 8368
32307 14566
32312 31415
32323 2319
32331 7298
32337 26438
32339 24085
32340 19216
32353 16862
32360 28509
32367 29501
32371 21089
32375 11631
32383 25877
32386 20532
32389 12039
32390 517
32393 6111
32399 7828
32421 20037
32425 25236
32428 14427
32429 13405
32439 18691
32446 9496
32456 27640
32458 10435
32460 8881
32461 18672
32466 22052
32473 16363
32474 17943
32490 2387
32501 2680
32512 28829
32515 31827
32519 26890
32526 9874
32527 16605
32528 15414
32531 2676
32547 27144
32549 2859
32552 32521
32555 26548
32563 30934
32589 12175
32597 5714
32600 11296
32602 22525
32611 23150
32620 30968
32627 13308
32630 11748
32653 27710
32658 15622
32662 2066
32667 10373
32694 3100
32698 13519
32703 14173
32707 18647
32709 25453
32713 31244
32714 5603
32716 1490
32719 17621
32730 23186
32731 19639
32733 29267
32743 10687
32744 18786
32745 25178
32750 22046
32763 19207
