17 6553
0 119832
34 19315
52 118593
78 97982
110 105198
130 22900
135 21119
219 90515
228 12385
237 61804
243 8426
250 85876
279 17726
300 77059
327 123144
338 4729
345 65029
359 32591
370 31768
374 111707
379 20015
407 39310
447 102778
484 65068
497 102776
522 66971
543 120477
572 30041
608 76597
619 81201
666 85719
693 69023
696 47040
724 122307
731 85790
747 59506
756 57669
796 35748
798 1591
808 44246
813 129059
855 40615
889 18358
927 77363
952 126800
980 6899
994 107328
996 118554
1018 84552
1054 62825
1080 27132
1122 41146
1135 21613
1162 113299
1198 72293
1244 77749
1269 88882
1278 68556
1282 73766
1307 54436
1340 24779
1363 32232
1372 88376
1385 77236
1388 54602
1450 9372
1474 22245
1483 95287
1507 52633
1518 130950
1524 48021
1545 75294
1594 92955
1652 79201
1656 13729
1662 85978
1745 507
1748 110492
1797 7594
1801 94314
1811 109193
1814 108012
1817 61878
1820 47963
1831 64970
1855 51214
1857 15472
1902 20888
1908 128673
1959 66096
2002 50281
2018 130192
2053 86977
2061 43854
2070 31962
2072 127753
2073 65381
2082 85580
2147 87915
2154 11821
2185 101405
2210 32419
2255 124437
2268 117992
2293 94053
2327 48326
2348 120748
2391 75294
2432 90642
2452 58255
2470 79655
2585 100005
2586 50418
2603 70434
2661 5869
2681 23139
2686 99395
2699 130755
2709 74506
2726 9496
2738 76841
2739 50397
2768 90070
2773 27907
2780 5140
2826 31651
2840 117592
2850 8264
2862 86595
2890 81953
2985 87146
2999 61252
3008 70641
3010 47873
3020 83330
3027 103115
3031 27048
3032 58688
3033 70251
3117 129313
3122 33533
3128 47586
3149 103785
3160 2832
3163 68486
3177 40002
3188 31903
3191 117375
3216 104670
3227 120017
3239 105412
3266 120658
3283 103484
3317 9833
3339 93720
3351 116578
3362 55503
3367 120854
3405 78624
3425 124584
3464 15225
3482 39746
3489 122952
3491 127182
3508 43807
3529 12144
3533 49819
3541 19757
3548 75732
3566 54779
3590 54745
3592 62768
3626 48743
3752 78453
3759 3676
3784 127461
3788 63050
3803 114396
3817 49176
3825 41812
3826 80659
3839 19302
3859 80839
3867 127173
3928 19850
3942 49102
3970 55561
4017 43965
4035 453
4050 110731
4063 49427
4112 46039
4175 37040
4187 20478
4188 57142
4197 104444
4217 82375
4223 112263
4225 66029
4229 58195
4265 65947
4268 116590
4293 100601
4302 28918
4369 13545
4401 34851
4465 33095
4476 88332
4477 75435
4501 1099
4502 15167
4504 55654
4520 58724
4524 65917
4529 79051
4589 31582
4596 18905
4609 34109
4612 35293
4617 26449
4628 2976
4640 58022
4669 55372
4671 60372
4677 63763
4682 107464
4697 24349
4698 85830
4699 11675
4754 75719
4769 103498
4788 29846
4793 60819
4798 78602
4846 112746
4862 66588
4863 18702
4904 79244
4909 54340
4920 115304
4935 117459
4951 100063
4954 42920
5017 17087
5052 109631
5072 130132
5079 93565
5092 103102
5093 24408
5128 83419
5143 100694
5163 77080
5200 24377
5206 36499
5225 91567
5300 67105
5305 93393
5310 122423
5313 100023
5338 95389
5384 48335
5395 33963
5401 47384
5402 38185
5412 132
5414 55865
5435 118054
5436 23461
5444 82786
5469 46432
5511 105351
5526 83432
5531 19878
5589 87866
5611 85744
5620 58452
5640 23383
5663 48358
5664 54078
5682 59223
5685 129941
5719 124165
5730 30884
5750 52923
5782 95465
5788 2450
5799 9112
5824 74318
5845 120837
5893 4521
5899 2079
5979 90422
5985 7799
5994 72414
6005 105544
6049 40947
6113 2183
6126 97752
6135 58056
6137 82972
6139 59155
6147 122422
6151 100851
6162 96605
6163 80287
6224 22759
6260 56801
6276 8822
6342 7282
6358 114200
6359 115698
6385 25980
6393 9564
6403 119948
6416 20530
6447 28518
6448 88794
6461 95108
6478 47245
6502 70369
6503 55350
6506 111781
6531 111872
6546 12270
6547 4529
6596 47773
6607 29050
6660 75327
6690 59328
6701 87018
6729 49174
6744 29003
6758 128102
6794 105910
6800 47620
6814 20251
6819 105870
6835 24491
6840 7543
6843 3521
6861 105604
6864 67022
6890 15475
6901 108811
6974 85642
6994 37983
7005 101290
7037 57904
7053 121005
7054 127647
7066 57860
7070 111162
7073 10086
7097 85111
7127 24305
7134 43683
7168 18586
7181 56328
7187 4512
7201 92693
7208 97232
7217 93038
7297 130407
7300 79225
7326 93997
7337 85445
7339 59743
7361 58942
7393 129715
7410 71431
7448 99443
7452 100537
7458 35761
7471 107398
7499 117029
7553 48560
7559 113863
7563 52238
7583 9672
7614 60699
7633 108582
7639 107421
7691 50212
7700 4275
7702 125682
7722 25438
7752 104275
7764 16988
7788 63329
7802 16384
7851 98075
7894 8037
7978 38716
8003 35136
8015 36212
8016 65270
8034 63820
8046 56323
8060 42955
8079 112682
8125 29957
8133 45067
8137 44105
8158 104990
8168 17054
8182 130734
8188 16213
8208 53391
8209 95679
8230 80223
8272 79067
8322 106328
8366 38849
8381 63279
8389 30896
8397 122812
8403 75960
8405 115121
8502 69603
8524 47310
8538 50653
8556 109075
8570 13813
8622 117837
8626 99608
8690 10578
8725 64182
8736 91238
8737 41367
8746 29922
8749 26226
8753 25030
8767 127335
8770 96340
8804 103890
8811 68613
8819 60985
8834 91
8849 31113
8859 4230
8862 88750
8863 118879
8883 90193
8890 103062
8893 92227
8923 121812
8939 11297
8963 93371
8978 96878
8979 125022
8980 122911
8983 115974
8998 95159
9000 68352
9004 88886
9014 74803
9021 93271
9099 80224
9117 53943
9119 91414
9153 94260
9169 107538
9187 57835
9199 48334
9216 100346
9227 82819
9254 95999
9290 8150
9292 45880
9299 11859
9316 47405
9331 42381
9342 11901
9369 118940
9387 92104
9393 68193
9434 102675
9440 37870
9471 29310
9482 11942
9483 76659
9519 66660
9546 59053
9556 50173
9576 5308
9584 44144
9587 53778
9625 65524
9649 34869
9660 105399
9689 27587
9693 52246
9701 128853
9707 122988
9711 85570
9720 128307
9731 14668
9745 27606
9773 94936
9790 100853
9814 22838
9815 51386
9827 41411
9861 124089
9872 45669
9880 12264
9885 78711
9897 28968
9904 74135
9953 48215
10007 73162
10010 69992
10020 73052
10029 111554
10045 13557
10047 3090
10058 97256
10088 48141
10111 9717
10132 54158
10142 48734
10176 91461
10184 113535
10185 59923
10217 22662
10218 90836
10268 66894
10282 112797
10317 75536
10332 85143
10340 69869
10396 126535
10417 45113
10451 76860
10478 31654
10499 67656
10501 85639
10507 90457
10514 96286
10517 127652
10565 95991
10571 119278
10581 51765
10662 83528
10664 38500
10666 61662
10670 115820
10677 98829
10683 5602
10718 79957
10750 129859
10765 83076
10817 32188
10839 30021
10841 7359
10854 87266
10866 41693
10875 6293
10891 75220
10895 121166
10922 17003
10933 34848
10968 59750
10989 120475
11023 125182
11066 69774
11071 66215
11072 107459
11082 32294
11115 112085
11116 57052
11123 1859
11126 11190
11195 93314
11216 86767
11238 24190
11255 552
11277 113502
11286 28990
11289 45740
11299 82017
11304 81201
11323 99269
11332 1086
11345 87002
11399 12613
11404 28962
11430 49446
11450 20951
11454 2110
11460 117725
11495 14617
11513 16754
11519 88457
11528 34849
11535 14653
11543 77796
11567 44493
11568 54883
11577 97105
11587 87229
11602 58535
11622 12423
11643 107585
11731 57956
11737 62034
11746 30628
11747 77271
11757 5516
11784 85594
11792 92877
11819 125809
11826 92998
11833 79010
11882 52677
11892 4498
11893 9328
11900 47324
11911 102386
11937 106725
11946 99851
11975 22722
11982 63507
11985 110143
12002 126179
12004 61797
12040 18080
12060 104638
12094 6786
12126 39176
12133 64531
12136 16195
12148 749
12149 122286
12162 122383
12198 103870
12200 68511
12230 104853
12234 44462
12242 104283
12283 2889
12344 130930
12365 61113
12370 17729
12423 15256
12425 113088
12437 36812
12473 37900
12480 76705
12527 52045
12528 103923
12534 116152
12563 52093
12564 17838
12567 52315
12592 104320
12608 68743
12616 48641
12657 83586
12669 113312
12681 63218
12687 119197
12706 130188
12711 84013
12730 8553
12785 92257
12807 48357
12820 122153
12912 11941
12918 115246
12969 1409
12981 42797
12985 103992
12987 118621
13040 32117
13054 28409
13065 61686
13077 108278
13081 53323
13099 20891
13172 52996
13180 47830
13198 102220
13199 67071
13203 55073
13205 77417
13230 42363
13253 62268
13302 115660
13305 10589
13328 1617
13363 63396
13372 94404
13389 124224
13401 27445
13403 60991
13419 60434
13421 15647
13445 6656
13491 74359
13514 21071
13532 38075
13546 68776
13553 31951
13571 1944
13582 99266
13586 80935
13627 4236
13666 35803
13676 71528
13725 78728
13772 8148
13792 19309
13832 35915
13849 120803
13850 34347
13851 82111
13853 97391
13877 67236
13891 45942
13898 117399
13899 96086
13909 61356
13959 116663
14013 13580
14049 129163
14066 73377
14072 45927
14104 109748
14114 76278
14115 32479
14119 41060
14127 127161
14214 14101
14286 12751
14290 53453
14318 95135
14331 124610
14350 97744
14358 87980
14369 13318
14387 46450
14414 92590
14415 95179
14460 95936
14519 16994
14529 19992
14560 89426
14576 109834
14581 60344
14594 38362
14599 532
14600 70532
14646 129498
14653 80462
14659 9933
14685 98390
14697 40443
14720 130711
14745 100506
14763 94530
14765 64909
14788 121896
14794 51500
14797 80650
14816 108012
14819 96535
14826 8285
14832 89403
14876 109998
14886 77625
14895 125729
14944 114536
15048 84624
15056 107934
15062 76330
15066 16138
15073 75985
15074 118624
15085 66787
15113 122948
15118 47953
15126 13238
15127 26565
15178 44289
15201 73132
15207 95253
15244 104994
15246 12323
15309 112237
15314 24875
15319 4255
15326 121527
15333 49544
15334 98801
15363 80840
15403 126283
15427 123864
15439 71674
15441 109272
15482 102114
15497 99736
15503 49620
15510 66721
15532 41468
15534 34606
15558 85363
15577 11075
15584 74667
15596 108181
15597 37450
15616 3472
15640 116097
15732 62216
15736 98603
15787 87429
15812 124748
15824 37493
15828 61859
15932 32189
15948 54984
16019 14902
16022 106641
16029 59255
16034 91199
16046 63262
16085 84078
16087 45167
16088 9137
16136 2473
16159 114981
16213 130832
16231 59506
16241 96914
16284 112764
16298 122771
16311 99580
16316 39422
16372 96792
16414 93626
16441 22886
16445 79021
16460 13447
16521 48231
16526 120082
16531 7702
16541 91126
16547 78165
16572 119448
16576 110441
16617 89076
16618 102912
16622 26493
16637 90351
16653 108979
16668 114966
16687 25402
16695 72586
16699 80907
16713 48842
16715 10092
16729 99298
16751 111449
16752 70314
16756 70303
16761 105728
16770 101505
16774 104406
16788 84112
16797 35771
16828 99057
16847 47203
16854 125158
16885 13964
16947 973
17008 93947
17026 102415
17046 125740
17060 71829
17260 69999
17264 109841
17265 106153
17272 55678
17278 110902
17280 55955
17281 60167
17283 62788
17289 72311
17317 103898
17319 128847
17329 79996
17334 10317
17366 1090
17393 58969
17396 123159
17409 108736
17485 110134
17488 7803
17493 116787
17533 34235
17567 112011
17612 4556
17617 117626
17619 63453
17632 115742
17637 50480
17644 64581
17675 71972
17678 47402
17679 94160
17680 88318
17688 44400
17713 64458
17714 122197
17726 15967
17742 24432
17792 124029
17844 57041
17901 24462
17904 110026
17909 71804
17918 34496
17930 2844
17932 99572
17949 40578
17978 13782
17989 18744
18013 26468
18019 120
18033 89236
18037 38389
18050 9747
18064 100585
18074 98779
18089 45437
18119 72292
18137 43000
18150 85384
18154 22067
18189 41833
18201 63437
18203 115535
18216 16348
18239 56580
18241 54704
18289 96618
18308 57992
18345 77331
18352 57097
18378 31382
18381 81223
18422 73502
18447 69597
18460 91621
18523 94157
18593 54697
18608 6936
18619 2932
18648 99663
18654 121978
18666 78205
18676 26693
18677 44735
18678 121035
18688 17734
18690 79466
18722 26735
18732 64881
18736 16212
18766 46449
18777 57070
18785 728
18788 8558
18835 26542
18843 5632
18873 91442
18893 129222
18896 75864
18909 98954
18914 121860
18954 94843
18966 126879
18983 2078
18994 56791
19051 122162
19055 130358
19071 87059
19080 86005
19125 57770
19127 74563
19133 28558
19189 97260
19216 111609
19241 46598
19242 14550
19249 4996
19282 66704
19286 95596
19305 27907
19314 129010
19322 100328
19328 119783
19343 128258
19359 51603
19380 23950
19399 12204
19403 106363
19416 130697
19446 95560
19451 30328
19476 41881
19489 6947
19490 19751
19506 77878
19524 37690
19553 71691
19556 97165
19564 118280
19569 23627
19591 14025
19597 24293
19598 75276
19599 32269
19604 44208
19608 97857
19662 12012
19667 9151
19692 42700
19695 32642
19701 16266
19747 67203
19784 53108
19788 64289
19800 56564
19814 116077
19843 47645
19847 113151
19861 25056
19868 59071
19878 70765
19899 31288
19913 106922
19918 111898
19975 63616
19999 38754
20023 52032
20035 126144
20067 53300
20125 111899
20127 77166
20135 104557
20149 73364
20154 30429
20161 95012
20173 88284
20190 88334
20195 21594
20229 108015
20260 98667
20277 22520
20338 73404
20343 78016
20358 78081
20361 83304
20363 107885
20371 78409
20383 86308
20491 101329
20525 59344
20526 37594
20531 63813
20540 95149
20560 61447
20614 51398
20627 62990
20648 80752
20650 76713
20655 11681
20726 110602
20731 126666
20734 54181
20769 67726
20771 76901
20790 103408
20791 21498
20821 103097
20825 124703
20835 53931
20850 104849
20936 65443
20958 40947
20964 26088
20989 56762
21041 82736
21078 50796
21102 36919
21119 108548
21134 122881
21147 60005
21209 48622
21236 78361
21258 41740
21267 34808
21286 128790
21318 125494
21354 112224
21376 3303
21386 87384
21404 124811
21427 487
21453 118338
21458 118730
21464 80480
21472 72781
21478 111993
21488 14368
21503 26361
21504 103128
21507 81849
21524 76160
21547 29112
21551 99157
21568 123615
21590 4339
21620 68787
21631 77565
21641 123033
21651 112714
21667 3212
21676 38106
21677 128614
21681 106939
21682 12709
21693 35551
21711 106141
21714 129675
21727 128651
21734 105963
21743 28017
21768 18796
21780 46389
21793 99166
21803 89170
21817 101818
21820 90278
21849 37139
21857 109877
21893 124505
21918 12706
21930 77911
21946 33606
21948 82026
21952 17930
21961 46061
22009 57022
22039 79407
22078 107561
22106 5773
22150 51588
22161 34426
22165 54403
22191 22873
22214 125317
22255 113688
22269 96860
22277 14090
22310 95836
22326 106340
22338 63395
22356 93974
22357 78674
22383 10304
22439 50747
22446 113893
22486 8055
22553 58734
22586 106672
22605 34646
22627 13216
22632 130921
22721 112560
22789 99743
22792 68817
22828 61679
22837 126037
22850 24413
22861 91835
22884 36056
22889 81619
22931 14547
22933 106192
22972 34590
23004 6646
23030 46722
23033 62898
23048 373
23072 10668
23076 23575
23087 44570
23109 54297
23141 39795
23143 127035
23153 39406
23157 34510
23172 59731
23241 90275
23255 111616
23257 127811
23263 38914
23273 112565
23297 5028
23298 63619
23310 98375
23338 52939
23350 10124
23362 42525
23370 19712
23392 8689
23415 83662
23460 47772
23466 26189
23521 48406
23525 106476
23546 39944
23592 110986
23619 80378
23637 129724
23697 4473
23722 73719
23724 104594
23740 17591
23796 61399
23821 11889
23850 15807
23907 110615
23912 50591
23926 110769
23938 13777
23948 80885
23950 34121
23967 83756
23989 106190
23998 81219
24004 21339
24008 36140
24027 33430
24034 16489
24043 98210
24071 8260
24077 92664
24081 63524
24086 53092
24091 88675
24109 114241
24118 81625
24161 48251
24171 15344
24198 98882
24207 21361
24209 27464
24227 76818
24248 72869
24254 69374
24265 107535
24305 112566
24317 73176
24336 72885
24341 122774
24366 78266
24377 108110
24398 129371
24404 16400
24410 40969
24431 49167
24456 20333
24465 60533
24481 105836
24491 72616
24512 37554
24514 49598
24544 77455
24568 86282
24569 12709
24721 115068
24722 13807
24754 10060
24766 71820
24773 97143
24782 5952
24784 122259
24792 31236
24798 120822
24813 50534
24818 68384
24845 24461
24852 92663
24862 18316
24899 38747
24916 30936
24919 53607
24925 82440
24934 68239
24937 61507
24951 102084
24962 93377
24987 14348
25012 8193
25017 23712
25018 55939
25030 30123
25088 69980
25143 81926
25157 129655
25196 73377
25204 41407
25233 41735
25239 53618
25311 122182
25331 75998
25347 68438
25392 62921
25400 111275
25403 111550
25407 95757
25415 115662
25444 58198
25447 43027
25486 89170
25516 89144
25522 43831
25552 6885
25562 122619
25565 33399
25603 15931
25615 97878
25636 33126
25644 26473
25654 110510
25694 68480
25696 26362
25698 17537
25704 95044
25707 38554
25743 23933
25772 116512
25789 123313
25791 106424
25824 55197
25835 28862
25859 13235
25876 113806
25895 90999
25915 110016
25953 121613
25970 129443
25975 7541
25984 110852
26006 86870
26011 76021
26024 11791
26048 158
26112 94675
26123 36823
26131 62230
26135 37849
26188 122339
26201 12100
26240 88084
26246 24620
26250 124734
26261 13027
26282 2171
26306 57219
26322 86490
26325 121440
26334 57195
26360 66533
26384 77316
26391 83365
26458 29168
26479 14190
26555 7570
26572 113472
26577 116488
26590 39523
26630 79862
26648 118375
26662 79592
26672 21990
26676 2276
26685 119202
26720 2231
26721 110382
26799 101374
26801 25313
26804 116364
26814 52803
26815 114641
26832 91433
26841 114599
26897 118794
26898 56131
26899 89226
26925 120738
26926 102639
26931 100776
26957 20265
26958 59063
26978 121009
26985 48537
27002 103531
27030 77038
27112 87167
27150 91936
27161 97811
27237 27039
27259 91807
27269 88256
27286 57006
27302 109498
27334 1410
27352 26841
27357 38845
27365 640
27390 95813
27421 75555
27429 87677
27430 24552
27458 38524
27468 11831
27477 32765
27493 43278
27505 7432
27521 19375
27613 48276
27652 4416
27666 2102
27699 62296
27707 75431
27753 2581
27790 125481
27792 114762
27810 16794
27834 92952
27853 59761
27867 34372
27896 120036
27932 12704
27947 34017
27964 46806
27982 34099
27983 96419
28050 79000
28070 21468
28108 63829
28119 91482
28121 26137
28127 9230
28132 87656
28146 62649
28151 52276
28156 47998
28197 131024
28248 27371
28252 124822
28300 53725
28304 102595
28306 117996
28320 33144
28326 82236
28340 92422
28347 117765
28389 16088
28462 50673
28466 20526
28473 83376
28534 13410
28548 108311
28595 74168
28596 97228
28624 110780
28633 117406
28667 76898
28671 127738
28672 32595
28678 25286
28710 118295
28726 1737
28730 13503
28748 84671
28772 4036
28774 5237
28779 126309
28780 13780
28783 79662
28789 46106
28831 44076
28843 6246
28859 18537
28940 129272
28975 117391
29016 57946
29017 21306
29024 65971
29044 38004
29057 81772
29077 97248
29095 24649
29104 105699
29117 128626
29150 62594
29151 109603
29163 74474
29205 96730
29207 53569
29227 55119
29278 75561
29319 4796
29340 58843
29359 53128
29430 3090
29438 21075
29469 19888
29495 65191
29507 109967
29539 43329
29641 98852
29649 86720
29675 80012
29699 86067
29738 79085
29816 42729
29820 34629
29854 93462
29867 25639
29877 31443
29883 19060
29908 67701
29926 31834
29959 5208
30017 25677
30021 49563
30027 61662
30119 62166
30124 97096
30144 61028
30173 46530
30183 14392
30202 13501
30235 103423
30258 108008
30312 64187
30313 17394
30322 67831
30329 44363
30339 46542
30377 125538
30403 5312
30424 46975
30440 35768
30503 5254
30507 20265
30514 61688
30528 33515
30559 53610
30596 83415
30610 117072
30616 70363
30624 9052
30642 61176
30657 81721
30673 101996
30676 68613
30707 129924
30758 14521
30797 73122
30819 96982
30897 18449
30912 1917
30922 112838
30927 23703
30928 86173
30951 22762
30959 84039
30962 130898
30971 19470
31034 103116
31113 70517
31116 112617
31130 111920
31136 86854
31175 345
31178 84205
31191 96500
31198 38984
31205 37559
31207 119825
31238 77421
31259 28176
31269 69876
31284 830
31290 53831
31291 125318
31299 102358
31300 52196
31308 119116
31314 107785
31316 23296
31322 82220
31333 102014
31342 35339
31360 93623
31374 57076
31386 47134
31395 93065
31435 55166
31440 50542
31535 53235
31592 98090
31663 122183
31673 46229
31676 98655
31707 4788
31722 127515
31749 60035
31762 44175
31767 95829
31770 32254
31775 103405
31776 26700
31852 47914
31870 102006
31897 72250
31923 125012
31963 2603
31974 98113
31978 8978
31992 86177
31997 64234
32025 19368
32038 128796
32060 57638
32119 27388
32139 69368
32165 32069
32180 13099
32191 2181
32220 123657
32223 81087
32289 12943
32298 68886
32337 30984
32340 87466
32375 80280
32383 24464
32439 6691
32519 113450
32526 57193
32563 77759
32667 118767
32694 30697
32698 40162
32703 79457
32730 17301
32744 74100
32750 4575
32772 54115
32802 15363
32810 40155
32846 10622
32866 15683
32874 102582
32879 15820
32896 103967
32912 7727
32943 130062
32964 22142
32971 1249
32988 56229
33001 25480
33065 62086
33076 20638
33082 110362
33087 101102
33175 85457
33176 1137
33177 109557
33183 33689
33184 32837
33204 17329
33205 59903
33207 129624
33223 115189
33247 70861
33256 68376
33291 19485
33292 114357
33301 89294
33314 120481
33326 98430
33336 94429
33351 56969
33379 114542
33415 103868
33433 37924
33456 107015
33527 128126
33573 103024
33575 44704
33582 40467
33585 103243
33610 67910
33620 89841
33645 45742
33647 36526
33656 117961
33661 40348
33665 49682
33670 4309
33707 89701
33748 74212
33780 81888
33807 90989
33826 42694
33849 102464
33855 21967
33856 59638
33870 123800
33873 128741
33923 130041
33930 57899
33963 34170
33995 65170
34002 36320
34028 103678
34032 66450
34034 98761
34070 57143
34107 10177
34125 58722
34127 75381
34140 77351
34158 39329
34160 127811
34164 69269
34175 81576
34181 11196
34195 80413
34262 58736
34268 85422
34296 4187
34326 111904
34328 32541
34363 42135
34398 14281
34483 106964
34495 16026
34542 29501
34547 18607
34552 107154
34553 78065
34575 97035
34605 71359
34619 115741
34631 119925
34636 104219
34642 64224
34661 39561
34729 110157
34768 79587
34775 103131
34781 119933
34800 58032
34803 121443
34924 55539
34930 7202
34936 18731
34940 44560
34952 127989
34954 33304
34980 49182
34981 76707
34986 19660
34997 50718
35006 30084
35053 10226
35066 5687
35119 101195
35122 89500
35123 81925
35142 39553
35167 66276
35172 56963
35178 60486
35181 6448
35200 130222
35218 43934
35241 94859
35249 124201
35250 88185
35253 99020
35263 104982
35281 63974
35282 15609
35305 68113
35314 32893
35318 25119
35324 10227
35329 94349
35350 8144
35392 55238
35453 55173
35510 96051
35514 89814
35524 37556
35553 36240
35575 97227
35582 108356
35584 97276
35606 59886
35644 78195
35693 81775
35730 49952
35800 112070
35867 68184
35899 80783
35907 14637
35945 6025
35966 38776
35972 13669
35978 103318
36010 8004
36054 113528
36065 41458
36082 27873
36103 62812
36128 30978
36139 63995
36148 116275
36160 26376
36165 31329
36170 49007
36195 129735
36208 51609
36230 77240
36254 79669
36280 19768
36287 35859
36290 108895
36322 111293
36334 2468
36348 34855
36370 42886
36374 55358
36393 27873
36410 36607
36427 85358
36430 81566
36475 11140
36502 114136
36505 85200
36510 28453
36527 99844
36531 117385
36549 128523
36571 60345
36576 117642
36596 89638
36603 78003
36622 77275
36623 41745
36643 98562
36713 104602
36740 49117
36748 88157
36766 42857
36780 115337
36800 112834
36819 71088
36831 80010
36873 39093
36874 79879
36881 128658
36884 30759
36886 68822
36889 18027
36912 29659
36937 16615
36970 42502
36978 73399
36988 109920
37000 74818
37019 27256
37044 46670
37048 117857
37053 79893
37054 34930
37058 11792
37059 83899
37062 99919
37063 1557
37065 20666
37067 74756
37089 46487
37115 52315
37116 81948
37126 55935
37159 101768
37196 81282
37201 6540
37297 47969
37311 114318
37327 62523
37331 30272
37373 80830
37382 36993
37388 113592
37393 17789
37397 35494
37431 36130
37453 117143
37456 42347
37457 12384
37489 105589
37509 81228
37533 93405
37547 58911
37566 107514
37576 125001
37610 38751
37614 54667
37621 106774
37622 22398
37623 79790
37629 12541
37661 81167
37702 32351
37751 31609
37772 11670
37787 95696
37788 22788
37791 117431
37813 36687
37816 106474
37822 69235
37825 72765
37856 46680
37858 34617
37885 65644
37897 54703
37900 2159
37913 8583
37918 65408
37926 18560
37963 71226
37996 114868
38004 38843
38012 49064
38025 53791
38037 39507
38057 87793
38064 108524
38093 4926
38152 4895
38168 99149
38185 56755
38187 112064
38201 60832
38204 16452
38246 128708
38255 95146
38260 94024
38311 129675
38313 28649
38375 44761
38412 109641
38437 80738
38464 112255
38477 76585
38496 27575
38500 120343
38509 107924
38513 123245
38540 97061
38567 35541
38586 15767
38672 11378
38680 119698
38713 504
38717 128809
38727 97787
38737 104853
38754 11519
38797 68346
38836 109334
38851 99446
38886 107533
38892 86013
38904 128897
38923 3135
38926 7051
38927 80623
38952 124449
38978 29798
39010 207
39017 129048
39035 75266
39056 103923
39068 111538
39089 72437
39092 110681
39099 66779
39108 50753
39119 10187
39141 18101
39170 60085
39175 96383
39189 85726
39226 32481
39269 63373
39311 125879
39315 95497
39336 19629
39394 122381
39410 32463
39426 8077
39431 75416
39454 106082
39486 122757
39491 38976
39495 128609
39507 5343
39571 96174
39574 40671
39580 38236
39591 8541
39603 89767
39616 45016
39623 12545
39638 111871
39662 47128
39688 67846
39691 57892
39719 68011
39723 6545
39761 117894
39766 72629
39775 44929
39790 65326
39800 81573
39818 84582
39843 110000
39905 23524
39919 59713
39920 82035
39965 26301
39985 38859
39986 52129
39995 63617
40005 1778
40008 79429
40013 13341
40039 16519
40096 21979
40098 89399
40127 119930
40137 68220
40145 100063
40177 26078
40178 61755
40228 68877
40250 33855
40283 73760
40306 35063
40317 109073
40332 45719
40356 128328
40374 90815
40377 15990
40379 8635
40389 51946
40411 50700
40428 114654
40439 56666
40450 80502
40469 514
40562 70864
40575 91437
40592 82842
40612 113794
40671 20535
40676 118480
40684 73723
40686 63878
40731 40361
40761 114303
40790 5641
40810 43593
40827 8808
40879 58468
40880 6815
40914 78354
41005 108604
41023 41357
41032 22039
41035 61986
41046 387
41077 122495
41078 11399
41113 7899
41134 6453
41150 101367
41153 11857
41154 99681
41174 38192
41190 65732
41191 20067
41243 123779
41268 86999
41304 115948
41317 23660
41340 2326
41363 74439
41440 116770
41475 74504
41508 113345
41530 48129
41555 90116
41569 115981
41578 6420
41584 72903
41590 100716
41609 30883
41612 53998
41653 88711
41680 33433
41688 1903
41698 37762
41722 66255
41763 77921
41776 29874
41787 28890
41803 16834
41811 34041
41835 43574
41838 96684
41842 106775
41856 11203
41875 22858
41891 92663
41893 112598
41896 22472
41905 99777
41916 39032
41917 45895
41920 22874
41922 117672
41946 59435
42003 103610
42007 30329
42009 92806
42034 6844
42146 27618
42170 65535
42187 116961
42202 119024
42235 128556
42237 96760
42263 70258
42274 34955
42280 114744
42325 71184
42354 5853
42364 7892
42365 8897
42410 75241
42437 33961
42460 111509
42488 105992
42533 48897
42536 48707
42570 1329
42578 60148
42618 47830
42652 55161
42669 77549
42724 62692
42738 82509
42759 90506
42792 89606
42800 37599
42804 85913
42805 50729
42813 35167
42814 51033
42822 34690
42827 46263
42840 77326
42848 34419
42852 111138
42855 121752
42861 39655
42874 126642
42937 101731
42941 101158
42952 4606
42974 83493
42975 44806
42981 71484
42984 26866
43044 32563
43049 31970
43060 84297
43069 81494
43124 7810
43130 62644
43153 28062
43182 76338
43187 21837
43191 45302
43194 116537
43195 94729
43207 22338
43221 119264
43222 59170
43243 24079
43274 125697
43294 81789
43301 69305
43305 65473
43322 31496
43338 93443
43342 20311
43370 74931
43416 11778
43480 102176
43488 20095
43490 76361
43492 91388
43497 14899
43519 113045
43540 119355
43610 84953
43616 17772
43634 89631
43643 78123
43648 89801
43649 25312
43652 109103
43660 88934
43691 92334
43768 28690
43786 26886
43797 47073
43799 72476
43812 58286
43837 84479
43855 20990
43856 69787
43892 62170
43898 79413
43899 75727
43912 82298
43927 54077
43930 53032
43943 102005
43974 52911
43981 4448
44023 10929
44086 37294
44106 24768
44129 80358
44136 108603
44157 116783
44160 40231
44185 30593
44233 119424
44235 57269
44250 8536
44284 120269
44314 102556
44327 21691
44354 7708
44394 1181
44419 66492
44429 23627
44434 39192
44441 62252
44478 124243
44486 114811
44494 69476
44511 115344
44519 84322
44583 21694
44591 130110
44596 91542
44597 11897
44611 68250
44616 37492
44669 33589
44670 46574
44697 67369
44714 10549
44726 62343
44738 25983
44745 99572
44776 53042
44777 4858
44803 31003
44829 60159
44844 34739
44849 40495
44854 64022
44867 119181
44890 122437
44905 14755
44913 12081
44933 53057
44936 102543
44997 38154
45000 50882
45011 41658
45061 96431
45078 52519
45084 127413
45094 88244
45110 52999
45118 100872
45130 42566
45131 9081
45139 87642
45159 40764
45243 82217
45275 90757
45312 111172
45314 1853
45322 82170
45330 87197
45353 75687
45360 56017
45364 78309
45439 29313
45444 117667
45470 99330
45480 49907
45489 66368
45500 16885
45522 58239
45595 80248
45608 84712
45660 63997
45673 14391
45698 118929
45700 70699
45752 26167
45758 41500
45763 127434
45770 88568
45837 124555
45887 65191
45924 80398
45934 12819
45947 56999
45950 120633
45968 39765
46002 116459
46025 93618
46034 125538
46102 27390
46105 27293
46113 68239
46119 47296
46144 86708
46223 120442
46267 1597
46305 22516
46328 87171
46334 99017
46337 129262
46376 77200
46383 91648
46386 125751
46404 45106
46415 120714
46446 17476
46475 8528
46476 81283
46498 27955
46510 7216
46531 4780
46533 1687
46561 74496
46582 81386
46590 117946
46596 15726
46610 67969
46613 91560
46627 123252
46629 80341
46750 48883
46756 65545
46805 115618
46821 47617
46873 105916
46888 472
46895 68219
46899 107543
47015 88666
47017 125783
47038 43734
47045 31445
47080 99479
47110 4592
47111 98699
47160 39755
47199 39835
47208 48950
47222 72725
47223 6451
47233 63653
47236 85310
47250 4115
47270 31812
47348 108119
47353 86650
47377 65197
47378 24475
47409 40309
47431 56675
47440 97635
47485 20093
47516 81506
47555 2279
47606 38747
47624 83004
47638 83986
47645 27032
47652 102746
47678 100471
47691 18454
47716 119088
47719 80528
47752 92559
47790 63875
47793 122085
47795 57073
47806 118639
47809 26068
47812 107314
47829 5468
47834 104529
47851 50749
47911 95486
47945 84618
47951 36864
47968 62053
47980 115443
47993 115238
47996 72806
48031 27354
48054 111623
48067 24753
48079 16441
48097 4163
48107 117621
48110 70732
48112 64307
48119 42267
48142 83364
48168 79948
48172 64567
48180 18894
48244 60697
48290 113511
48333 57613
48344 86954
48348 24927
48349 13083
48372 107879
48387 98583
48415 94848
48431 75100
48440 109866
48450 99345
48463 7666
48486 29674
48489 75743
48495 53676
48496 10696
48521 1553
48543 21574
48579 23758
48605 18221
48606 46791
48624 103069
48642 30795
48650 77768
48673 88541
48683 100978
48702 64230
48768 111170
48866 29003
48883 95763
48888 84296
48899 74763
48945 87866
49008 30911
49014 95676
49022 53145
49056 124233
49058 27054
49089 917
49126 78926
49160 55212
49163 83527
49187 72321
49210 31582
49219 12973
49254 50191
49262 93951
49286 116265
49304 51239
49309 76734
49320 68941
49322 43341
49334 67545
49350 88453
49360 29853
49369 44769
49387 95942
49392 34050
49401 95805
49405 28544
49409 80819
49427 26265
49449 40998
49450 85255
49484 92852
49491 92227
49493 23026
49512 130559
49541 101507
49570 71151
49584 76797
49591 4282
49614 73958
49637 23281
49643 38502
49658 117106
49699 26417
49702 63159
49706 12666
49724 81365
49733 49401
49740 114530
49744 68136
49745 63820
49751 74673
49799 30546
49802 78946
49804 43677
49806 45580
49813 97010
49871 83042
49880 98270
49891 47001
49932 72272
49934 55355
50016 130663
50062 128689
50066 100864
50082 94679
50088 45995
50113 51410
50120 20818
50169 87031
50171 117393
50178 57558
50185 8381
50262 179
50283 89309
50316 15322
50336 80594
50354 126435
50374 108866
50412 48588
50446 83838
50457 45924
50491 13634
50494 40724
50506 76470
50536 92214
50544 6455
50545 125829
50551 86838
50586 283
50610 90351
50611 12763
50657 42963
50706 66373
50720 88361
50738 103603
50739 28841
50766 124021
50788 23312
50828 130219
50882 103827
50887 110189
50901 40279
50941 85291
50968 35228
50978 125824
50993 47808
51034 119742
51051 29348
51065 97902
51074 76619
51091 104478
51100 12389
51117 74018
51122 33689
51147 74314
51153 30927
51191 127602
51203 77413
51246 84348
51263 27905
51265 34269
51285 25842
51384 102841
51392 128332
51406 12713
51417 117732
51431 101764
51433 74116
51454 79457
51456 79154
51461 85921
51476 80928
51481 97622
51484 54638
51498 67292
51508 51517
51526 112290
51545 65455
51571 17834
51579 49115
51647 127804
51649 99014
51653 33894
51663 120015
51668 98631
51669 125203
51702 19291
51726 4258
51740 66515
51814 97162
51815 100820
51848 78700
51851 121028
51872 96099
51982 12995
52010 106389
52012 100855
52035 74793
52100 38827
52109 39470
52131 20089
52136 7139
52146 57734
52170 55317
52178 56939
52179 46086
52205 23657
52225 65605
52227 71123
52273 54392
52274 46237
52292 31332
52296 44270
52313 74710
52352 41385
52400 6571
52408 70764
52421 5222
52459 25060
52468 47091
52489 23326
52490 21828
52494 13682
52534 10201
52550 102226
52566 10139
52585 74157
52592 8786
52593 20329
52633 22320
52634 34334
52646 52515
52691 45791
52703 14244
52719 102646
52803 69125
52805 27302
52813 13144
52827 121444
52830 56339
52842 9757
52843 103460
52853 54899
52863 5565
52873 109046
52883 28367
52884 100159
52903 118858
52908 26969
52927 46534
52942 1382
52955 56990
52983 4370
53007 97965
53031 15577
53040 129365
53049 15686
53155 5711
53163 55886
53258 16046
53269 22962
53282 2639
53287 42922
53293 43491
53326 128057
53329 107201
53344 7707
53362 92923
53410 51738
53423 43858
53472 52898
53486 56146
53495 58531
53501 50258
53510 60425
53536 11717
53543 25797
53593 12232
53601 14400
53613 59422
53615 109910
53629 96596
53659 86092
53665 69210
53690 24276
53727 118776
53758 59768
53764 65992
53783 44931
53791 49398
53811 6730
53834 5429
53869 61231
53871 1728
53886 112201
53887 104039
53896 75193
53915 83252
53936 31940
53940 23973
53947 113425
53965 73235
53986 44212
54006 121391
54110 103380
54131 32789
54148 77757
54157 78963
54215 68153
54223 91637
54231 44938
54246 12857
54249 105447
54256 118348
54258 48125
54272 15187
54274 24133
54328 37638
54373 44606
54399 93243
54456 99260
54476 120685
54489 89799
54513 92155
54534 91586
54546 37877
54548 127219
54575 62306
54583 15170
54615 87447
54625 43968
54642 85061
54670 119380
54674 72976
54677 79639
54680 34306
54690 69267
54725 113264
54734 107617
54750 21881
54755 99685
54779 98036
54806 64640
54815 51704
54842 117412
54868 94434
54883 36830
54897 51384
54917 106222
54943 110812
54974 14125
55007 66107
55047 40347
55064 38143
55116 47602
55130 98695
55190 18339
55198 97746
55199 73780
55214 118619
55216 12282
55231 8184
55237 118172
55244 63949
55250 40493
55255 111202
55262 107856
55266 89268
55276 107915
55286 106453
55288 85826
55298 10617
55318 66013
55350 63932
55365 18055
55385 114591
55391 113339
55400 26618
55432 60938
55434 127169
55436 12562
55500 19633
55504 63272
55533 67200
55538 52099
55548 36353
55562 88152
55577 46839
55592 60006
55598 95714
55617 56449
55619 15468
55624 103689
55640 71696
55656 115656
55679 114761
55683 92373
55694 76845
55701 11191
55749 123788
55767 127836
55770 129841
55777 4300
55778 91051
55797 94673
55818 65245
55820 92209
55827 53195
55855 77903
55863 80378
55912 81889
55923 40813
55925 41770
55957 120612
56061 39154
56064 60349
56088 9656
56100 69782
56108 117202
56120 25305
56129 9883
56173 12507
56224 7414
56225 47906
56289 40782
56333 10775
56348 105484
56357 768
56377 65564
56400 33511
56418 25005
56480 93678
56516 39250
56540 86495
56591 45482
56595 19947
56604 64246
56640 119691
56662 72740
56665 11270
56673 29644
56674 52790
56699 112673
56721 19676
56726 59365
56745 94984
56773 68648
56779 74325
56786 85260
56834 108307
56850 108555
56899 90800
56942 79363
56974 39961
57001 27892
57017 115725
57031 51295
57059 81306
57097 86318
57125 127566
57181 23348
57182 56054
57264 49109
57273 62787
57293 26467
57298 121741
57333 119094
57348 71717
57373 96542
57420 103378
57467 126624
57507 26303
57509 55970
57556 33369
57559 94095
57562 73337
57575 44807
57602 44516
57615 20410
57643 31163
57662 73045
57663 30783
57666 37163
57708 5075
57743 70886
57745 50961
57750 10242
57753 74598
57754 18492
57773 83699
57794 115699
57833 45776
57839 80618
57859 59076
57863 27658
57887 38622
57890 130854
57915 116536
57924 33539
57950 20394
57955 21869
57964 130195
57965 73926
58011 76168
58012 37035
58042 45975
58078 7585
58132 115887
58142 96799
58154 101327
58169 66629
58171 102292
58218 91901
58249 70837
58251 106162
58267 72664
58273 28054
58323 488
58324 43241
58361 20580
58377 36607
58380 35098
58423 13589
58429 92528
58468 122874
58488 88175
58579 77061
58615 76871
58636 100772
58649 26323
58664 95157
58668 57235
58675 25258
58692 29127
58698 19715
58718 22684
58763 8968
58800 17479
58804 48095
58817 33448
58835 101780
58884 2356
58901 122642
58920 121966
58975 19089
59022 12393
59026 124972
59059 22572
59082 95132
59085 102344
59123 41798
59160 31161
59184 113008
59208 115532
59273 47635
59298 6533
59303 23787
59331 98920
59332 87841
59340 33659
59387 7334
59412 120013
59431 49450
59435 128961
59441 122777
59466 40850
59547 19948
59582 43434
59598 110853
59612 56352
59631 46854
59647 122394
59666 21802
59700 78317
59703 55256
59713 99718
59734 16262
59742 127257
59750 118848
59771 56080
59776 124619
59784 63169
59788 34140
59805 22388
59812 117035
59817 49777
59892 5039
59929 127820
59943 86859
59949 43401
59970 43594
59978 11422
59988 49525
59989 17769
59995 46263
59999 130039
60002 32373
60032 31358
60057 109197
60060 115735
60162 87689
60168 127144
60179 84200
60200 35623
60207 55513
60215 40782
60234 91177
60270 115370
60285 64098
60311 15502
60330 7030
60381 27241
60402 97557
60412 37165
60425 67716
60451 81047
60459 22467
60470 75014
60479 14585
60512 92575
60558 111423
60596 20571
60597 3717
60600 41318
60608 113259
60633 92675
60649 74495
60670 110279
60673 2597
60684 21269
60696 15341
60748 4740
60761 105275
60787 89371
60793 40414
60803 94478
60817 30292
60850 121774
60892 110437
60913 99332
60924 95007
60950 78226
60951 73027
60975 120753
60992 36623
61004 11227
61035 81582
61050 78723
61064 11305
61073 106452
61087 81286
61134 71491
61177 27623
61184 61582
61245 67724
61266 129595
61281 99868
61282 54
61308 28721
61315 114469
61351 53407
61352 53785
61368 113288
61391 52875
61425 39143
61434 61965
61455 85937
61494 23843
61537 85936
61563 105104
61569 31759
61570 13301
61587 120809
61619 5433
61633 19756
61664 116027
61665 64419
61678 124205
61705 58027
61708 77125
61727 29275
61737 57484
61743 125053
61754 60745
61762 80131
61781 58208
61811 60017
61825 66418
61924 59715
61956 78054
61961 98662
62013 125372
62052 5571
62115 30667
62154 102060
62179 18308
62202 68933
62229 128572
62233 95846
62302 14258
62384 108231
62390 20857
62396 130118
62423 60084
62429 83598
62456 126379
62458 98624
62493 116932
62500 129346
62509 66323
62516 1254
62539 47426
62554 26987
62560 54165
62577 122712
62617 97264
62633 120865
62636 125753
62704 83901
62713 117286
62715 62586
62741 14911
62744 74495
62747 102515
62825 104157
62830 15232
62835 109156
62844 14672
62891 121750
62906 122929
62913 49615
62915 59271
62917 104168
62924 110491
62926 81553
62935 17572
62965 102381
62975 32472
62985 121244
63025 110766
63028 96965
63030 129338
63040 99897
63072 10551
63123 92974
63129 11913
63136 22345
63140 35370
63141 83811
63151 107045
63190 38958
63260 52054
63261 85344
63266 50187
63275 108358
63281 30025
63301 45576
63326 9848
63337 1108
63345 15676
63360 97352
63404 110624
63421 8506
63442 45512
63445 83248
63450 48829
63491 114612
63508 7045
63514 24540
63558 123360
63560 123053
63590 128302
63599 74172
63612 34793
63622 93201
63632 14497
63646 129262
63655 125324
63658 59542
63661 66879
63726 125770
63741 31854
63749 16945
63750 11067
63763 73300
63768 42552
63853 112866
63889 38930
63935 74472
63940 112980
63944 85478
63983 91818
64006 73184
64015 8847
64029 83660
64069 118812
64105 119149
64109 69267
64126 75404
64129 74514
64157 70795
64168 39262
64258 5928
64273 75841
64275 57404
64350 130262
64352 33610
64375 127604
64381 52631
64393 91383
64401 67090
64412 77319
64418 60610
64438 60468
64458 4526
64483 47297
64550 115858
64552 61758
64560 24535
64575 55932
64595 71127
64608 97256
64687 49444
64695 54541
64696 28056
64756 115151
64773 124925
64807 55523
64829 71887
64861 66044
64867 105827
64869 57005
64904 128764
64961 120266
64975 18175
65031 28761
65049 96783
65052 47780
65080 14010
65091 54774
65107 54498
65121 17324
65139 27509
65154 67153
65157 88275
65189 29744
65196 71573
65214 20680
65224 33491
65228 5406
65258 15862
65267 62330
65269 34012
65280 81545
65283 103286
65287 69536
65296 8880
65299 65326
65315 6934
65368 34927
65370 40371
65398 86392
65421 82599
65484 80538
65501 71719
65513 101958
65531 22014
65548 105970
65566 101879
65603 14746
65624 58398
65641 13134
65663 61629
65671 78356
65673 10053
65682 63576
65732 39508
65797 75307
65822 4716
65847 99043
65860 103984
65937 128304
65943 10620
65965 41168
65973 83811
66013 24831
66020 32798
66023 26167
66081 7771
66085 104805
66087 125867
66093 59608
66097 5736
66109 125448
66113 52595
66124 105823
66146 123299
66185 71999
66215 121638
66246 121017
66262 98725
66312 93408
66331 35857
66341 5752
66368 102304
66383 68117
66413 61862
66434 61585
66455 48273
66489 77090
66494 27993
66534 113052
66552 28068
66585 120576
66608 99846
66610 106505
66664 38631
66688 85280
66705 17486
66742 55627
66744 28200
66749 80520
66757 88776
66765 95223
66766 61795
66866 49134
66903 42042
66930 44465
66991 121036
66998 5436
67042 100842
67077 53343
67087 120764
67088 55847
67127 34123
67136 8529
67145 7485
67163 79108
67181 76102
67265 13521
67285 65588
67288 128156
67326 36104
67336 89427
67365 102232
67442 36028
67444 735
67446 98610
67449 13283
67450 91124
67465 77446
67512 63676
67521 124081
67582 85444
67609 125651
67615 40454
67616 13526
67619 10939
67627 90268
67660 127553
67663 87870
67669 102850
67675 26061
67706 50069
67709 32645
67713 41558
67744 82908
67757 107129
67875 19172
67887 103582
67907 57150
67935 27156
67977 32941
67979 31491
67986 91602
68000 24086
68008 1836
68026 31219
68044 105580
68104 24657
68184 75971
68187 99547
68189 66776
68195 84042
68205 69172
68214 109868
68225 45458
68274 15945
68287 46715
68301 91732
68330 125392
68347 9830
68353 73796
68368 18293
68372 58115
68402 84749
68419 27072
68446 30482
68489 120640
68492 47592
68495 61011
68514 121020
68515 78250
68518 50088
68544 112022
68548 18620
68571 55083
68573 120378
68589 100990
68592 41136
68598 14566
68610 96951
68629 67855
68633 40066
68642 59206
68674 24085
68692 51984
68701 49630
68708 126813
68716 127805
68719 119393
68739 44399
68743 25877
68821 53300
68899 77575
68915 517
68930 71647
69009 40596
69010 20037
69041 123540
69046 79963
69057 111709
69065 84227
69078 75032
69085 27640
69144 43203
69156 74417
69171 116976
69172 54820
69178 81899
69193 83479
69197 35155
69211 100984
69224 61597
69255 130131
69264 125194
69299 108178
69317 82141
69318 113718
69343 68212
69379 92680
69392 68395
69394 130825
69400 124852
69425 96470
69429 44943
69430 71250
69455 76832
69509 55293
69515 55918
69518 63736
69530 111612
69533 110052
69537 93246
69552 113926
69572 34834
69606 75909
69614 3100
69629 46287
69649 14173
69660 84183
69695 90989
69700 31244
69718 38371
69743 1490
69765 115925
69776 88722
69779 19639
69851 62035
69866 43455
69908 18786
69914 25178
69926 22046
69969 84743
69982 129512
69983 46867
69984 81103
69996 95446
70007 116685
70011 27702
70037 3051
70046 120047
70048 36756
70087 73550
70170 95398
70175 64464
70185 10945
70189 54550
70210 4120
70211 103211
70213 36645
70221 38446
70244 86592
70255 14809
70318 124385
70320 69277
70334 62573
70350 7173
70360 2962
70382 71592
70390 106796
70469 82236
70477 50150
70536 6313
70555 121958
70565 122927
70575 69282
70636 116119
70641 70461
70649 87013
70699 55718
70723 130698
70731 89778
70748 23660
70761 117312
70770 18835
70799 104782
70808 87850
70819 81534
70821 60161
70824 18792
70825 17920
70855 121731
70864 48293
70915 78465
70924 109177
70930 99262
70963 37930
70965 59186
70982 56744
70984 9692
71002 33631
71027 42475
71041 67422
71053 25195
71058 95919
71061 5970
71073 41339
71076 32473
71093 59767
71099 42902
71110 111326
71121 51741
71122 74012
71135 16069
71141 8956
71143 119552
71170 76400
71174 63517
71186 82684
71219 118531
71221 121728
71236 122494
71257 26892
71278 80882
71298 110972
71300 21370
71308 56407
71311 29021
71354 103839
71404 97395
71433 77478
71449 122706
71457 25312
71463 50728
71464 79042
71468 113673
71494 37472
71509 68614
71542 78579
71591 84862
71603 90495
71641 95364
71658 59932
71703 34193
71705 15747
71717 21332
71721 36195
71734 104222
71766 104856
71769 93020
71788 39047
71878 86389
71935 65779
71990 89550
72014 43334
72038 30944
72089 115059
72108 23855
72124 17747
72129 77917
72166 104053
72171 126100
72176 57601
72201 64707
72216 114892
72221 36505
72237 35835
72302 127968
72327 98923
72333 94306
72339 105817
72362 48019
72383 114330
72472 40239
72483 110710
72545 48625
72546 1100
72572 6236
72606 56868
72624 63557
72690 25553
72707 87132
72716 78991
72732 54688
72752 95927
72798 65716
72812 76392
72814 76907
72819 30641
72827 118680
72838 33980
72857 38901
72869 38435
72886 27927
72887 11620
72902 85960
72920 102426
72922 59871
72944 65506
72993 95633
72995 87990
73039 129404
73047 95651
73062 56332
73069 6110
73071 49684
73080 126080
73085 122990
73135 124050
73152 24572
73155 72969
73199 16895
73222 39270
73278 69565
73293 92278
73347 97294
73350 95925
73362 27038
73414 79808
73416 110718
73422 23663
73463 130793
73479 118725
73576 109242
73624 1647
73630 86105
73637 79249
73654 36465
73671 69099
73731 74837
73752 106996
73754 54682
73759 78952
73775 107633
73797 7353
73876 115080
73930 109739
73969 15623
73976 105376
73996 85708
74014 68478
74022 106470
74045 106756
74066 38024
74070 63344
74072 92053
74107 93979
74112 85400
74114 56971
74130 32139
74160 2638
74200 110288
74219 45263
74244 108096
74272 126867
74302 35501
74305 68654
74337 117005
74361 118535
74362 119063
74395 75731
74401 21445
74424 53798
74431 49383
74444 12926
74453 115836
74476 120628
74545 103414
74553 46841
74570 13670
74588 121868
74616 66315
74623 43608
74636 114638
74643 124271
74659 11327
74661 76550
74674 5062
74685 127768
74688 8990
74736 67255
74741 79075
74761 28072
74776 66046
74779 82713
74800 115587
74820 56468
74823 47101
74837 14819
74873 55844
74877 42532
74893 61039
74934 1105
74954 89249
74960 71814
74992 47643
74993 90368
74994 81736
74996 85106
75001 78810
75014 33339
75019 117578
75033 16183
75039 64654
75063 95153
75069 27462
75082 116381
75105 33693
75125 51594
75145 41942
75161 32791
75214 119443
75231 45727
75250 96471
75269 77150
75307 68827
75321 39473
75335 26046
75340 74767
75358 87115
75361 117861
75366 87690
75377 96703
75385 111076
75392 98543
75428 92089
75433 90888
75442 95622
75443 117007
75444 52709
75481 47223
75512 110617
75550 54554
75561 62750
75564 6207
75574 57668
75578 13321
75605 79845
75618 84237
75639 11
75642 13213
75652 109178
75654 74439
75712 42513
75713 76990
75714 77037
75718 12106
75719 116552
75752 66021
75806 21444
75810 97205
75858 90952
75877 97434
75911 11135
75918 112922
75923 64088
75951 22736
75964 41576
75994 6165
76014 27252
76024 95978
76076 121909
76087 23780
76129 43479
76161 36436
76174 82219
76188 123349
76207 11074
76234 125161
76235 38515
76274 9133
76292 44740
76311 9351
76318 88047
76346 51006
76347 92740
76377 10415
76408 61629
76424 14263
76435 112567
76440 74235
76453 32091
76465 121883
76497 77041
76506 59839
76531 107868
76535 122884
76545 53353
76552 23501
76572 44178
76591 68948
76594 78208
76618 20462
76656 41114
76679 83420
76683 46350
76688 32333
76698 20305
76701 80704
76748 18053
76751 69056
76776 64673
76782 79364
76784 88361
76792 24606
76816 102071
76823 62243
76830 45479
76849 7428
76860 22766
76883 86453
76887 87581
76916 114220
76922 51912
76955 75281
76985 9029
77053 92227
77058 122535
77072 48479
77099 55535
77108 52602
77112 97085
77178 25929
77207 113538
77219 19287
77224 43700
77262 100763
77287 28287
77335 30794
77340 16221
77341 97341
77362 49497
77395 62190
77401 92385
77480 53271
77493 87800
77495 77596
77525 78821
77550 1701
77567 48679
77590 52252
77596 96883
77597 3418
77632 85776
77636 24601
77652 40892
77690 42517
77705 77933
77708 59512
77731 70978
77744 76207
77757 57777
77775 40906
77866 78854
77867 51012
77891 39142
77904 80994
77920 8951
77933 123383
77944 37862
77950 55932
77974 3645
77987 76405
78016 126518
78022 29654
78025 43098
78030 5567
78081 94548
78114 88174
78119 18168
78145 99824
78149 21814
78163 125536
78180 65273
78217 24676
78239 111175
78242 87200
78263 9153
78271 16840
78275 77695
78302 42517
78326 102620
78338 47899
78341 41424
78353 76659
78372 119448
78388 62806
78400 39926
78432 119066
78472 113994
78491 46282
78509 126314
78560 47463
78585 102854
78617 111200
78629 38974
78665 15342
78670 3664
78672 72275
78718 67570
78725 115226
78749 3695
78757 60282
78763 95704
78817 126589
78818 54137
78838 109520
78847 19953
78877 63896
79007 3913
79018 49572
79040 13193
79043 53802
79047 60345
79048 88178
79065 77944
79082 60335
79122 64072
79143 39358
79171 48996
79207 78280
79210 20108
79241 89745
79253 62792
79257 34147
79258 125224
79273 24094
79283 43433
79289 57773
79298 102439
79313 4776
79365 120001
79438 35454
79490 71373
79526 127127
79544 58378
79548 118702
79643 6605
79713 107136
79756 62703
79782 23678
79809 121141
79810 114391
79818 107609
79827 56307
79835 6754
79837 52466
79880 84702
79888 17514
79942 85969
79958 45218
79998 8352
80001 64354
80014 94329
80028 102634
80047 27752
80050 32364
80054 72184
80067 69697
80070 20489
80073 45996
80149 52770
80156 68690
80194 112114
80200 39262
80215 114384
80216 828
80217 16091
80224 116554
80227 80637
80265 36473
80274 92502
80299 110435
80316 122834
80323 22563
80337 77982
80362 87647
80391 1046
80421 4393
80458 38093
80471 15546
80480 79596
80493 34312
80517 128052
80531 115524
80551 104749
80625 4837
80637 82215
80642 16189
80656 3817
80666 80852
80721 125978
80730 86627
80735 14947
80745 90706
80784 31572
80793 17091
80821 58087
80837 109457
80843 8696
80850 122676
80851 117322
80853 36810
80878 18273
80886 93238
80907 25147
80919 48753
80921 89575
80932 51968
80954 11299
80967 107265
80976 59440
80981 86857
80996 24083
81015 82792
81033 37304
81045 114734
81058 34671
81061 9668
81076 36678
81092 66407
81095 33465
81134 52508
81135 115198
81155 114131
81207 51816
81232 58064
81247 47086
81250 81645
81262 119363
81276 103244
81279 15276
81284 90037
81286 17429
81311 7430
81312 978
81337 31009
81338 65216
81343 84395
81344 69457
81358 35645
81369 114735
81406 74571
81420 82147
81428 108364
81438 120772
81445 54683
81463 100434
81473 128911
81493 46558
81497 80887
81507 38353
81533 89117
81557 61105
81567 96788
81574 47044
81605 73647
81607 74239
81611 32642
81628 95913
81638 126051
81644 59859
81651 109193
81677 59488
81688 84910
81736 121805
81767 28675
81773 45132
81783 109432
81789 55532
81792 119037
81796 6575
81799 36243
81846 62683
81875 70790
81879 30718
81898 4585
81911 78596
81942 82453
81960 87255
81974 64717
81976 124970
81978 28323
81983 56916
81986 99844
81987 118181
81990 112355
82013 19204
82015 91640
82016 77960
82116 21215
82117 94520
82157 31140
82173 82721
82188 73066
82189 82647
82196 33957
82208 103725
82240 24256
82247 90960
82265 10961
82296 16647
82319 129311
82346 104784
82356 2985
82357 26877
82366 5289
82425 48292
82473 29533
82514 116261
82531 6188
82533 91521
82535 18348
82537 107946
82574 43392
82579 100824
82593 73688
82633 13281
82686 18936
82716 116857
82725 130078
82737 50896
82799 83228
82810 130823
82834 94500
82835 50184
82875 58189
82878 75391
82891 46579
82915 121476
82965 47404
82997 62329
82999 101365
83038 94178
83077 52673
83110 110739
83115 27908
83127 77378
83168 117911
83190 128772
83196 121397
83214 49855
83264 41121
83295 123531
83306 60818
83318 110273
83321 87611
83331 91777
83341 97972
83342 129708
83354 119241
83387 5209
83391 33175
83393 16660
83423 107036
83426 95477
83450 14604
83468 31138
83492 37188
83513 52794
83528 55310
83559 53452
83571 18270
83595 117136
83603 84505
83604 40917
83619 105007
83647 54541
83660 101370
83667 25869
83671 56761
83678 12400
83728 72883
83737 17029
83738 56181
83743 100772
83767 98940
83768 104935
83796 17027
83813 108338
83823 13288
83866 39781
83891 116378
83948 18519
83976 73898
83978 24141
83988 23754
83995 25863
84022 120230
84039 29277
84046 3536
84062 93871
84074 72956
84075 59674
84077 99463
84094 103036
84174 104136
84219 87698
84223 78704
84235 96251
84257 46620
84260 117383
84261 7741
84303 28384
84382 89521
84417 108732
84434 46299
84439 47040
84449 88586
84475 20792
84487 14756
84507 33496
84518 94597
84540 15355
84548 77509
84552 106915
84556 74439
84580 39781
84597 107714
84647 20312
84648 45796
84659 13922
84665 93370
84672 15448
84694 37457
84739 78234
84754 22900
84773 62614
84812 28285
84833 118967
84840 25041
84861 23708
84906 21575
84913 113338
84954 70166
84966 31673
84967 43008
84978 95072
85004 77694
85010 61135
85015 108186
85026 109745
85067 16994
85116 86882
85122 22147
85130 23585
85139 127879
85150 80513
85186 85817
85207 114987
85220 46642
85235 339
85239 76728
85253 118442
85268 49157
85279 118159
85281 48988
85284 100804
85289 63250
85311 113879
85392 17753
85415 72195
85420 47143
85439 71272
85473 56877
85477 126876
85484 23093
85505 117128
85511 3012
85568 122562
85574 113835
85596 56437
85622 123080
85625 63063
85635 110115
85639 6180
85649 30827
85666 112654
85718 67135
85720 59281
85793 63253
85836 61614
85857 128798
85874 92068
85876 118485
85877 127575
85894 1838
85970 51421
85987 6417
86010 116801
86062 14616
86093 126326
86104 47727
86132 39480
86143 23257
86144 106655
86160 129141
86173 108012
86175 129451
86197 111531
86213 41542
86241 116747
86248 76613
86273 11384
86294 113885
86357 49163
86385 81294
86403 22501
86408 26146
86433 103621
86489 99138
86526 32565
86536 26049
86557 106983
86572 110626
86642 81224
86648 25886
86670 10300
86699 85670
86733 36483
86771 39178
86779 60619
86793 76477
86806 27176
86817 24114
86857 99858
86874 7166
86955 116134
86973 78246
86981 117963
86995 6518
86996 88740
87008 22548
87078 100864
87132 39527
87141 104926
87150 67903
87152 104398
87175 10150
87194 20656
87218 35707
87219 32745
87231 27060
87260 37894
87278 79905
87279 6487
87306 83804
87316 93462
87346 102231
87353 15111
87367 44563
87368 47641
87378 95109
87379 126752
87407 108703
87411 12292
87416 101932
87437 103660
87442 69404
87473 106409
87481 69290
87484 97665
87523 78961
87524 92252
87538 58803
87544 111540
87578 102331
87620 2635
87643 106762
87745 131013
87777 69184
87795 37993
87797 105690
87799 93971
87807 68284
87827 24190
87828 71600
87833 50879
87842 88813
87845 48189
87859 41473
87868 6445
87874 18183
87881 20985
87898 100365
87918 55367
87940 21257
87950 61044
87967 20478
87973 43095
88031 102585
88033 38168
88056 68557
88077 69813
88095 127655
88101 80129
88112 17803
88153 107741
88166 14322
88177 65026
88226 120923
88352 109978
88552 22144
88560 13971
88568 8617
88602 56222
88644 27961
88675 113404
88727 47712
88776 117742
88795 81611
88861 116913
88874 8758
88878 6674
88888 40179
88964 124674
88977 120215
88983 61225
89012 35653
89032 85295
89034 100797
89045 9121
89054 96177
89055 23639
89063 110840
89101 130078
89143 104996
89146 55580
89163 32249
89186 94076
89193 74176
89211 111861
89226 83819
89227 58506
89325 99329
89355 60059
89386 121179
89415 60588
89518 29493
89585 99120
89598 60553
89623 16488
89629 60411
89654 128682
89659 99135
89709 10815
89753 73996
89757 61939
89765 3808
89766 22178
89786 49471
89809 55411
89844 91423
89851 10425
89855 80305
89899 120820
89937 106940
89945 60200
89993 61428
90012 101438
90063 39830
90070 43405
90099 86186
90121 16695
90128 71928
90153 39489
90191 71387
90229 74641
90265 11640
90296 103232
90299 21696
90326 127306
90329 107485
90383 93431
90398 48132
90400 110529
90415 97824
90420 130960
90467 20238
90511 108152
90541 129491
90557 69924
90561 74614
90577 117480
90617 34193
90623 44034
90637 23092
90665 38377
90669 100526
90670 79063
90687 55352
90693 59010
90728 73904
90741 110100
90762 107328
90764 16301
90819 127845
90832 123631
90834 64315
90852 50123
90855 107081
90892 46637
90903 42993
90909 117326
90924 74038
90938 127807
90961 75383
90971 103568
90977 33445
90978 39349
91011 121332
91018 122158
91052 100240
91077 14440
91087 130359
91112 1532
91130 86411
91144 1095
91146 93354
91153 21987
91159 15991
91161 73297
91164 59616
91169 91994
91188 17531
91239 27342
91287 26203
91331 125555
91356 124135
91390 29840
91445 5672
91457 64414
91463 63607
91467 119677
91486 27039
91487 69185
91499 8731
91515 45067
91520 117336
91523 66227
91546 118943
91566 36682
91582 107324
91584 82172
91606 6716
91623 19688
91669 8058
91673 36026
91686 54808
91687 34744
91689 72428
91713 117315
91747 84656
91750 73568
91783 28323
91817 125742
91830 8156
91861 122799
91866 20562
91870 85466
91913 39087
91936 75603
91939 128722
92020 105399
92023 5334
92103 31366
92135 52109
92176 122399
92193 39766
92270 113568
92305 24162
92309 32069
92329 126764
92341 98130
92361 24877
92377 130926
92379 18142
92383 2113
92384 55126
92399 83226
92401 13913
92408 116607
92425 9541
92444 130960
92450 76959
92460 5178
92499 48539
92500 129324
92543 24250
92564 18494
92571 110213
92583 15556
92616 9196
92621 64503
92625 103808
92629 36205
92642 43176
92671 77029
92703 69987
92705 27577
92707 10084
92806 40202
92810 101996
92816 10966
92838 38973
92841 21518
92845 36836
92850 90438
92893 109697
92905 112727
92973 73184
92987 86005
93033 75401
93034 44538
93040 16567
93103 30557
93105 44038
93123 18978
93143 4687
93166 50275
93190 126880
93197 35806
93198 7660
93233 113746
93269 124042
93274 35026
93281 129381
93289 29437
93303 111358
93347 82876
93370 114034
93374 55833
93375 84958
93401 122241
93443 117190
93462 25401
93484 89468
93495 115375
93544 66856
93674 57131
93690 119747
93710 81497
93712 79192
93729 1345
93746 90484
93832 34210
93880 125331
93893 49747
93939 71060
93957 72742
94032 5627
94036 125642
94080 43502
94131 37139
94132 108709
94142 125191
94174 4158
94197 39979
94209 62896
94245 113666
94268 35819
94304 87159
94326 18412
94328 32971
94333 64658
94338 47925
94365 34998
94406 111397
94407 25012
94417 75720
94427 36021
94446 6049
94487 54152
94505 66628
94520 22608
94557 61029
94561 57044
94581 60716
94590 76164
94596 87029
94614 38148
94654 31733
94681 122308
94692 74116
94707 131001
94716 127392
94721 37514
94722 81498
94774 63234
94787 52515
94801 125572
94841 4983
94854 40035
94860 106493
94866 71447
94885 114798
94944 50524
94967 101892
95001 12600
95012 102197
95024 89041
95028 113921
95049 35531
95069 63643
95100 75562
95185 44561
95190 87976
95223 81632
95228 59350
95238 55534
95279 19484
95293 11786
95305 22714
95327 38478
95346 114477
95352 114830
95359 84985
95369 111038
95391 21807
95419 89665
95436 5662
95445 42858
95447 117518
95461 47116
95491 40251
95494 113663
95509 63910
95543 20863
95548 42203
95592 50433
95611 46436
95618 85217
95633 15085
95634 120805
95646 99953
95692 51240
95716 83073
95732 26369
95753 78230
95780 78099
95783 118552
95818 102831
95828 43499
95860 64712
95908 63591
95929 99953
95936 66319
95951 63321
95969 36254
96008 70457
96028 48637
96053 57176
96073 39655
96077 60396
96078 30432
96079 121686
96098 93467
96102 25943
96131 28520
96132 37077
96155 94817
96163 34494
96177 19787
96186 74749
96199 117705
96213 36964
96225 61588
96233 114334
96235 123771
96289 67432
96291 69805
96315 81117
96319 28094
96321 81410
96323 14309
96370 20967
96372 85595
96373 91139
96374 48412
96375 52655
96381 121444
96389 32251
96426 100693
96428 102678
96443 62322
96444 32052
96478 37359
96492 75410
96512 98679
96529 49351
96551 95070
96553 56689
96561 28610
96562 76992
96587 94362
96667 74671
96676 102358
96691 76320
96711 41580
96747 61260
96782 81276
96849 88935
96883 79090
96889 85915
96922 8279
96946 67346
96949 10108
96954 88555
96965 88172
96970 26808
96990 64215
96998 9714
97007 4890
97020 105257
97038 95840
97049 100664
97075 57026
97105 11305
97164 18099
97173 37457
97208 84888
97227 109818
97233 129684
97245 102565
97248 88120
97255 3079
97291 129042
97295 23869
97309 68968
97312 108535
97317 118681
97328 71898
97349 118680
97398 34203
97420 75093
97435 98698
97504 11140
97510 7812
97512 99089
97517 9457
97525 70253
97542 5484
97587 71842
97592 79686
97667 115290
97707 17092
97723 49135
97759 116493
97809 37088
97843 98415
97867 121128
97896 56781
97903 63753
97922 19347
97926 20873
97929 90667
97961 4434
97963 54703
97973 24537
97994 117791
98002 63596
98050 129127
98067 127293
98088 112860
98091 8700
98125 66319
98133 82633
98163 94595
98198 4770
98243 14007
98245 42479
98250 49638
98279 66556
98305 91465
98307 39250
98322 47648
98335 48760
98342 72119
98357 14127
98363 73214
98372 8388
98388 51414
98408 5182
98418 10233
98424 50300
98435 45740
98468 117381
98487 2236
98512 12779
98514 38752
98560 53690
98576 68537
98585 1779
98586 106358
98592 83771
98617 88399
98623 90593
98634 1043
98643 40018
98645 12768
98654 96077
98681 32321
98702 124853
98707 23108
98709 72492
98731 43527
98736 18152
98742 86599
98782 121734
98784 91515
98802 40094
98814 31699
98863 125749
98884 88001
98894 44580
98917 126530
98918 68545
98922 100153
98929 119531
98932 14499
98934 303
98942 88716
98980 128455
99005 68434
99017 108166
99029 101593
99031 21680
99033 105901
99049 36535
99058 82641
99088 88429
99101 71552
99104 94423
99117 309
99120 14226
99128 21375
99171 94289
99180 95142
99201 23367
99220 87835
99244 113242
99248 118561
99267 129294
99269 125393
99309 32433
99323 128404
99331 16569
99348 15580
99371 68688
99409 77488
99449 112689
99469 99274
99503 14928
99505 86071
99518 95641
99527 12472
99549 82921
99574 37193
99598 21999
99641 23717
99673 88721
99713 88722
99749 55303
99815 37410
99816 71743
99825 120068
99826 125941
99857 49298
99877 11830
99902 94819
99949 72144
99966 31504
99974 74995
99977 127345
100005 107662
100020 43120
100032 35855
100034 59153
100035 17940
100068 50435
100097 14029
100098 89334
100102 104386
100132 44320
100155 1948
100158 42717
100177 53614
100184 69242
100187 53986
100241 81411
100259 70665
100282 87008
100285 19792
100288 13225
100298 42658
100337 107740
100341 99928
100344 53540
100363 78988
100389 508
100399 108271
100409 71070
100475 84417
100484 12970
100497 82802
100531 21992
100549 20395
100557 67166
100567 130879
100581 97471
100587 125706
100590 11713
100644 58279
100728 123850
100753 24008
100759 68063
100828 78802
100829 128721
100834 92755
100836 2742
100857 5552
100864 61734
100885 8263
100895 47356
100910 120853
100913 67741
100944 64295
100958 110581
100963 18956
100971 28419
100996 57160
101015 114968
101019 68380
101039 79839
101047 16199
101098 98097
101118 69808
101125 90271
101129 88741
101144 62528
101156 65326
101163 71710
101292 72771
101349 10458
101367 31949
101379 63685
101415 9479
101533 113887
101542 58118
101561 119907
101649 32430
101655 23665
101660 94450
101664 87785
101683 31789
101690 101274
101724 5514
101734 61071
101735 20961
101743 813
101747 40035
101752 14075
101767 11614
101797 123027
101831 76910
101838 755
101874 107455
101898 49731
101934 101266
101935 90415
101958 19728
101971 67335
102011 103805
102115 6462
102149 100824
102159 98372
102182 31874
102200 29270
102205 108487
102215 118924
102272 52430
102278 104068
102284 92104
102288 68149
102310 59840
102337 79759
102348 10040
102356 84914
102370 72835
102380 5767
102394 78779
102396 46707
102494 31859
102512 58439
102519 38606
102554 96786
102556 105623
102561 105044
102565 106665
102579 20705
102615 57755
102627 107883
102631 122024
102639 97050
102676 40639
102677 20990
102711 62383
102721 100356
102729 79185
102732 88336
102743 48970
102747 5246
102750 16808
102775 16609
102804 83216
102806 82531
102825 116074
102845 64366
102855 45803
102883 65217
102897 7018
102913 101236
102936 84746
102951 41990
102956 66259
102958 114334
102978 94293
102995 114489
103024 41659
103078 63470
103090 25759
103108 89992
103134 4651
103136 49164
103181 42053
103185 119141
103209 44600
103259 95554
103264 11142
103284 102832
103334 82334
103340 80186
103366 80091
103373 33268
103405 64558
103502 12148
103510 38242
103579 73087
103596 22558
103642 31118
103644 72987
103714 58325
103731 130101
103744 9730
103747 15755
103761 29210
103770 41287
103799 44798
103864 19033
103869 6371
103871 23779
103877 55557
103879 94153
103880 126557
103925 71779
103934 54547
103949 110066
104036 113998
104042 84913
104044 45110
104081 111394
104087 102705
104089 56863
104136 38845
104144 123177
104213 5089
104228 57052
104253 102533
104254 69004
104275 127058
104279 21951
104312 12524
104332 38925
104358 25893
104367 67536
104381 80059
104385 127486
104396 61043
104406 69953
104526 21140
104555 126348
104571 128504
104578 40312
104593 46511
104596 92891
104601 121415
104633 60555
104643 117880
104645 101310
104669 49166
104686 78066
104699 110254
104746 53568
104761 90490
104764 115788
104789 114489
104798 127532
104806 109129
104818 44202
104835 3449
104947 68783
104961 46996
104962 18225
105007 28583
105018 30909
105039 94873
105046 63169
105064 116273
105078 25348
105082 78511
105111 89299
105124 36652
105132 92920
105144 71997
105162 7067
105163 66837
105200 118759
105305 92984
105308 32500
105309 63331
105311 110964
105316 7445
105329 20925
105364 123325
105370 12748
105377 17170
105476 46663
105490 84989
105491 21647
105500 43459
105508 73546
105528 49742
105565 43092
105591 46072
105610 67497
105692 119089
105697 100434
105732 116371
105749 122442
105752 46724
105775 3366
105795 104871
105823 14668
105848 34784
105863 39765
105886 76497
105894 23277
105958 55038
105974 122284
105985 65650
106006 3972
106008 101261
106010 106241
106037 123767
106038 110588
106094 58413
106096 89308
106111 23547
106153 89933
106160 78703
106238 111399
106244 56428
106263 81127
106265 104043
106266 70658
106278 3605
106341 9648
106395 112477
106406 105804
106418 9202
106430 86119
106447 48598
106463 107425
106488 19949
106490 47411
106514 22114
106526 13127
106568 98673
106583 6469
106612 120454
106702 65517
106714 109882
106788 1252
106823 47707
106853 124668
106858 35031
106863 47737
106875 4568
106897 27510
106937 115117
106944 92104
107008 87051
107013 61892
107027 86358
107030 78640
107051 127311
107065 6590
107112 34526
107119 14323
107129 70753
107144 48612
107147 45716
107149 96003
107188 97267
107202 49545
107204 29246
107322 118691
107346 95418
107363 44264
107403 65358
107404 78964
107418 33184
107457 27102
107501 34867
107504 90261
107516 18344
107522 82681
107537 32837
107548 70554
107559 33559
107565 114871
107580 6830
107584 117743
107588 60206
107590 43452
107601 16796
107610 14016
107625 24901
107644 66771
107691 16045
107699 40929
107704 91042
107715 71590
107720 49398
107760 45682
107783 10357
107802 55999
107818 23374
107827 106116
107839 121872
107842 72029
107866 27274
107877 31292
107883 99961
107885 10999
107926 23065
107979 48278
107988 91982
108016 28712
108029 131068
108061 58228
108067 2334
108146 37052
108148 99483
108257 121962
108265 44480
108276 115151
108299 80084
108337 9069
108387 7387
108390 115523
108409 48303
108414 22378
108427 29414
108459 55607
108469 89191
108481 67213
108484 11194
108489 34584
108507 107379
108516 129135
108601 72068
108602 15122
108626 59489
108635 75872
108646 68628
108711 90020
108723 57321
108761 43947
108828 24076
108862 41944
108881 112491
108885 79526
108933 110774
108942 80297
108946 20576
108950 71790
108958 74056
108978 122039
108981 130627
108987 25809
109005 65459
109037 80392
109066 112606
109071 67495
109082 119265
109141 126378
109152 90898
109154 16779
109160 112805
109193 93690
109221 74585
109224 109011
109293 75813
109315 12133
109358 51388
109415 18204
109431 78996
109434 13029
109443 1641
109451 76697
109455 1119
109467 92917
109512 47037
109545 17770
109575 14001
109577 122233
109589 103589
109674 10992
109707 27160
109732 24788
109796 96140
109856 125413
109858 74834
109871 77176
109873 128811
109883 52975
109903 71563
109933 118807
109943 99830
109955 130897
109966 106305
109967 108050
110009 120223
110020 108688
110021 129324
110087 28485
110101 4353
110122 11450
110144 106461
110145 39671
110168 70072
110178 128986
110202 123356
110208 57019
110229 109029
110287 56066
110296 15869
110303 109459
110321 59008
110324 29293
110345 47669
110355 29011
110376 18133
110394 117521
110428 94976
110456 35566
110468 78852
110471 50856
110494 40846
110506 88843
110541 91922
110561 107608
110582 18164
110618 120538
110667 88042
110674 125988
110693 39645
110713 97857
110766 72961
110775 2064
110855 64668
110876 100399
110883 69480
110899 38328
110934 123705
110960 65212
111010 108042
111032 125234
111056 122416
111067 24049
111085 95020
111087 184
111089 117838
111097 62385
111098 129444
111109 59087
111116 49100
111144 59166
111150 39283
111151 10227
111155 87072
111218 91080
111284 106581
111309 63866
111341 61273
111369 115629
111466 53029
111486 67558
111499 129857
111527 84079
111561 93431
111629 125867
111696 78369
111768 101025
111801 56417
111824 90828
111833 81381
111841 17379
111909 11968
111912 116434
111946 122282
111976 121446
111980 109034
111995 124796
112008 46457
112026 72829
112036 57027
112067 87853
112072 86640
112111 16929
112133 97823
112134 47241
112135 62569
112179 64500
112184 84286
112272 121557
112293 110911
112318 73095
112379 30813
112391 122921
112415 122600
112431 85183
112447 51272
112476 127636
112482 94295
112511 114865
112527 7022
112542 72037
112692 56784
112746 33294
112747 78890
112750 13503
112782 66405
112850 93240
112862 64554
112869 104236
112906 49473
112909 112683
112926 81529
112932 127131
112933 107792
112937 35200
112945 35595
112967 72779
112970 28048
112975 61774
112983 75149
112994 2697
113005 16656
113007 87119
113020 84895
113027 18608
113110 88762
113144 68820
113156 87252
113187 67470
113194 101496
113231 106205
113241 119489
113243 21093
113255 86331
113261 60310
113278 109787
113331 113202
113350 30790
113355 120772
113374 79944
113382 116517
113395 54946
113453 88591
113497 26568
113500 98062
113513 31141
113531 50950
113598 67226
113627 6936
113638 77216
113642 127586
113679 30823
113827 8261
113850 130485
113854 105431
113863 36022
113868 63329
113875 41905
113876 20873
113887 106571
113924 102204
113929 32620
113974 126253
114012 37439
114045 54473
114048 76307
114064 63181
114065 51545
114072 67356
114085 36882
114097 16893
114106 65049
114115 86061
114119 102388
114120 22521
114123 57622
114128 6726
114131 72869
114140 11722
114158 47510
114170 68557
114190 43348
114193 99828
114194 33541
114208 70465
114218 38857
114258 29260
114290 128959
114305 44340
114318 101844
114339 117091
114342 83471
114345 74555
114361 31755
114396 234
114399 30462
114426 62671
114465 90658
114485 69147
114509 2735
114517 48043
114558 125025
114567 112389
114591 112877
114610 50016
114628 88161
114640 13430
114672 24411
114682 20424
114724 110312
114727 105282
114729 76388
114785 127489
114802 53083
114848 66284
114868 58438
114873 34067
114907 67615
114913 83155
114950 84710
114957 90364
114977 55205
114992 52533
115016 129703
115045 84810
115057 98258
115083 8754
115102 94214
115104 112170
115119 107885
115125 46278
115149 71522
115186 70865
115198 31588
115219 112186
115283 93101
115309 62660
115310 59977
115328 101867
115330 54748
115361 77446
115370 22951
115411 50360
115416 60931
115422 54599
115454 14028
115474 42355
115525 60340
115572 32253
115574 5290
115577 4223
115632 85189
115653 10277
115657 32370
115679 126490
115684 51365
115704 84032
115713 32487
115726 121106
115733 93735
115775 77615
115808 59266
115814 79109
115819 11271
115853 54309
115885 44982
115915 30395
115916 40107
115934 54123
115936 40178
116046 41599
116057 54402
116068 25800
116077 21278
116078 40627
116085 36408
116095 16208
116118 31054
116148 41321
116177 30
116222 53175
116246 14364
116256 41708
116282 66379
116321 74874
116336 64392
116338 16546
116383 5738
116388 45306
116423 111646
116501 86830
116564 3765
116600 38749
116621 128484
116631 24338
116647 40225
116674 32362
116678 99143
116699 39851
116702 92653
116705 81469
116714 4313
116715 18847
116721 118679
116729 19231
116755 50255
116763 130730
116768 3786
116804 78582
116812 61760
116830 34393
116843 83887
116868 85088
116878 2081
116916 5680
116927 9814
116932 37599
116937 129248
116944 19173
116951 637
116957 49327
116961 30279
116969 92104
117007 55257
117013 56579
117038 106741
117045 20639
117100 43822
117147 34353
117200 129632
117265 112995
117277 130284
117295 14287
117333 105167
117338 54850
117357 57424
117361 53737
117370 104414
117391 43822
117402 60281
117418 3358
117439 127118
117440 94667
117531 35219
117532 50646
117538 72227
117573 8567
117576 36755
117593 105168
117614 10459
117634 34511
117656 126011
117677 27418
117691 77665
117701 21870
117729 12840
117734 2587
117793 63293
117862 43086
117863 81077
117881 54459
117910 30511
117920 47770
117926 109192
117964 30119
117987 96261
117994 61187
118029 6560
118068 33462
118096 128851
118110 50866
118126 2284
118136 92612
118160 76184
118179 128322
118233 127053
118287 84912
118313 111789
118317 85071
118318 104207
118322 17081
118323 114548
118336 117204
118339 8960
118344 39468
118388 14410
118424 55552
118432 90433
118468 123804
118483 39236
118500 115567
118510 75607
118527 116867
118537 18318
118539 32241
118595 14701
118597 93987
118629 76615
118657 94749
118662 13627
118665 22512
118669 100847
118676 4355
118748 122804
118767 73202
118785 50688
118808 68545
118820 55077
118870 119115
118872 27935
118902 100442
118904 61478
118909 39937
118929 44802
118979 33282
118984 80905
118991 68747
118993 66871
119009 37093
119015 39291
119045 67644
119065 27994
119124 82895
119137 3504
119145 74744
119146 17783
119165 91245
119172 20099
119174 68226
119180 27425
119202 15201
119219 1490
119276 8866
119290 112076
119304 3719
119318 41761
119337 108033
119352 14851
119364 52891
119370 114764
119386 61974
119390 48674
119392 35581
119398 112170
119438 7643
119451 50096
119460 124794
119498 58196
119529 52945
119543 57263
119546 78498
119547 2682
119548 101011
119580 95253
119583 70180
119591 103838
119597 38879
119689 54646
119715 75978
119723 100992
119728 20974
119775 60575
119777 120882
119810 129265
119817 24682
119850 113814
119853 49611
119872 128684
119920 105701
119923 21125
119942 52931
119950 100257
120002 79263
120006 80677
120050 14801
120078 72528
120092 40806
120100 47066
120103 101611
120112 98613
120122 111907
120161 71893
120188 75438
120254 73954
120295 45230
120379 42666
120383 5044
120428 51092
120429 24151
120434 110855
120440 61694
120460 103699
120462 117628
120557 32095
120559 118827
120600 31343
120607 97087
120611 97977
120630 50803
120631 32684
120655 70551
120659 77692
120708 62657
120713 128803
120723 50126
120734 100517
120772 17582
120808 30665
120809 110533
120833 72067
120862 38400
120900 87103
120919 118190
120961 130298
121007 12638
121010 3625
121060 79205
121105 18983
121131 41618
121135 48374
121207 53634
121227 105034
121241 66147
121294 99255
121313 32224
121347 123021
121352 44095
121364 33971
121373 95473
121384 112161
121401 129518
121423 10087
121424 57874
121440 92919
121443 111580
121456 8468
121458 124416
121471 38987
121495 122704
121502 84876
121505 126914
121539 107906
121574 124076
121619 78418
121650 35263
121681 19605
121699 3875
121700 25194
121723 8258
121738 123365
121742 56314
121761 24501
121786 36660
121791 103131
121796 108808
121808 81694
121831 7811
121835 80922
121841 105035
121878 29913
121943 40021
121953 40780
121955 72624
121973 106969
122028 54715
122062 86155
122103 38275
122104 80187
122151 87886
122160 23327
122165 70876
122175 78336
122210 126
122211 25759
122213 65255
122226 9175
122273 9721
122278 116045
122303 72409
122334 41710
122366 128131
122376 75893
122430 57292
122454 6293
122533 50227
122536 105105
122540 87998
122554 123788
122566 99394
122573 106663
122601 31452
122619 21592
122625 95085
122637 28027
122660 44753
122709 82994
122714 34080
122750 83734
122796 129946
122803 109478
122814 104399
122848 7948
122922 46151
122944 118431
122946 109597
122985 127075
123018 83572
123027 34994
123071 95211
123073 42060
123087 118996
123130 98935
123156 120661
123173 15486
123189 28442
123230 3897
123251 58550
123256 119757
123260 62168
123264 82822
123287 83422
123363 10344
123368 3048
123393 30109
123402 1106
123431 91847
123455 44589
123458 7371
123490 127670
123495 33010
123508 13748
123532 120231
123540 62311
123553 3584
123565 30697
123574 16199
123578 7994
123591 1041
123601 130326
123604 50358
123619 109146
123635 102752
123641 119237
123650 20235
123687 41680
123692 3837
123760 835
123792 57
123811 40351
123815 101160
123844 4940
123850 98132
123880 10557
123949 107563
124018 99074
124019 41670
124020 120601
124053 34447
124055 108611
124091 87445
124106 35991
124110 30494
124139 116870
124152 84576
124157 83423
124165 46847
124202 1164
124213 17461
124245 28024
124259 14105
124297 4555
124300 115196
124329 32215
124333 58382
124348 126458
124351 80530
124353 115126
124392 48164
124412 87108
124432 36596
124487 29900
124531 127520
124558 23567
124615 16120
124649 74277
124652 88983
124653 111699
124661 101191
124677 9231
124688 63010
124702 30555
124732 61906
124744 49208
124748 28987
124764 98491
124815 72917
124825 67496
124829 47439
124831 237
124837 86698
124843 74653
124897 66369
124968 48488
125042 14662
125043 76601
125066 49391
125070 54434
125076 129787
125080 125759
125102 69367
125130 29117
125149 39160
125201 3779
125203 1390
125204 124515
125250 129611
125281 44938
125282 118461
125313 43062
125338 5364
125340 114386
125346 7495
125349 44500
125373 130906
125374 116979
125377 114475
125390 48271
125412 120066
125455 83363
125505 115299
125520 113169
125533 76831
125536 29177
125575 78649
125615 17896
125643 3840
125656 95818
125670 31980
125678 26184
125735 117684
125792 85939
125842 95860
125843 100106
125853 105193
125856 44574
125879 92606
125925 112983
125940 25697
125955 104428
125990 21546
125997 5617
126044 108969
126055 2252
126100 49310
126104 4052
126105 55578
126111 37658
126160 118491
126165 68876
126183 82884
126187 34242
126208 124999
126256 229
126314 37397
126321 74468
126337 12616
126362 96342
126371 46830
126388 84241
126394 128398
126460 11260
126463 17459
126483 119557
126487 32728
126510 35333
126557 57998
126559 9397
126585 54493
126621 52394
126642 90631
126650 41475
126666 72949
126712 39929
126713 74007
126735 23063
126740 112454
126773 87073
126805 119828
126816 68045
126827 111906
126910 14463
126929 69293
126957 65794
126982 70870
126996 128116
127006 64646
127021 100554
127042 44685
127071 94261
127083 53660
127084 19077
127118 75013
127120 6471
127141 48060
127144 99743
127189 90410
127191 80331
127201 77867
127202 43024
127244 64079
127310 98146
127311 122772
127314 30335
127326 49900
127342 14690
127345 15295
127418 27648
127419 28295
127453 49825
127519 1841
127544 1673
127557 18250
127603 129135
127610 66230
127618 27098
127645 54951
127652 41629
127656 56351
127658 116666
127667 12281
127720 32662
127746 6744
127755 5804
127757 49121
127780 107581
127783 44790
127810 77453
127811 8532
127821 81409
127825 25337
127836 120053
127857 81658
127866 15872
127919 116278
127920 11157
127932 57525
127939 85384
127962 122431
127967 47979
127974 116185
127976 88994
127977 24086
127995 60160
128011 115625
128019 49970
128048 121455
128058 66365
128149 3668
128150 39923
128152 68313
128159 385
128165 98417
128191 66615
128213 42134
128246 24730
128258 116765
128298 50779
128317 31315
128388 76686
128408 6078
128417 114364
128456 107802
128463 124708
128468 2449
128474 94643
128483 35597
128486 96419
128487 81847
128541 116567
128597 39310
128601 4970
128615 80073
128621 9451
128622 70078
128638 43255
128649 18487
128653 38081
128656 20281
128664 130916
128665 114530
128674 20999
128724 86374
128733 22113
128801 104595
128824 38238
128834 34026
128838 123447
128844 104839
128855 60881
128875 67783
128911 96665
128919 82071
128923 14013
129024 57384
129103 9938
129111 34859
129114 124412
129120 121381
129136 43595
129147 74441
129149 81955
129187 73363
129196 7242
129215 67321
129221 123343
129308 23229
129317 83426
129318 112780
129330 40335
129334 68373
129361 88698
129373 34340
129384 2455
129388 81579
129414 125771
129436 32310
129444 54128
129448 86202
129501 94788
129511 63309
129544 89846
129582 92817
129597 106134
129617 64574
129660 87101
129661 126907
129689 129675
129748 55441
129751 17663
129756 66841
129782 75941
129822 91561
129828 2148
129833 119265
129870 34707
129894 69265
129935 66155
129983 11521
130005 15687
130016 54164
130020 61510
130041 110973
130058 47489
130064 97418
130068 11837
130085 93808
130088 111515
130092 42621
130107 85514
130111 70689
130117 69301
130136 50061
130188 2180
130195 54457
130214 52846
130229 38035
130265 123702
130272 25682
130278 56492
130283 76092
130303 109920
130312 29335
130313 125451
130324 125561
130378 21067
130416 35472
130471 99847
130510 66548
130532 8852
130608 125835
130615 50791
130643 85638
130675 95837
130703 23024
130733 107829
130765 91182
130777 30210
130778 85557
130831 58234
130853 3066
130867 93870
130915 67850
130924 49935
130962 87549
131017 108665
131023 6349
131035 84764
