15 3276
0 30167
1 4674
3 12200
18 573
30 29363
31 12397
42 10724
52 1729
53 3945
67 19825
78 24319
84 29973
88 11428
98 18961
104 29663
105 11255
106 15286
110 2208
111 21270
114 12735
120 29687
128 30942
130 13182
135 13266
175 23649
183 11449
196 11255
203 11338
208 10046
210 16713
219 2227
233 26978
243 11826
272 12507
282 14454
288 21455
311 16774
313 22770
341 14343
350 15744
377 27135
398 27352
401 29251
407 15584
408 29692
409 10551
427 10772
429 4708
436 28831
437 15257
438 8126
447 30799
455 8819
478 14832
480 16477
484 1367
510 31884
523 21380
524 30755
543 4765
546 14014
549 23527
551 3463
559 5288
561 4502
568 26177
583 16414
610 17366
614 21321
619 30845
628 24405
638 1552
649 10875
679 8769
688 1745
696 21688
710 28717
724 32193
725 22404
727 10106
731 21411
745 27517
754 26530
756 6447
776 20032
784 32337
800 24592
805 21549
807 30257
813 27630
814 34
816 30062
824 2277
842 10517
847 15837
867 29883
877 6643
879 13674
888 13586
897 5289
898 20099
927 14392
939 17723
944 21842
958 6819
963 18593
980 11663
998 19586
1005 16200
1012 16014
1016 29253
1019 24087
1027 7287
1049 28667
1054 11819
1058 24131
1067 10872
1072 3149
1074 4677
1081 19218
1087 8101
1088 8398
1102 14585
1122 30244
1128 16253
1135 21810
1145 19875
1152 4579
1162 6102
1165 7060
1195 19524
1198 10718
1199 20215
1201 30636
1208 8308
1221 26049
1227 27498
1234 11389
1244 25442
1260 7599
1264 11087
1266 4182
1278 11751
1294 15892
1307 19125
1330 6198
1339 15556
1357 14646
1372 20504
1385 5913
1392 17713
1394 3491
1407 12099
1427 3335
1445 6848
1450 4935
1462 10177
1474 18381
1500 19133
1506 7037
1507 29616
1512 25628
1518 12090
1522 12544
1528 6169
1553 7066
1560 2432
1573 5069
1591 15663
1595 17461
1600 15711
1645 32220
1652 5540
1656 9720
1670 23097
1727 8885
1728 21293
1731 9424
1748 17314
1749 580
1764 13081
1774 24034
1779 14613
1784 1518
1785 30429
1794 30097
1798 24640
1800 32228
1811 11419
1814 27112
1817 1807
1820 18740
1828 19703
1829 27047
1831 26373
1837 17429
1851 6742
1855 31057
1857 4275
1868 11361
1880 27993
1883 7154
1893 32555
1906 5740
1908 28678
1910 31000
1913 14697
1914 4632
1929 26428
1937 15149
1961 19662
1976 20516
1978 4070
1981 22261
1985 31832
2000 30845
2007 2490
2018 20089
2033 17283
2035 7271
2037 25226
2046 15183
2053 5728
2059 14580
2070 18374
2073 25505
2079 17263
2080 1206
2082 22520
2083 22851
2095 29877
2124 30951
2139 4501
2147 24985
2154 15126
2168 12473
2172 31418
2177 2072
2180 30650
2185 7187
2186 18994
2193 30197
2210 5574
2213 30237
2221 5560
2238 23938
2245 26133
2253 19034
2255 10180
2268 1483
2283 23724
2298 32339
2327 17842
2339 6835
2340 14468
2348 7359
2351 26348
2355 7328
2371 2653
2374 4335
2399 21596
2404 30304
2449 24580
2450 18716
2452 28795
2485 30180
2495 7073
2513 30313
2514 308
2524 29442
2525 17738
2537 10989
2550 11726
2556 19868
2560 18266
2582 10565
2586 19700
2591 6181
2603 24983
2606 31502
2609 18440
2648 13136
2651 31132
2659 10968
2667 25909
2669 5388
2678 23974
2681 17978
2685 22926
2692 4051
2699 7826
2709 31827
2715 18574
2726 16659
2735 338
2738 20257
2739 21119
2756 10396
2768 10999
2773 14519
2780 13341
2794 7152
2811 20341
2814 23610
2816 996
2821 12035
2825 28871
2826 2455
2832 314
2838 432
2840 3606
2850 6395
2852 832
2859 18885
2862 31353
2876 30372
2925 5775
2953 29855
2956 27828
2962 26572
2978 24722
2982 10581
3008 4036
3012 27447
3032 11195
3033 22801
3037 23032
3045 6403
3053 9200
3062 22161
3093 4688
3106 9535
3111 13392
3117 27280
3122 29868
3131 28547
3138 30616
3139 5525
3156 23799
3160 11216
3172 6951
3177 15915
3183 6331
3188 21778
3191 29453
3204 10574
3210 21780
3227 6399
3229 4614
3242 17857
3257 8279
3266 25119
3286 8366
3297 30779
3314 12230
3339 23087
3356 16019
3362 25400
3367 25228
3371 6358
3379 30492
3380 17814
3386 4465
3392 26460
3402 8840
3405 32390
3420 23002
3427 3505
3431 6029
3439 5457
3440 25848
3443 9714
3473 8801
3486 14951
3493 18124
3508 24457
3510 16284
3519 32698
3527 135
3533 5093
3534 24885
3541 12763
3542 27502
3548 31429
3549 16854
3554 10554
3570 4671
3592 26322
3594 10281
3620 19948
3626 25854
3635 24952
3642 29348
3654 15342
3657 15580
3659 8571
3661 16115
3667 17726
3688 30124
3707 2472
3742 19044
3759 19046
3781 3636
3782 14406
3788 590
3803 30322
3817 23153
3826 10276
3828 21817
3835 23342
3839 29465
3843 9897
3845 11403
3854 25030
3855 19047
3858 12721
3859 20867
3875 19847
3878 22923
3889 1105
3896 27711
3901 16378
3911 21082
3928 11799
3942 8133
3972 20835
3973 16479
3974 20187
3980 24072
3982 7538
3997 22271
3998 8137
4001 25182
4006 21472
4012 5607
4016 28789
4035 11718
4050 9483
4052 12489
4063 8816
4066 3351
4092 22431
4093 10206
4105 6547
4112 379
4116 13257
4124 10664
4144 146
4159 29688
4169 9995
4175 19227
4187 20790
4197 15750
4207 12706
4217 29359
4220 17660
4223 20845
4225 11666
4229 11977
4232 21318
4250 798
4251 17057
4252 21464
4276 18628
4280 3864
4286 19111
4290 7196
4291 3807
4299 23120
4315 6923
4321 32281
4323 30272
4330 22504
4347 1955
4373 25197
4378 572
4390 12687
4391 14049
4401 32527
4407 30677
4417 23144
4428 21909
4433 31121
4439 25907
4446 20561
4447 2464
4471 10671
4502 29013
4520 27693
4524 25239
4541 6137
4543 12585
4551 8808
4563 31997
4589 20045
4596 6083
4609 577
4612 15523
4625 19745
4628 20174
4629 5062
4634 3675
4639 32731
4640 1372
4647 29649
4649 713
4652 32563
4653 12293
4654 15309
4663 630
4669 26355
4675 8042
4685 26261
4698 16425
4719 3737
4720 8593
4721 20059
4741 22039
4769 19653
4774 27106
4779 31140
4782 28959
4784 4032
4786 16122
4793 2162
4798 7962
4804 3522
4808 6955
4814 23519
4824 25820
4830 29299
4846 12669
4853 32289
4854 29465
4862 32006
4863 5402
4905 17689
4909 15439
4920 19272
4933 31607
4941 32429
4951 30012
4955 3566
4960 2133
4983 6184
5019 15482
5020 31919
5029 6506
5030 4118
5036 29976
5039 18777
5045 9009
5048 8841
5052 16237
5054 12712
5057 13419
5072 9244
5090 12802
5100 26776
5101 23799
5105 31781
5113 30352
5128 31246
5150 11651
5158 17380
5163 8624
5187 17329
5195 26306
5198 23198
5200 10642
5206 26345
5212 4754
5225 4691
5234 3128
5236 31507
5257 6703
5272 24642
5283 31215
5285 27311
5292 22430
5296 13608
5300 18909
5305 7544
5313 24221
5325 5669
5338 29156
5340 27807
5379 5565
5384 32501
5394 4620
5400 31584
5401 24852
5410 25364
5412 2032
5427 19824
5429 2286
5433 14238
5436 20525
5440 26815
5443 26805
5448 17579
5478 25236
5492 1390
5505 18260
5522 21546
5531 28317
5537 5567
5543 9976
5545 21961
5557 18297
5563 29883
5573 20742
5575 11159
5576 32298
5585 12846
5586 8767
5589 30156
5599 916
5605 11970
5611 23697
5620 28236
5621 19559
5634 14246
5638 1524
5640 29411
5644 405
5650 1511
5663 16617
5682 26384
5683 7559
5685 17339
5709 279
5719 5799
5721 13691
5732 9701
5738 11743
5745 3207
5777 16798
5782 1863
5783 5019
5788 29973
5799 32694
5818 31452
5832 3163
5840 10080
5845 21605
5909 3351
5912 16247
5921 28600
5924 5986
5949 25562
5958 17006
5969 11661
5971 20490
5973 29013
5975 26845
5979 28666
5985 2293
6006 28969
6008 2481
6028 27274
6054 16095
6055 26384
6113 30995
6151 27086
6158 4188
6162 15228
6163 20560
6167 12840
6210 20958
6222 12167
6224 14885
6233 15225
6251 32167
6252 11519
6260 30993
6267 19377
6274 14717
6276 31979
6288 21766
6289 7337
6297 18423
6324 11124
6339 22872
6340 27430
6341 28145
6342 11989
6351 2807
6373 13065
6382 1229
6385 10212
6421 22106
6448 9725
6454 10207
6460 15307
6461 17606
6485 8640
6494 19378
6501 27466
6502 15066
6503 9088
6514 15431
6531 12480
6553 29845
6572 28633
6588 15374
6596 26317
6626 5023
6630 8865
6635 8484
6640 3893
6642 9099
6660 22206
6663 25881
6680 6794
6690 30911
6701 15101
6714 31197
6723 26663
6727 12124
6744 24273
6758 21677
6766 19975
6774 25703
6791 29673
6797 2959
6800 24465
6806 26766
6807 9290
6814 12451
6820 22430
6823 24476
6826 29041
6835 25298
6840 24527
6847 11000
6861 12980
6864 1245
6870 25615
6890 19951
6901 30569
6920 18972
6947 2979
6993 6701
6994 23879
7001 5469
7005 9187
7007 30976
7010 1730
7012 10923
7025 17644
7032 28584
7036 14658
7050 21088
7054 20990
7070 1302
7097 4893
7151 18068
7168 3099
7181 32526
7187 701
7197 20872
7201 12812
7204 12914
7217 2091
7218 17112
7227 19325
7278 17355
7291 16035
7306 2836
7333 15085
7339 29925
7350 26349
7351 437
7361 30836
7369 10423
7384 4954
7410 6393
7428 13861
7448 23310
7452 21780
7458 7448
7459 32474
7471 31144
7499 25204
7511 21363
7519 12616
7533 2585
7535 28969
7544 20639
7549 15559
7559 24847
7563 18478
7582 568
7606 26152
7609 15344
7614 11029
7616 28207
7654 10183
7660 8825
7663 5132
7681 12116
7682 28951
7701 20718
7704 9678
7706 1105
7722 10024
7733 14531
7734 22505
7752 21616
7788 30377
7792 3462
7807 24655
7811 21619
7824 25593
7844 5949
7849 12595
7878 3464
7903 28767
7916 4202
7927 26330
7934 2413
7943 27569
7959 17932
7961 78
7978 11784
8016 9280
8022 4446
8034 3529
8037 19446
8040 12671
8060 11833
8079 5117
8088 18460
8102 25921
8111 19598
8114 17956
8118 17842
8135 11399
8143 25556
8158 20989
8159 9692
8168 4063
8182 22130
8184 24249
8186 15558
8188 5785
8208 18202
8216 4240
8218 11055
8223 7908
8239 28070
8255 17502
8261 23338
8264 19241
8267 27357
8309 12
8310 11904
8322 3752
8340 3474
8366 7386
8382 12703
8386 14442
8389 23772
8397 14594
8403 2013
8406 4605
8410 21743
8422 29314
8423 30372
8440 12912
8460 11131
8475 13553
8519 10182
8530 19158
8536 18398
8549 28282
8554 9799
8556 7886
8559 11069
8570 2410
8571 1269
8578 13850
8595 25021
8622 9497
8626 12785
8664 1558
8672 12041
8690 12706
8708 27707
8723 10729
8725 16889
8726 3010
8736 7856
8737 19332
8747 14890
8749 407
8753 27334
8761 26254
8762 4617
8770 11569
8787 28596
8801 3239
8810 2581
8811 10059
8815 15383
8822 2532
8826 17768
8843 30339
8844 32716
8845 28389
8859 15695
8862 1155
8884 1630
8888 15740
8893 5818
8908 29492
8920 3781
8940 19474
8954 15339
8979 24940
8980 5328
8983 25300
9000 10537
9017 11579
9018 29848
9019 19701
9021 4504
9034 7993
9042 4369
9043 2443
9052 26966
9059 2229
9067 897
9074 666
9088 9827
9100 13172
9107 6859
9114 11893
9119 2840
9123 14852
9125 8345
9137 32429
9138 12409
9148 19822
9149 31535
9152 25425
9153 17026
9169 30912
9197 28462
9199 16999
9212 9123
9216 23906
9225 7503
9227 9495
9235 5732
9239 18079
9241 10155
9254 31784
9261 7276
9264 15776
9266 8883
9276 19861
9284 6049
9286 31207
9287 855
9297 6478
9299 19314
9301 20035
9306 30592
9316 30558
9321 13077
9331 9284
9340 10014
9369 15497
9387 29628
9395 28595
9400 7802
9402 2640
9411 26863
9416 23969
9418 13772
9419 6843
9434 27439
9440 7670
9456 29057
9460 15914
9467 16978
9479 5517
9498 11165
9514 1541
9523 16442
9527 3608
9533 14981
9546 23482
9557 31051
9562 17334
9569 16205
9584 23565
9586 19903
9587 25694
9596 17150
9597 26577
9622 11865
9625 17795
9649 13497
9669 30753
9684 7590
9689 31719
9695 625
9707 26673
9711 26779
9712 23675
9765 26247
9771 30541
9785 30145
9804 5511
9810 20821
9822 27916
9825 18189
9830 4798
9841 5932
9844 9154
9849 2424
9884 15807
9885 25996
9892 4448
9901 23609
9906 6159
9907 11277
9908 15670
9945 19788
9953 17998
9970 18687
9991 5750
10007 20135
10020 4877
10025 10478
10028 7224
10029 2785
10033 7409
10036 8272
10037 8549
10038 726
10042 15838
10045 2890
10069 27896
10072 9850
10082 17471
10083 30534
10084 1552
10086 2866
10087 17971
10088 27089
10103 1874
10105 31781
10106 31471
10116 13747
10118 14273
10132 26458
10169 8405
10173 30674
10176 10216
10178 19012
10184 7186
10185 29318
10203 15714
10213 11818
10216 30607
10217 9099
10218 8746
10274 6658
10282 11116
10292 19843
10297 24198
10317 15599
10322 27796
10331 68
10340 6974
10341 14659
10356 15616
10382 15753
10385 25546
10414 14826
10415 13376
10419 15546
10426 31968
10427 11925
10428 28937
10439 16646
10451 7075
10453 21236
10454 23492
10457 25186
10458 980
10475 12702
10488 3397
10506 28790
10507 3165
10514 4017
10524 18693
10526 14787
10533 24791
10540 10677
10558 6402
10570 20340
10577 23850
10581 23080
10593 22209
10602 27458
10625 14922
10629 9956
10638 23048
10648 32547
10652 25655
10654 4311
10662 27339
10666 2910
10674 31175
10683 9745
10698 27634
10699 8209
10701 7702
10720 17591
10722 30368
10738 11848
10750 32653
10751 21803
10756 3590
10767 17654
10775 29846
10778 24569
10782 403
10811 4268
10817 27042
10837 18133
10841 2817
10842 25192
10848 22494
10850 32340
10854 4443
10856 24510
10866 20013
10875 7918
10881 29408
10884 6803
10888 3856
10889 5897
10891 17938
10892 25652
10899 3784
10904 16704
10917 30677
10920 9506
10922 31017
10929 23800
10961 21987
10989 3979
11009 15091
11011 30013
11016 25196
11018 7764
11023 4297
11031 994
11058 6118
11066 9576
11072 1044
11082 13223
11088 24333
11111 18777
11115 5419
11123 1521
11127 26946
11130 1409
11139 6092
11143 13671
11144 17319
11152 3630
11162 16552
11175 21086
11206 30247
11212 29114
11213 25064
11238 10839
11248 17844
11255 26769
11256 16660
11273 30393
11280 3283
11285 31529
11286 1223
11289 29955
11294 31478
11304 15015
11324 876
11347 10499
11368 21490
11370 24043
11380 16937
11392 9512
11404 30807
11417 13520
11419 17342
11454 21118
11465 16712
11467 4076
11482 21799
11492 14663
11495 17298
11522 30138
11528 4106
11535 29771
11543 29038
11546 17273
11552 20936
11559 12164
11567 29430
11576 25625
11586 27552
11602 3529
11626 15301
11643 13569
11651 6105
11671 1627
11673 21922
11683 30383
11688 5088
11710 16287
11716 281
11717 25720
11731 31923
11746 32630
11747 19029
11751 12592
11757 6395
11783 4529
11792 22553
11804 5143
11805 8834
11815 18686
11819 30196
11823 3430
11826 4372
11828 23438
11829 19798
11833 27753
11840 21472
11841 2085
11843 18207
11859 18612
11864 30816
11874 21134
11892 4033
11898 23521
11900 10765
11901 20870
11929 24699
11937 26282
11946 30810
11957 9301
11958 16637
11959 7471
11975 15522
11982 479
11983 25900
11992 18741
12004 3808
12008 23235
12009 8398
12014 31025
12017 26844
12031 25950
12051 15317
12054 2213
12061 28108
12076 21424
12086 19214
12094 21884
12096 9482
12100 3035
12122 12969
12126 7172
12137 27270
12145 11318
12148 3734
12149 18239
12152 25576
12165 19341
12168 23460
12169 31792
12172 20014
12195 4682
12202 22255
12208 20891
12221 11332
12229 20358
12232 3811
12237 25041
12242 18486
12243 14352
12278 28885
12316 27161
12326 21871
12331 2711
12344 17057
12363 16564
12368 26047
12389 21021
12391 23405
12408 22149
12414 2794
12423 12283
12425 3763
12438 20650
12462 3512
12471 14927
12475 1230
12480 14838
12486 30758
12489 9393
12528 10762
12562 237
12563 10677
12564 18663
12567 20677
12572 16637
12578 1551
12579 29521
12583 16554
12596 16797
12608 8394
12609 545
12613 7408
12630 7208
12644 9538
12676 7700
12681 15051
12706 14984
12711 9035
12727 21774
12730 9200
12754 9581
12766 3027
12781 7410
12783 32099
12805 21134
12807 28366
12817 8345
12847 31247
12851 18934
12852 10322
12892 10995
12896 1609
12905 9125
12918 8003
12930 11517
12932 300
12936 13615
12955 25915
12985 9004
12990 13586
13002 8572
13024 26135
13037 17742
13040 31637
13054 14729
13069 2470
13081 27636
13119 13704
13129 7137
13156 31205
13180 17851
13189 4500
13195 10880
13198 8890
13199 18526
13200 3056
13203 2659
13221 3728
13227 20841
13234 7691
13253 5289
13257 25984
13281 15089
13302 10047
13311 9642
13328 5750
13334 12136
13337 16213
13345 27697
13351 21596
13363 2441
13372 729
13392 3719
13403 7134
13421 23691
13445 24792
13455 21711
13464 17586
13471 522
13482 16102
13499 9763
13514 17619
13529 22576
13532 3180
13537 8046
13546 18084
13560 14431
13566 15522
13571 18459
13582 4295
13605 14855
13607 7880
13618 5446
13627 30893
13635 12864
13636 25795
13647 5079
13666 10356
13672 3474
13676 18640
13705 27045
13707 228
13708 11163
13717 11087
13721 27150
13722 27451
13725 8849
13730 19935
13732 15728
13753 1873
13763 6658
13765 12137
13792 3020
13814 24233
13822 13537
13829 26879
13830 415
13832 31462
13842 12534
13845 4832
13849 8978
13851 5275
13853 5495
13875 23172
13877 9357
13880 24173
13891 29150
13898 18803
13899 19923
13902 3063
13909 4477
13954 28792
13968 5899
13982 31690
13990 808
14008 3448
14037 20598
14066 9169
14087 26898
14104 32323
14111 18896
14114 27948
14115 32589
14120 7022
14127 30958
14143 24118
14172 23909
14177 26841
14178 11271
14207 9292
14220 13049
14223 12437
14249 32750
14274 25516
14277 24496
14282 22345
14286 10478
14291 2127
14299 25623
14301 26924
14312 1080
14331 13213
14342 24398
14350 22306
14358 20095
14369 23574
14387 10677
14388 31524
14414 13182
14446 15334
14455 6546
14460 19490
14465 9790
14478 15118
14482 693
14502 12730
14511 17581
14514 29675
14518 16451
14529 31625
14534 6068
14537 6478
14560 17352
14565 28623
14581 5269
14599 18708
14600 12060
14602 26046
14620 15400
14628 13777
14629 17317
14633 4078
14641 6657
14653 14748
14659 8912
14663 15073
14666 15743
14671 23967
14679 21605
14680 13546
14681 27865
14685 27733
14688 27008
14691 8509
14701 7807
14703 2561
14716 7702
14720 12527
14723 25540
14745 4881
14763 25283
14765 22355
14780 11215
14787 20161
14788 28403
14794 6135
14797 611
14801 5000
14816 10362
14819 2765
14840 30892
14856 940
14876 8576
14877 18327
14883 13742
14886 6998
14895 26825
14922 30424
14923 5427
14937 31989
14939 2432
14944 11162
14995 22487
15025 21991
15027 24357
15038 9733
15041 2091
15044 14247
15048 28119
15062 23154
15066 30689
15070 12081
15078 18971
15083 27437
15106 28469
15120 31013
15127 15833
15130 22309
15143 6686
15177 10387
15178 1715
15185 23010
15194 31762
15196 16751
15209 5741
15212 29016
15227 17764
15244 20687
15248 7553
15263 14270
15285 19766
15294 21547
15311 28408
15314 22356
15315 12554
15319 24329
15323 19721
15326 17353
15329 6124
15333 2285
15334 5742
15342 25095
15350 17612
15363 24898
15385 24446
15403 28300
15412 2910
15418 20474
15427 18173
15440 14053
15441 10417
15476 9458
15479 21695
15497 21847
15510 2746
15525 7216
15534 15886
15540 14609
15550 12794
15565 6568
15571 25287
15572 3394
15581 370
15596 11642
15599 21818
15619 32439
15620 23441
15625 17118
15640 19051
15647 9842
15672 4229
15696 5664
15708 23948
15718 3203
15736 18435
15741 27613
15760 14948
15761 1793
15775 19399
15776 14672
15781 11351
15793 2606
15801 14870
15808 19556
15811 2399
15812 6442
15816 2482
15822 23950
15824 319
15827 22269
15828 6936
15837 11662
15854 4302
15866 3803
15874 23139
15882 7088
15884 32165
15902 15598
15905 19410
15927 11629
15934 22469
15937 12355
15948 30973
15954 12257
15957 3825
15971 24206
15986 13793
15997 22297
16000 28819
16001 22937
16021 8502
16022 3238
16029 29007
16031 26593
16034 31978
16038 19975
16046 20648
16057 31590
16069 25129
16071 21950
16085 31803
16087 22074
16092 22903
16108 7066
16115 2040
16120 7564
16141 24784
16152 13762
16161 24864
16177 20361
16181 21683
16231 4428
16240 17488
16241 22011
16246 25930
16253 9503
16254 14957
16263 20594
16288 29732
16298 9720
16311 19671
16336 919
16343 4327
16358 30258
16362 5928
16372 26848
16375 31358
16392 7611
16395 20842
16420 6230
16424 8534
16438 4475
16440 15721
16441 8278
16442 14957
16445 10301
16451 9660
16454 10093
16460 8633
16480 14806
16481 16498
16494 1340
16521 27181
16526 24366
16531 13491
16536 6896
16541 30403
16547 14415
16569 8478
16572 15597
16576 6292
16580 5762
16581 16029
16582 31709
16592 31672
16603 29743
16609 1270
16618 25134
16619 7261
16621 22468
16637 30057
16652 26662
16653 8524
16668 4798
16672 19368
16673 16633
16681 22861
16682 14885
16687 9622
16688 676
16704 21015
16711 144
16715 2374
16716 10184
16723 16641
16725 28768
16729 21901
16744 29319
16756 1662
16770 22565
16779 8594
16783 12681
16802 6901
16810 27151
16816 5319
16821 11567
16823 11287
16828 28416
16830 4164
16845 5129
16846 27792
16847 17429
16869 3894
16882 9087
16885 26572
16894 3075
16931 11568
16934 21918
16937 6502
16938 2530
16947 7974
16976 16983
16977 665
16995 28050
16997 22911
17001 5228
17024 20964
17026 13401
17031 2263
17034 29672
17036 15113
17038 8885
17045 15199
17097 26137
17107 21906
17112 24925
17150 14576
17180 31807
17189 26281
17221 3855
17248 8683
17260 16753
17264 488
17265 27037
17268 7639
17274 23722
17280 12384
17281 19577
17289 9880
17294 1162
17298 12752
17299 25811
17320 477
17345 10342
17349 22508
17375 21658
17379 19437
17393 10110
17396 19632
17400 25297
17401 31360
17403 20293
17409 3363
17417 7963
17463 12545
17485 16800
17504 22448
17510 16310
17515 32206
17548 18343
17568 32745
17574 13831
17611 9205
17617 1169
17630 19244
17632 26935
17637 16713
17644 131
17675 10142
17678 10332
17680 359
17688 16159
17714 8195
17726 557
17728 25374
17742 31313
17753 25089
17759 12981
17773 16972
17777 26030
17792 27683
17805 21937
17814 28025
17818 24011
17843 26240
17844 9128
17855 2685
17873 27003
17887 28033
17890 17998
17918 22348
17930 30170
17942 164
17952 21770
17970 16406
17977 12836
17978 5338
17989 22292
17992 27093
18013 28769
18017 28409
18019 9483
18020 21279
18023 32025
18034 30641
18037 23525
18050 22617
18059 30624
18060 9856
18064 13763
18067 20568
18083 15314
18089 16875
18111 3473
18114 13642
18119 32466
18131 1244
18135 28661
18137 3097
18142 3763
18150 12657
18154 3529
18192 16231
18197 20105
18201 27036
18203 24852
18210 3968
18216 12060
18225 1213
18231 29330
18232 25847
18283 16622
18287 29492
18289 11071
18306 26685
18308 29284
18317 6607
18323 16098
18330 17494
18332 15856
18345 21682
18349 10970
18355 17909
18370 17409
18378 17785
18379 2689
18385 25696
18395 29690
18411 11797
18412 15503
18417 16741
18425 20761
18442 13988
18447 2002
18452 13989
18459 26011
18495 26773
18497 17201
18503 613
18508 20734
18510 27753
18517 15201
18523 6063
18526 6329
18539 20607
18541 7894
18558 1662
18564 18500
18616 23024
18619 20159
18623 14738
18624 9378
18638 17776
18647 26926
18648 17270
18649 25018
18654 9579
18665 24456
18666 25987
18676 6147
18678 8230
18683 137
18688 11639
18699 11985
18703 11944
18709 4677
18721 6858
18722 21437
18730 19531
18758 25751
18766 2751
18785 319
18811 759
18835 10841
18843 11036
18846 23428
18881 21957
18893 9149
18895 19879
18896 5384
18901 4501
18903 26527
18914 30119
18939 5444
18951 12995
18954 11622
18958 24919
18966 21103
18991 25071
19004 22558
19016 2742
19053 23415
19055 22404
19057 21857
19061 20103
19066 7963
19071 24807
19080 27702
19083 31701
19087 12133
19112 8707
19114 10646
19123 28730
19129 20128
19135 27801
19136 25594
19203 22789
19216 15768
19228 25244
19234 30595
19237 8091
19242 19725
19249 6803
19269 4529
19289 21945
19297 5959
19304 4372
19310 3867
19322 18200
19343 13182
19352 21102
19359 3198
19363 21244
19370 13134
19387 6760
19402 17422
19403 9773
19411 11130
19416 13959
19418 20387
19430 30104
19431 30537
19442 23377
19451 7940
19468 27865
19474 12362
19476 31069
19489 7007
19490 1716
19506 26525
19524 12040
19545 29994
19564 15815
19580 31644
19584 9609
19591 27543
19594 12350
19597 2814
19603 23498
19604 30098
19608 28910
19614 15836
19616 3970
19622 30262
19640 9008
19650 5945
19660 14605
19667 23139
19691 27493
19695 14492
19717 7302
19726 11151
19732 16653
19748 2391
19753 5395
19764 59
19775 20125
19782 4855
19784 22175
19792 18913
19800 31518
19814 17952
19817 22582
19832 30596
19856 26738
19865 18538
19878 23340
19884 15445
19899 10407
19913 13829
19918 14013
19929 28802
19937 23029
19983 4210
19999 30551
20009 26049
20018 7196
20019 24250
20023 22809
20032 24027
20035 15802
20037 6458
20040 3317
20060 4512
20062 22690
20067 4285
20074 23293
20075 24937
20085 7671
20086 12020
20115 4559
20116 20338
20120 31301
20127 27314
20130 18074
20135 25609
20140 26048
20149 18713
20154 10501
20164 31085
20173 18241
20182 11882
20184 1984
20190 2473
20195 9434
20196 9100
20206 18422
20223 12827
20229 27429
20235 28986
20239 6321
20260 23201
20263 17103
20272 31976
20277 13389
20281 15961
20291 5730
20300 20481
20321 23076
20325 6365
20338 22446
20341 32744
20343 8863
20353 16624
20358 32323
20361 18677
20372 26151
20383 5263
20387 3521
20395 25612
20434 28673
20444 21258
20451 3602
20463 18983
20501 29741
20514 24931
20519 16447
20525 18032
20526 31240
20540 23607
20558 26150
20566 9233
20568 16821
20576 19328
20596 30497
20600 16699
20605 5225
20608 6081
20624 29553
20637 7321
20642 29513
20655 23912
20680 18881
20689 26048
20704 15671
20705 11726
20711 8804
20712 5685
20726 21471
20727 27286
20731 19282
20733 17901
20741 19569
20758 5526
20768 25963
20769 23847
20771 15404
20775 8898
20791 12728
20820 27221
20825 2883
20833 7686
20849 27007
20850 11911
20861 5994
20868 30370
20870 19020
20876 32437
20897 18296
20898 16761
20922 15532
20959 13737
20986 13678
20990 12785
20996 5436
21023 11513
21036 10733
21041 16368
21043 15200
21048 8930
21060 17567
21066 3425
21078 19127
21094 1752
21112 2156
21119 26311
21147 374
21156 28687
21163 11088
21179 31361
21197 8709
21209 31447
21225 1994
21235 29725
21242 23796
21257 10054
21267 12162
21281 4121
21287 1214
21338 28840
21342 7025
21376 11577
21385 9014
21386 25704
21389 31862
21404 4510
21419 27549
21427 7588
21445 21128
21458 18608
21460 5630
21463 11323
21473 21721
21478 26847
21481 10895
21488 10216
21504 14763
21506 23619
21507 21513
21524 29820
21542 29207
21551 28779
21560 12592
21590 32223
21616 30682
21620 10810
21631 6300
21638 21966
21641 27002
21646 7790
21651 19425
21667 30235
21677 25435
21681 10270
21693 3482
21698 7633
21702 25447
21708 4846
21714 28774
21724 12820
21727 15564
21742 25154
21743 14012
21745 23580
21746 12154
21780 3360
21788 20491
21793 12002
21796 26088
21807 19505
21808 3919
21817 21243
21820 3631
21832 26258
21843 21119
21849 8995
21857 2354
21874 7619
21875 20737
21880 3074
21884 14318
21893 19683
21902 30067
21906 6155
21912 324
21930 497
21946 26025
21948 7262
21952 30173
21987 18033
21988 25147
22002 6126
22008 9861
22038 28296
22042 2999
22047 1494
22075 28726
22078 24492
22079 22972
22084 26416
22100 4689
22107 19690
22124 32627
22125 7377
22136 7330
22156 19098
22158 22627
22165 10084
22191 26720
22214 27292
22239 4265
22241 11241
22253 4980
22255 26360
22259 16419
22277 29936
22279 29117
22291 18973
22296 19380
22307 15726
22326 18410
22327 15074
22332 9243
22338 15022
22351 14974
22357 1908
22362 21614
22382 893
22383 23632
22409 9904
22414 19459
22419 15870
22422 23650
22431 22518
22437 14114
22439 25205
22463 13065
22486 30183
22495 29145
22497 26799
22520 12984
22529 13205
22530 11460
22541 12790
22550 4500
22559 297
22597 30258
22605 25065
22615 28780
22617 15604
22630 1854
22632 21000
22657 7073
22664 9341
22666 12371
22668 30520
22703 1902
22706 14214
22721 2985
22732 14622
22736 29060
22756 24209
22765 18732
22780 21023
22792 28802
22816 23087
22824 7180
22828 2686
22831 26977
22850 29691
22856 8015
22884 20084
22888 11246
22903 25835
22915 10185
22931 7491
22933 3008
23004 16306
23009 407
23016 11572
23030 25388
23033 22794
23043 32514
23048 9337
23052 31207
23060 7245
23066 13302
23069 7643
23095 18811
23108 22263
23109 14910
23119 34
23136 12370
23141 345
23143 16213
23155 9961
23157 27289
23167 14344
23191 795
23241 8923
23259 20627
23273 12330
23296 29010
23297 20833
23298 1359
23315 2661
23325 7460
23338 26776
23346 29240
23350 6547
23352 22837
23361 2218
23362 8740
23370 18982
23392 8939
23395 15889
23419 23546
23447 38
23456 32180
23457 17783
23466 10419
23476 12239
23496 31030
23504 26648
23509 26841
23518 27790
23521 9731
23527 8222
23531 6894
23592 13608
23627 20821
23637 26698
23650 17774
23651 13099
23657 22889
23669 4521
23690 9519
23712 17060
23724 9953
23740 31004
23748 15509
23758 19528
23819 11054
23821 13511
23823 13166
23836 31341
23856 19489
23861 20897
23871 18788
23894 30707
23906 26865
23907 24916
23922 23827
23926 6778
23931 31356
23953 9693
23977 31899
23982 25715
23989 19941
23998 16423
23999 1282
24004 23189
24005 15314
24018 327
24030 17170
24049 4425
24066 23565
24071 4044
24077 647
24082 797
24091 28183
24093 30959
24109 23255
24118 7005
24123 16324
24126 8146
24161 15682
24171 339
24174 16820
24227 30831
24229 23152
24230 7794
24232 13182
24236 24413
24248 16075
24250 23897
24254 4904
24262 13828
24265 8998
24269 13722
24291 618
24297 8433
24305 8112
24308 5927
24315 27210
24317 16979
24321 5868
24336 22115
24341 6005
24356 11937
24401 28702
24404 17533
24410 10176
24414 31238
24431 19722
24491 30917
24499 6077
24505 15371
24512 8917
24514 31961
24525 14951
24530 1018
24534 15056
24544 15727
24568 498
24585 29900
24605 22323
24617 21101
24618 9398
24681 31014
24693 31754
24714 26116
24721 1701
24723 31140
24741 11554
24760 4
24763 25311
24766 7300
24767 5004
24773 558
24782 6665
24783 22150
24793 10165
24798 23907
24813 127
24818 27171
24826 30982
24862 4476
24869 20614
24875 1413
24879 22703
24884 23263
24894 26067
24899 6855
24919 23072
24926 11313
24934 28255
24947 11430
24951 28513
24956 15909
24960 4685
24962 25984
24975 5435
24977 2568
24982 8895
24986 7814
24987 26254
25005 16088
25017 16339
25026 30507
25081 6122
25087 4551
25088 2508
25091 11737
25098 22303
25101 9469
25122 11450
25127 18690
25133 5487
25151 7240
25156 12370
25157 20661
25187 16260
25191 23059
25196 10571
25204 19699
25228 14558
25233 28625
25249 28306
25270 533
25274 11392
25296 16263
25310 22482
25315 12314
25316 27231
25319 17410
25331 13230
25346 29861
25347 13507
25356 27069
25367 15577
25373 1801
25383 26762
25386 18401
25388 15046
25392 20847
25401 3994
25403 7583
25407 5893
25415 14664
25441 12793
25444 9814
25450 23332
25456 22623
25481 30832
25482 4934
25486 4358
25488 12546
25499 25511
25507 17781
25516 5772
25522 2546
25541 1039
25551 21459
25552 2910
25555 32191
25565 6139
25576 9675
25603 32273
25608 7457
25610 24652
25617 26963
25628 2171
25633 18464
25636 7445
25645 23958
25654 16544
25661 19692
25698 5145
25700 17038
25707 17914
25714 10782
25716 24847
25743 28816
25749 23850
25751 14131
25772 286
25787 28082
25789 26872
25791 9478
25802 11599
25806 17612
25824 1959
25853 24790
25861 953
25868 31773
25876 9556
25895 13512
25898 8385
25907 32136
25909 1673
25924 7366
25927 27269
25931 10045
25941 15736
25950 13005
25951 29185
25953 19806
25955 17278
25970 18352
25979 16316
25995 24788
26006 16566
26010 13325
26029 15061
26032 24409
26036 22999
26044 7621
26070 24150
26087 18900
26108 7393
26112 5645
26123 2988
26128 10848
26131 23872
26133 26391
26183 12987
26188 22596
26201 24481
26207 24086
26211 6457
26214 13676
26227 29488
26246 28657
26250 796
26291 9178
26294 18653
26314 31322
26325 30528
26334 6593
26357 21734
26377 28124
26392 24739
26400 28994
26403 12072
26440 26898
26444 17782
26479 6828
26487 18736
26505 1369
26511 29942
26521 24769
26527 7482
26533 1455
26535 14478
26539 889
26555 26957
26563 5696
26564 8766
26567 4699
26590 11705
26599 16518
26640 15732
26644 22362
26657 2450
26664 29848
26667 13182
26672 8825
26721 22981
26734 21982
26739 17005
26793 30179
26801 32311
26804 22586
26814 22129
26830 10111
26832 19080
26841 9387
26843 9471
26863 25993
26889 14422
26897 17806
26899 27169
26900 32499
26914 952
26925 24263
26931 23191
26932 17770
26945 28121
26958 6242
26964 16695
26974 18767
26978 7757
26982 1337
26985 26814
27016 26619
27028 5783
27030 17791
27034 8486
27035 15338
27044 5466
27049 9255
27070 10298
27073 17904
27085 31505
27086 30838
27108 14440
27124 24217
27161 15802
27167 10933
27175 4854
27201 11536
27202 25143
27216 2490
27220 8536
27234 21134
27237 22641
27259 330
27264 29324
27271 4348
27302 4190
27305 29562
27309 20972
27352 24563
27357 25059
27365 20113
27369 5950
27374 4261
27390 4293
27400 1594
27411 12342
27421 25644
27431 4090
27468 25859
27477 14247
27488 11751
27497 9897
27505 9573
27521 965
27538 2073
27539 29017
27562 19189
27575 15299
27587 27432
27607 29054
27613 15351
27621 7526
27644 26630
27651 6735
27652 28829
27654 11587
27657 5417
27661 14072
27686 13282
27691 17679
27699 25025
27738 9972
27740 14107
27744 2553
27745 26029
27767 18451
27790 18035
27800 21568
27810 261
27829 16773
27832 15207
27834 26024
27838 19104
27840 22310
27856 12190
27861 7053
27867 30720
27879 2061
27881 15460
27883 15559
27902 13305
27904 21568
27905 25475
27907 31566
27926 2212
27928 29517
27932 11299
27947 21506
27952 19305
27959 12310
27964 25975
27980 26798
27983 5607
28008 29349
28010 10058
28017 12198
28019 18260
28035 588
28049 6185
28058 7009
28067 12973
28084 10032
28090 256
28127 30981
28132 31337
28146 5017
28151 13179
28154 6812
28156 28193
28159 11999
28176 3566
28179 17046
28182 28851
28183 10010
28197 8900
28206 14119
28210 32119
28224 20915
28248 24363
28252 30159
28253 4113
28267 16321
28281 4208
28296 817
28304 17549
28305 17949
28319 30144
28320 2743
28326 852
28338 19866
28340 28837
28344 24081
28346 29186
28362 25261
28409 9457
28421 22933
28431 21504
28436 32223
28473 7515
28477 16601
28496 21286
28498 27227
28500 28940
28501 3285
28512 11120
28514 22827
28523 30839
28534 7297
28540 19969
28548 23009
28595 11147
28596 8059
28638 17166
28653 15890
28672 13859
28678 17493
28692 10177
28710 4593
28726 4113
28732 19553
28738 15375
28748 12293
28772 250
28780 32519
28783 14826
28797 1388
28801 1545
28814 23396
28843 10712
28859 21243
28865 16915
28870 24062
28881 27839
28887 6249
28891 9768
28896 21172
28897 747
28898 8125
28910 12627
28940 31155
28975 4257
28984 3216
29006 8237
29021 7283
29022 6136
29024 20371
29025 5921
29043 5979
29044 2170
29045 15583
29057 439
29077 23434
29078 416
29095 21682
29104 25012
29115 6739
29149 19558
29151 6797
29156 14127
29163 31539
29171 23589
29180 14105
29188 24834
29193 23320
29215 13162
29227 21276
29238 15748
29245 22498
29265 6729
29278 28544
29305 19330
29306 18277
29340 15811
29341 4078
29347 12234
29352 14465
29354 10670
29386 220
29416 17008
29431 16752
29434 8538
29438 20179
29451 27751
29461 17066
29469 24315
29476 7171
29479 8381
29495 6067
29506 16788
29507 8094
29532 26772
29533 28897
29534 29908
29539 7388
29564 3345
29615 24729
29616 23487
29622 14690
29628 16131
29635 18796
29641 23257
29649 28709
29655 9815
29658 17932
29670 22446
29699 9240
29702 18725
29707 12551
29715 15396
29738 9218
29744 28357
29748 28779
29754 31440
29769 26908
29786 20038
29791 24062
29792 27394
29809 15576
29810 32223
29816 15932
29823 5466
29833 19397
29849 2624
29854 21106
29855 19276
29865 21014
29867 4294
29900 12840
29909 7851
29911 19267
29926 22849
29945 16256
29947 4861
29954 22830
29958 20531
29959 26931
30007 21815
30017 5700
30021 22990
30027 3662
30056 9080
30075 11240
30076 9763
30082 27504
30110 21768
30113 8963
30123 29979
30147 21447
30149 6718
30152 3984
30156 12494
30158 29205
30164 16760
30182 16956
30183 4674
30202 608
30207 20557
30217 3031
30260 5310
30282 3580
30292 10123
30293 9872
30297 11147
30311 32371
30312 6407
30318 9802
30324 21000
30329 17123
30334 1609
30345 9117
30349 19479
30355 12656
30361 15904
30373 26398
30400 30084
30415 3360
30420 14290
30422 11345
30433 31316
30440 27366
30472 17515
30492 16486
30493 23789
30498 27229
30503 20953
30507 4697
30513 877
30517 23905
30530 15819
30540 30615
30542 11126
30543 31198
30559 23240
30562 24754
30566 27009
30571 24008
30596 18879
30610 28138
30619 19743
30627 18734
30642 25835
30653 16092
30657 549
30663 1363
30673 26676
30676 14884
30697 16136
30699 2654
30723 25483
30746 5824
30783 3489
30785 6531
30787 5764
30790 17328
30792 21831
30797 28624
30819 3625
30822 14935
30834 20365
30837 5904
30843 14462
30844 23050
30853 14127
30854 23847
30878 24377
30883 32020
30887 8736
30890 21354
30892 18898
30897 23537
30907 20233
30908 9589
30922 25562
30927 9757
30928 27020
30956 13807
30962 17272
30971 7004
31015 20363
31026 25402
31034 16890
31080 30360
31084 29757
31110 30533
31113 11516
31116 16041
31130 11386
31131 5772
31136 18633
31167 13768
31172 4215
31175 21168
31176 11563
31178 31413
31191 27811
31207 11208
31211 22009
31238 1673
31259 30514
31278 31269
31284 19457
31290 11044
31291 14748
31293 9465
31299 8500
31300 1598
31308 5973
31313 21033
31314 2351
31333 28466
31342 16965
31347 20625
31353 27982
31357 12732
31374 31928
31386 5195
31389 26153
31395 17043
31400 4243
31410 20675
31434 7037
31435 1396
31444 26484
31454 28671
31484 6685
31490 8210
31513 18873
31569 25337
31582 484
31592 31385
31613 7237
31628 24207
31631 19747
31633 12365
31650 19373
31663 4842
31670 30317
31673 11902
31676 29654
31679 25243
31691 29909
31697 27666
31707 17164
31712 6543
31715 8704
31716 14443
31722 29118
31737 22476
31749 487
31755 17889
31759 29661
31760 10375
31764 5305
31767 30577
31770 2184
31775 15787
31776 16815
31782 6342
31784 14610
31788 18657
31792 5491
31807 16450
31813 4788
31840 7393
31852 21239
31870 19684
31884 2173
31891 10268
31897 21503
31910 27232
31927 5092
31963 4471
31968 21453
31974 24565
31981 5244
31988 28347
31992 31925
31999 10173
32005 15027
32008 7127
32009 16290
32038 9953
32039 18354
32051 22664
32056 7326
32060 30864
32061 27080
32093 15193
32101 27662
32112 30740
32131 902
32139 25896
32171 5414
32187 31776
32207 21194
32263 1790
32284 6416
32304 14546
32307 14075
32312 21639
32331 24845
32339 19606
32353 1797
32360 17541
32367 18724
32371 13093
32375 32427
32383 31974
32386 13504
32389 31261
32393 12739
32399 23270
32421 32074
32425 19286
32428 28606
32446 21238
32456 29887
32458 28174
32460 15246
32461 26826
32473 23639
32490 3980
32512 16311
32515 27853
32519 24794
32528 21218
32531 24895
32549 2105
32552 1745
32563 9070
32597 21676
32600 4460
32602 9153
32611 27567
32620 28606
32627 6359
32658 9342
32662 19599
32667 7742
32703 28583
32707 21528
32709 19315
32713 20289
32714 32446
32719 6894
32730 22900
32733 21119
32743 24979
32744 12385
32763 29036
