17 131
1278 64869
2327 40684
3626 122714
5072 118872
5640 33575
7722 24962
8626 41590
8725 12564
9587 1656
10683 60950
11567 76497
11892 95618
13546 16572
17714 25196
18150 31775
18843 24248
19416 52884
19918 39638
20067 102913
23241 14944
23926 109152
24773 15048
27790 122062
29340 29926
30027 2739
30559 21631
30819 53495
31299 77705
33855 91467
33856 4520
34619 48387
35907 14600
36766 63590
37576 83678
37751 13445
41811 73996
42533 66744
43124 48650
44611 130608
44726 13849
46113 82531
47110 123811
47645 19878
48768 125338
49799 43643
52853 66341
52883 12918
53040 73347
53163 20726
53410 34803
53629 65052
53811 80215
53887 58804
58763 101533
59700 76274
62891 114873
62915 19249
63123 117295
65641 87918
66930 71219
67875 50336
68205 21620
68915 55365
69552 118096
69983 43660
70636 118344
70748 20127
71122 20035
73624 21948
74800 34140
75877 107720
76440 117656
76618 63944
76688 71591
77207 51579
77904 11900
78263 18722
78353 22255
79289 83426
81493 54513
81644 11982
81898 34768
83264 39269
83891 70189
83988 96370
84967 57794
85010 8690
85116 25444
86996 79818
87795 113854
88095 95860
90415 113875
92500 126187
94774 98163
94841 58675
95359 120630
95445 77744
96319 34268
97903 108881
97929 58267
98067 106863
98133 100910
98512 12807
98742 42009
98942 24410
102278 78432
102284 68274
103880 17688
105775 7054
106447 70649
113144 36643
113374 114170
113513 21681
114120 130020
114913 56120
115083 13421
117357 101129
117614 28132
123130 58692
124661 105752
124744 112983
124968 36139
126183 43786
126666 20135
127042 118424
127191 119290
127610 85596
127939 60787
128844 27652
130303 71121
130643 51051
