15 8192
0 5735
1 9657
3 17716
4 31940
9 23973
12 15121
18 7699
30 11444
31 23087
34 5076
38 21
42 12221
52 13427
53 2617
59 26101
67 12170
68 12857
69 7143
71 20044
78 15357
84 15187
86 24133
88 4870
91 11838
98 27707
104 956
105 22381
106 24263
108 26619
110 26050
111 5109
114 28915
120 29538
125 15170
126 21911
127 11200
128 19525
130 21076
131 7440
132 14103
135 1538
137 3731
144 14960
146 9313
158 21881
164 1381
175 32500
179 31872
183 18936
196 19108
203 28898
207 4062
208 18616
210 7918
219 12508
220 14125
228 571
233 7579
237 5375
243 14834
250 391
256 18339
258 32210
261 8244
272 20315
279 12282
281 8184
282 19868
283 31181
286 7725
288 12898
297 9552
299 23732
300 9611
308 8149
311 20290
313 10617
314 477
319 31164
324 18055
327 16287
330 15035
338 26618
339 28170
341 28865
345 12562
350 19633
351 30504
358 1664
359 19331
363 3585
370 22616
373 14071
374 27238
376 30178
377 23681
379 15468
381 5385
387 6160
395 17352
398 16457
401 26837
403 11309
405 11191
407 25484
408 29532
409 31537
411 4300
415 25515
416 29137
427 32477
429 26673
432 20427
435 12367
436 14842
437 16353
438 8045
439 9002
447 22308
453 6386
455 27581
456 9656
457 4246
472 18898
475 25305
477 9883
478 12507
479 7414
480 15138
484 8014
487 10775
488 7180
493 768
497 28
498 743
504 25005
507 28142
510 6482
514 20959
522 12714
523 19947
524 31478
525 21387
532 7204
533 11270
536 29644
543 20022
545 14369
546 19676
548 26597
549 29448
551 3112
552 8789
557 19724
558 10003
559 10251
560 25264
561 13827
568 7193
572 27892
573 17421
577 18527
578 15770
580 20782
583 29262
588 23348
590 23286
608 16341
610 30019
611 26467
613 23437
614 20790
618 6181
619 31006
625 5074
628 28320
630 26303
631 23202
638 601
640 28559
647 7801
649 12039
650 11748
662 20410
665 31163
666 7509
676 30783
679 4395
688 5075
693 5350
696 18193
701 10242
710 9062
713 18492
716 18163
719 17395
724 13008
725 15082
726 26308
727 27658
728 5854
729 32550
731 18232
740 771
745 20394
747 21869
749 31891
753 8390
754 10632
756 4267
759 13207
765 7585
776 17583
784 31263
795 3023
796 1093
797 3988
798 26365
800 5301
805 7858
807 7128
808 28054
813 488
814 10473
816 20580
817 3839
821 2330
824 13589
830 26992
832 24570
837 22639
838 11525
842 11335
845 2468
847 26323
852 29621
853 24467
855 25258
862 29127
867 19715
876 22684
877 8968
879 17479
888 15327
889 680
893 3476
897 2356
898 24338
902 23662
914 19089
916 12393
917 26668
919 22572
921 29596
927 4040
939 9030
940 31161
944 14704
952 17228
953 14867
956 6533
958 23787
962 616
963 22305
965 891
973 7334
979 21709
980 16682
994 30657
996 24473
997 8082
998 19948
1005 10666
1012 12549
1016 23584
1018 14086
1019 24090
1026 21802
1027 12781
1039 22488
1041 1414
1044 16262
1049 28953
1052 20544
1054 23312
1058 26315
1067 30401
1072 1372
1074 22388
1080 18731
1081 17009
1086 5039
1087 29516
1088 21323
1090 10633
1091 10826
1099 11422
1102 16757
1105 17769
1122 13495
1124 31735
1126 32373
1128 31358
1135 10893
1137 17431
1139 22153
1142 28840
1145 18664
1152 2855
1155 22745
1162 8014
1165 25641
1168 17066
1169 31330
1175 15502
1181 7030
1185 27241
1193 32021
1195 4397
1198 2180
1199 15511
1201 22467
1206 9478
1208 14585
1213 27039
1214 13119
1221 20571
1223 3717
1227 8550
1229 14955
1230 27139
1234 8959
1243 11975
1244 2597
1245 21269
1249 15341
1251 4740
1260 6971
1264 23835
1266 7646
1268 28942
1269 30292
1270 23470
1273 12133
1276 1028
1278 29471
1282 12690
1294 7491
1302 22449
1304 3855
1307 11227
1329 16046
1330 13187
1331 11305
1337 8148
1339 15750
1340 5955
1341 27623
1353 28814
1357 2188
1358 31291
1359 1564
1363 54
1367 28721
1369 16165
1372 20639
1377 21017
1382 14984
1385 20107
1388 6375
1390 29197
1392 20401
1394 23843
1396 20400
1402 6800
1407 31759
1409 13301
1410 22505
1413 5433
1427 19756
1432 17723
1435 31651
1439 25901
1445 25259
1450 11589
1455 29275
1462 24716
1467 26749
1473 27977
1474 14595
1483 25440
1486 27249
1494 882
1500 26947
1501 12518
1506 358
1507 27068
1511 5571
1512 30667
1518 3756
1521 18308
1522 3397
1524 30268
1528 30310
1535 14258
1540 9927
1541 20857
1545 31814
1547 27316
1551 18062
1552 28075
1553 320
1557 18628
1558 31042
1560 787
1566 1254
1569 14658
1573 26987
1579 21397
1591 24408
1594 31728
1595 22561
1597 27449
1598 18365
1600 18982
1604 29818
1609 14911
1615 8959
1617 4211
1627 5853
1630 15232
1645 10852
1651 14672
1652 23446
1656 24625
1658 16847
1662 26503
1667 5864
1670 12187
1673 16017
1687 17572
1700 4077
1701 32472
1715 22940
1716 12462
1719 31429
1727 31034
1728 1593
1729 10551
1730 27438
1731 11913
1737 22345
1742 2602
1745 18275
1748 8741
1749 6190
1752 19286
1756 19808
1759 17419
1764 10054
1774 30025
1778 12808
1779 9848
1784 1108
1785 15676
1790 31816
1793 12320
1794 8506
1797 12744
1798 17712
1800 16061
1801 16308
1807 7045
1811 24540
1814 25056
1817 24749
1820 29998
1822 8636
1828 2025
1829 27665
1831 14497
1833 30958
1837 27020
1838 26774
1849 1343
1851 27466
1853 31854
1854 16945
1855 11067
1857 7764
1859 9784
1861 14562
1863 6162
1868 8936
1873 14676
1874 19942
1878 26282
1880 7648
1883 8847
1893 18124
1902 20508
1903 20845
1906 3731
1908 9868
1910 8978
1913 5259
1914 6494
1917 5928
1922 10305
1929 24636
1937 31958
1944 842
1955 29300
1959 19863
1961 25847
1971 1554
1976 11783
1978 27842
1981 27700
1984 4526
1985 14529
1994 17554
2000 28990
2002 24535
2007 23164
2009 5591
2013 31720
2018 16676
2024 21773
2032 28056
2033 16847
2035 26621
2037 22755
2040 6351
2042 508
2046 7523
2053 24237
2059 30460
2061 21962
2070 18175
2072 28761
2073 31247
2078 15012
2079 14010
2080 22006
2081 21730
2082 17324
2083 27509
2085 1617
2087 22739
2091 29744
2095 6037
2101 20680
2102 723
2105 5406
2110 15862
2120 29562
2124 1244
2127 16009
2133 4982
2139 4000
2147 8880
2154 32558
2156 6934
2159 2159
2162 7603
2165 20856
2167 17063
2168 15002
2170 6183
2171 3654
2172 22014
2173 7666
2177 3575
2180 14746
2181 25630
2183 13134
2184 28861
2185 12820
2186 10053
2187 30808
2190 6740
2193 9771
2202 4716
2208 739
2210 5680
2212 30000
2213 10620
2218 8400
2221 18275
2227 24831
2229 30
2231 26167
2233 7771
2238 6501
2245 27563
2253 26840
2255 5736
2263 27144
2268 19827
2276 7519
2277 24995
2279 6463
2281 23334
2283 22713
2285 421
2286 27872
2293 3089
2295 5752
2297 4000
2298 2581
2310 29094
2326 28817
2327 15505
2339 11554
2340 27993
2348 14748
2351 28068
2354 22272
2355 1542
2368 8201
2371 5863
2374 19744
2390 17486
2391 22859
2399 28200
2404 14984
2410 23240
2412 29687
2413 29027
2424 16366
2432 9274
2433 11697
2441 22732
2443 5436
2449 2538
2450 20575
2452 22460
2455 23079
2460 1355
2464 8529
2468 7485
2470 13572
2472 10566
2473 13521
2475 52
2481 29852
2482 3336
2485 23891
2490 3928
2495 3260
2508 735
2513 306
2514 13283
2516 25588
2524 11910
2525 30908
2530 25777
2532 19908
2537 27347
2546 7686
2547 13526
2549 10939
2550 24732
2551 29249
2553 22334
2556 4546
2560 26061
2561 17301
2568 32645
2571 8790
2577 17372
2581 8825
2582 19172
2585 5278
2586 24382
2591 27156
2600 173
2603 31491
2606 26066
2609 24086
2624 1836
2639 31219
2640 7276
2648 24657
2651 10435
2653 1243
2654 1240
2657 18506
2659 3636
2661 11564
2667 12690
2669 15945
2674 13947
2678 26196
2681 27088
2683 9830
2684 8260
2685 18293
2686 25347
2689 19213
2692 27072
2699 30482
2703 22336
2709 14824
2711 28243
2714 22716
2715 12714
2726 17320
2735 13718
2738 18620
2739 22315
2742 22074
2743 2686
2746 8368
2751 14566
2756 31415
2765 2319
2768 7298
2773 26438
2780 24085
2783 19216
2785 16862
2794 28509
2798 29501
2807 21089
2810 11631
2811 25877
2814 20532
2816 12039
2817 517
2821 6111
2825 7828
2826 20037
2832 25236
2836 14427
2838 13405
2840 18691
2844 9496
2848 27640
2850 10435
2852 8881
2854 18672
2859 22052
2862 16363
2866 17943
2876 2387
2883 2680
2889 28829
2890 31827
2891 26890
2902 9874
2910 16605
2925 15414
2932 2676
2944 27144
2950 2859
2953 32521
2956 26548
2959 30934
2962 12175
2975 5714
2976 11296
2978 22525
2979 23150
2980 30968
2982 13308
2985 11748
2986 27710
2988 15622
2993 2066
2999 10373
3000 3100
3003 13519
3008 14173
3010 18647
3012 25453
3020 31244
3025 5603
3027 1490
3031 17621
3032 23186
3033 19639
3035 29267
3037 10687
3045 18786
3053 25178
3056 22046
3062 19207
3063 31208
3070 14099
3074 15567
3075 29910
3077 18381
3090 27702
3091 3051
3093 21743
3097 3988
3099 8014
3101 29862
3106 31696
3111 10945
3117 21782
3122 4120
3128 4907
3131 3877
3135 5678
3138 21056
3139 14809
3147 26081
3149 3741
3156 29805
3160 7173
3163 2962
3165 6056
3172 8492
3177 16700
3180 17382
3183 6313
3188 23654
3191 24623
3198 3746
3201 17815
3203 4925
3204 21477
3207 22950
3210 32394
3212 24242
3216 23660
3227 19008
3229 18835
3238 6478
3239 22314
3240 15998
3242 27393
3251 18792
3257 17920
3266 23427
3281 15525
3283 12929
3285 10873
3286 958
3288 5162
3297 26418
3303 23976
3314 9692
3317 863
3335 9707
3339 1886
3341 25195
3345 30383
3350 5970
3351 8571
3356 32473
3360 26999
3362 10134
3363 13022
3367 18973
3371 8476
3372 16069
3379 8956
3380 21248
3386 10864
3392 30749
3394 17148
3397 20227
3402 23424
3405 24190
3420 26892
3425 15346
3427 12668
3430 21370
3431 23639
3439 29021
3440 5535
3443 31859
3444 11942
3448 24402
3460 25312
3462 17960
3463 13506
3464 15369
3472 4704
3473 3078
3474 13043
3482 19326
3486 24959
3487 29828
3489 27164
3491 1425
3493 15747
3505 21332
3508 3427
3510 5918
3512 6552
3514 27484
3519 6279
3521 20853
3522 243
3527 24014
3529 10566
3533 30944
3534 16755
3541 23855
3542 17747
3548 12381
3549 5749
3552 27796
3554 24833
3566 31939
3570 16588
3580 3737
3589 3067
3590 29664
3592 619
3594 28770
3602 7513
3606 15251
3608 16026
3620 7471
3625 12406
3626 15857
3630 1100
3631 6236
3635 24100
3636 30789
3642 25553
3654 21596
3657 13455
3659 21920
3661 30391
3662 180
3667 10856
3674 11371
3675 30641
3676 20376
3688 1212
3692 6133
3699 5667
3701 27927
3702 11620
3707 20424
3710 4122
3719 27103
3728 32738
3731 30097
3733 22454
3734 31100
3737 30115
3742 23564
3752 6110
3758 16916
3759 27776
3763 24686
3769 25746
3780 24572
3781 7433
3782 16895
3784 6502
3788 4029
3803 26742
3807 31758
3808 30389
3810 27038
3811 14272
3817 12414
3825 23663
3826 32489
3828 20421
3832 10938
3835 1647
3838 20569
3839 13713
3843 3697
3845 3563
3854 9301
3855 8692
3856 21914
3858 13416
3859 9329
3864 7353
3867 16776
3872 11435
3875 15623
3878 7072
3889 20172
3893 2942
3894 8166
3896 8452
3901 5256
3911 30576
3916 26517
3919 28443
3922 19864
3928 24203
3940 32139
3942 2638
3945 11984
3968 12495
3970 9792
3972 28563
3973 2733
3974 3118
3979 18701
3980 20231
3982 20759
3984 10195
3994 21445
3997 21030
3998 16615
4001 12926
4006 17532
4012 22324
4016 5110
4017 14073
4032 13670
4033 23564
4035 779
4036 10840
4044 16334
4050 25967
4051 11327
4052 11014
4054 5062
4055 29464
4061 8990
4063 1719
4066 13539
4067 28072
4070 510
4076 17177
4078 17283
4082 23700
4090 14333
4092 14819
4093 23076
4096 9764
4105 28271
4106 1105
4111 23713
4112 6278
4113 14875
4115 24832
4116 16200
4118 19570
4121 13274
4124 571
4144 19274
4151 16183
4159 31886
4160 29617
4163 27462
4164 18077
4169 925
4175 18826
4182 9174
4187 23
4188 21139
4190 12959
4197 30935
4202 11614
4207 3291
4208 6705
4210 26046
4215 9231
4217 21579
4220 19557
4223 22154
4225 31167
4229 12772
4230 239
4232 26553
4236 25352
4238 30086
4239 18703
4240 19941
4243 14455
4250 12313
4251 21786
4252 29982
4255 6207
4257 24900
4258 13321
4261 14309
4265 18701
4268 11
4272 13213
4275 10874
4276 8903
4278 9745
4280 11454
4282 11501
4285 12106
4286 18248
4290 485
4291 21444
4293 31669
4294 25416
4295 31898
4297 11135
4299 14618
4302 31320
4309 22736
4311 8808
4315 6165
4321 27252
4323 30442
4327 23605
4330 23780
4333 10711
4335 3668
4339 16683
4340 25045
4342 11074
4347 26857
4348 5747
4358 9133
4369 11972
4370 9351
4371 22511
4372 18238
4373 27204
4378 10415
4390 28861
4391 14263
4401 14263
4407 8699
4416 32091
4417 23579
4425 11505
4428 27071
4433 9564
4439 24580
4442 20585
4443 23501
4444 11410
4446 3412
4447 12672
4448 20462
4456 8346
4460 17884
4463 13582
4465 32333
4471 20305
4472 15168
4473 18053
4474 3520
4475 31905
4476 13828
4477 22825
4498 24606
4500 3767
4501 29475
4502 12711
4504 7428
4510 22766
4512 20917
4520 22045
4521 15916
4524 19144
4526 9745
4529 9029
4537 26691
4541 24231
4543 15711
4551 22767
4556 19834
4559 31549
4563 25929
4575 15234
4579 19287
4589 10932
4592 2459
4593 28287
4596 30794
4605 16221
4606 31805
4608 16729
4609 29422
4612 26849
4614 20503
4617 22264
4620 12060
4625 13285
4628 1701
4629 15911
4632 19484
4634 31347
4639 3418
4640 20240
4647 24601
4649 8124
4652 9749
4653 12397
4654 26744
4663 5442
4669 10671
4671 25009
4674 8138
4675 13318
4677 18244
4682 6374
4685 15458
4688 8951
4689 25079
4691 5094
4697 23164
4698 3645
4699 10869
4708 28214
4715 29654
4719 10330
4720 5567
4721 29012
4722 22638
4724 18168
4725 1520
4729 21814
4741 27232
4754 32505
4758 24676
4765 12871
4767 21664
4769 9153
4774 16840
4778 12159
4779 9749
4780 4316
4782 15131
4784 8656
4786 11123
4788 21144
4791 30038
4793 7158
4796 20762
4798 15690
4804 13514
4808 28010
4811 14695
4812 4550
4814 12896
4824 6206
4826 15342
4827 3664
4830 6739
4831 2034
4832 16922
4833 3695
4842 27514
4846 30168
4853 28285
4854 21369
4855 11216
4858 19953
4861 31128
4862 3913
4863 16804
4877 13193
4881 21034
4893 27577
4895 22642
4898 12408
4904 27567
4905 31304
4909 6590
4920 16228
4922 12744
4926 20108
4933 24209
4934 30024
4935 1379
4939 26920
4941 24094
4951 10665
4954 25005
4955 4135
4960 4776
4980 21697
4981 2686
4983 5837
4994 28823
4996 25610
5000 20398
5004 6605
5014 8832
5017 29935
5019 23678
5020 22837
5023 16087
5028 9305
5029 23539
5030 6754
5036 19698
5039 19166
5045 17514
5048 20433
5052 12450
5054 8352
5057 31586
5062 28793
5069 4330
5072 27752
5079 32364
5081 6648
5088 4161
5090 20489
5092 13228
5093 20002
5100 3154
5101 13810
5102 6494
5104 16080
5105 828
5113 16091
5117 18250
5119 15101
5128 3705
5129 26966
5132 12131
5140 24530
5143 22563
5145 12446
5150 22111
5156 1046
5158 4393
5163 5325
5180 15546
5187 14060
5194 1544
5195 29748
5196 17220
5198 6445
5200 4837
5206 16679
5208 16189
5212 3817
5215 15316
5222 27674
5225 21091
5227 14947
5228 25170
5229 31572
5234 17091
5236 25319
5237 11153
5244 8696
5254 24372
5257 19018
5263 4042
5269 18273
5272 27702
5275 25147
5283 15985
5285 24039
5288 19200
5289 11299
5292 8961
5296 26672
5299 21321
5300 24083
5305 17256
5306 4536
5307 16430
5308 1903
5310 9668
5312 3910
5313 871
5319 697
5325 19740
5328 16894
5338 15827
5340 19048
5343 25296
5374 14318
5379 16109
5384 21059
5386 4940
5388 15276
5394 24501
5395 17429
5400 7430
5401 978
5402 31009
5410 32448
5412 18859
5414 3921
5417 2877
5419 16431
5424 9035
5427 16611
5429 10060
5433 22468
5435 21915
5436 2130
5440 30607
5443 13790
5444 15351
5446 5585
5448 23581
5457 28337
5466 31252
5468 14276
5469 8111
5478 8703
5481 32642
5487 30377
5491 27747
5492 27091
5495 10889
5505 26720
5511 19374
5516 23501
5517 28675
5522 12364
5523 11128
5525 22764
5526 20733
5531 6575
5537 3475
5540 29915
5543 5254
5545 30718
5552 4585
5557 13060
5560 16917
5563 21719
5564 31949
5565 26666
5566 28323
5567 24148
5573 1540
5574 19877
5575 14051
5576 19204
5585 26104
5586 12424
5587 21215
5589 28984
5594 31140
5599 17185
5602 7530
5605 17111
5607 1189
5611 5421
5615 24256
5619 25424
5620 10961
5621 16647
5630 31007
5632 6480
5634 2985
5638 26877
5640 5289
5641 15524
5644 29533
5645 17957
5648 6188
5650 25985
5663 18348
5664 9642
5669 10624
5682 2520
5683 8152
5685 13281
5687 18936
5688 18553
5690 31774
5696 18128
5700 17692
5709 32519
5711 28964
5719 17416
5721 25421
5728 9855
5730 13811
5732 23172
5734 14636
5738 29561
5740 3061
5741 28642
5742 19905
5745 12435
5750 27908
5756 11842
5762 19607
5764 30468
5772 23093
5773 17087
5775 8353
5777 25227
5782 28050
5783 11969
5785 22075
5786 26241
5788 32436
5799 31404
5818 20937
5823 5209
5824 407
5832 16660
5840 8732
5845 29941
5853 14604
5868 31138
5869 4420
5893 20026
5895 22542
5897 20684
5899 18270
5904 18832
5909 18969
5912 8149
5913 6703
5915 21773
5921 3066
5924 25869
5927 23993
5928 12400
5932 7347
5945 17029
5948 23413
5949 2468
5950 636
5952 6631
5958 17027
5959 10034
5969 13288
5971 7013
5973 18074
5975 18519
5979 8362
5983 24141
5985 23754
5986 25863
5992 21926
5994 29277
6005 3536
6006 28335
6008 7420
6016 26906
6025 1159
6028 4732
6029 5832
6049 22162
6054 13168
6055 30715
6059 13852
6063 19079
6067 7741
6068 28384
6075 23985
6077 10428
6081 13531
6083 14272
6091 23050
6092 20792
6102 14756
6105 728
6113 29061
6118 15355
6122 11973
6124 8611
6126 8903
6135 7013
6136 9410
6137 20312
6138 13028
6139 13922
6140 27834
6146 15448
6147 4689
6151 12698
6155 22900
6158 29846
6159 28285
6162 20663
6163 25041
6167 23708
6169 21575
6174 15034
6181 4630
6184 31673
6185 10240
6198 29536
6208 12158
6210 28367
6216 9882
6222 11441
6224 16994
6225 21346
6230 22147
6233 23585
6242 29575
6246 14977
6249 20281
6251 16683
6252 13874
6253 339
6260 11192
6264 20138
6267 16389
6268 19855
6274 16220
6276 2500
6284 30482
6288 15575
6289 17753
6290 6659
6292 14375
6293 5736
6297 24109
6298 28572
6300 23093
6321 18824
6324 3012
6325 24258
6329 15531
6331 23669
6334 24776
6339 30295
6340 11811
6341 6180
6342 30827
6351 14350
6358 1599
6359 26513
6365 30485
6366 28846
6373 30494
6382 26532
6385 20181
6393 29271
6395 1838
6399 18653
6402 6417
6403 18497
6407 14616
6408 28022
6416 14959
6420 6712
6421 23257
6424 8351
6436 30837
6442 9708
6447 31147
6448 13227
6451 8774
6453 18443
6454 11077
6455 11384
6457 15581
6458 16395
6460 15758
6461 22501
6478 26146
6485 5317
6494 834
6501 32565
6502 26049
6503 8679
6506 12322
6514 15688
6531 25886
6540 10300
6542 20134
6543 3715
6545 6410
6546 27851
6547 10941
6549 27176
6553 24114
6561 1554
6568 7166
6571 17830
6572 12710
6588 19659
6593 6518
6596 23204
6607 22548
6626 2560
6630 6759
6635 6622
6638 2367
6640 6094
6642 10150
6643 20656
6646 2939
6654 32745
6656 27060
6657 5126
6658 14369
6660 6487
6663 18268
6665 27926
6678 3927
6680 15111
6685 11795
6686 14873
6690 29573
6691 28448
6701 10399
6702 12292
6703 3628
6714 5356
6718 3868
6723 8105
6727 3754
6729 32129
6730 13425
6735 26716
6736 26035
6739 13236
6742 4027
6744 2635
6755 8458
6756 32709
6757 3648
6758 5225
6760 7386
6766 28435
6774 2748
6775 24190
6778 6064
6785 18111
6786 23277
6791 15421
6793 8705
6794 6445
6797 18183
6800 20985
6803 2061
6806 22599
6807 21257
6812 28276
6814 20478
6815 10327
6819 4281
6820 5400
6823 3021
6826 4277
6828 29351
6835 14593
6840 17803
6843 9437
6844 14322
6847 32258
6848 22619
6855 11674
6858 22144
6859 13971
6861 8617
6864 23454
6870 27961
6878 15100
6885 14944
6887 19438
6890 16075
6894 18609
6896 8758
6899 6674
6901 7411
6920 26370
6923 21911
6936 28457
6940 2885
6947 19759
6951 2493
6955 9121
6974 30641
6978 23639
6987 12536
6993 31774
6994 6692
6997 22812
6998 32249
7001 28540
7004 8640
7005 13557
7007 18283
7009 25738
7010 1025
7012 27291
7022 22875
7025 27820
7027 29493
7032 816
7036 27785
7037 16488
7047 27643
7050 30378
7051 831
7053 10815
7054 8460
7060 29171
7066 3808
7067 22178
7070 16703
7073 22643
7075 25887
7080 10425
7088 14769
7093 22516
7095 8636
7097 27432
7108 28660
7127 3134
7134 7062
7137 10637
7139 20650
7151 16695
7152 6392
7154 6721
7168 5851
7171 9105
7172 11640
7176 4928
7180 21696
7181 29002
7186 9181
7187 27895
7189 15364
7196 12225
7197 32288
7201 32656
7202 20238
7204 9848
7208 31187
7216 4388
7217 9078
7218 19176
7224 1425
7227 11266
7229 23092
7234 5609
7237 2222
7240 13527
7245 22584
7261 26242
7262 8368
7270 11796
7271 9024
7276 16301
7278 29541
7282 25327
7283 31547
7285 17355
7287 8777
7291 13869
7297 10225
7300 19022
7302 8502
7306 29503
7321 9847
7326 5264
7328 677
7330 6581
7333 23028
7337 23854
7339 1936
7349 14440
7350 32055
7351 1532
7359 20875
7361 1095
7366 27818
7367 21987
7369 15991
7377 7761
7384 26848
7386 26458
7387 17531
7388 27342
7393 26203
7394 27251
7395 25831
7408 29840
7409 5672
7410 31646
7424 30839
7428 21373
7432 27039
7445 3649
7448 8731
7452 12299
7457 19032
7458 691
7459 20639
7460 3914
7463 9020
7471 16636
7482 6716
7491 19688
7499 8058
7503 3258
7511 22040
7515 1976
7516 6892
7519 19011
7526 19120
7532 8032
7533 28323
7535 27438
7538 8156
7541 24495
7543 20562
7544 19930
7549 6319
7553 10067
7559 30418
7563 7095
7564 5334
7566 31366
7570 19341
7580 24095
7582 6998
7583 15264
7586 24162
7588 32069
7590 28460
7593 32594
7594 24877
7596 32622
7599 18142
7606 2113
7609 22358
7611 17690
7612 13913
7614 18303
7616 9541
7619 32656
7621 11423
7626 5178
7633 15771
7639 31020
7640 24250
7643 18494
7654 11909
7659 15556
7660 9196
7663 31735
7666 5504
7670 3437
7671 10408
7675 11493
7681 4451
7682 27577
7686 10084
7688 7434
7691 3692
7699 10966
7700 6205
7701 21518
7702 4068
7704 24902
7706 11393
7707 14423
7708 7648
7722 20469
7727 9865
7733 11770
7734 16567
7742 30557
7752 11270
7757 18978
7764 4687
7778 17507
7788 28576
7790 3038
7792 7660
7794 15442
7799 25738
7802 2258
7803 31077
7807 29437
7810 13054
7811 17340
7814 15730
7824 23065
7826 19422
7828 23937
7837 18886
7841 25401
7844 23932
7847 17071
7849 1320
7851 24363
7856 21443
7863 15961
7868 13656
7878 1345
7880 24948
7886 1442
7888 27027
7892 16979
7894 5524
7899 7206
7903 5627
7908 27338
7916 10734
7918 4371
7927 10405
7934 26887
7940 4158
7943 7211
7956 30128
7959 15362
7961 3051
7962 21623
7963 18412
7966 203
7974 31890
7978 15157
7993 2230
7996 13093
8003 25012
8004 10184
8015 3253
8016 6049
8022 21384
8024 1092
8034 22608
8036 28261
8037 24276
8040 27948
8042 10628
8046 21493
8055 5380
8059 31733
8060 24004
8077 8580
8079 32697
8085 29088
8088 4746
8091 15962
8094 30466
8101 19747
8102 27268
8111 4983
8112 7267
8114 8189
8118 5911
8120 16494
8125 17756
8126 3588
8133 12600
8135 3893
8137 23505
8143 15617
8144 2763
8146 30875
8148 10026
8150 11793
8158 22440
8159 16096
8168 26582
8170 22766
8172 19484
8179 11786
8182 22714
8183 5710
8184 16173
8186 16526
8187 19449
8188 12734
8193 21807
8195 24129
8201 5662
8208 10090
8209 19214
8210 14348
8216 7483
8218 15359
8222 31142
8223 20863
8224 9435
8230 17665
8237 13668
8239 19681
8255 15085
8260 22501
8261 1649
8264 18472
8267 17537
8272 26369
8278 12694
8279 12563
8285 20248
8292 4527
8308 10731
8309 31944
8310 30823
8322 1649
8337 783
8340 30553
8345 3486
8366 4921
8368 15869
8378 24408
8381 6887
8382 27628
8385 30432
8386 23382
8389 27931
8394 25943
8397 28520
8398 4309
8403 29281
8405 1726
8406 19787
8410 9213
8421 19401
8422 4196
8423 28820
8426 16030
8433 25467
8440 1896
8460 4269
8470 15581
8471 28094
8475 15874
8478 14309
8482 20967
8484 20059
8486 25603
8500 15644
8502 19887
8509 23140
8519 32251
8524 2389
8528 4374
8530 29554
8534 32052
8536 4591
8538 9874
8541 375
8549 16583
8553 29534
8554 23921
8556 28610
8558 11456
8559 28826
8564 9135
8570 4054
8571 10784
8572 8812
8576 28492
8578 15740
8580 23399
8583 13554
8589 20379
8593 8279
8594 1810
8595 10108
8599 23019
8617 22636
8618 26808
8621 31447
8622 9714
8624 4890
8626 6953
8632 30304
8633 2360
8635 24258
8639 11305
8640 18099
8643 4689
8660 19352
8664 11514
8672 31380
8676 4261
8683 22584
8689 3079
8690 30738
8700 23869
8704 3432
8707 10231
8708 20377
8709 6362
8711 20376
8723 1435
8725 9557
8726 394
8732 11140
8736 7812
8737 785
8740 9457
8746 4717
8747 5484
8749 6306
8753 14150
8761 16986
8762 17092
8766 16367
8767 18189
8769 4320
8770 111
8778 22824
8782 24013
8786 30985
8787 19347
8801 20873
8804 25131
8808 4434
8810 21935
8811 24537
8815 19487
8816 30828
8819 30823
8822 28989
8823 14556
8825 8700
8826 783
8834 17097
8840 29059
8841 4770
8843 14007
8844 9711
8845 16870
8849 1020
8850 25929
8859 6482
8862 14880
8863 15992
8865 6583
8883 14127
8884 7678
8885 8388
8888 18646
8890 5182
8893 10233
8895 17532
8897 12972
8898 19077
8900 2236
8903 12779
8908 5984
8912 20922
8917 3001
8920 1779
8923 8054
8925 18235
8930 22863
8938 25057
8939 1043
8940 7250
8954 12768
8960 30541
8963 32321
8967 26549
8968 23108
8970 6956
8972 10759
8977 18152
8978 21063
8979 23430
8980 25979
8983 7326
8995 31699
8998 27445
9000 22465
9004 11812
9008 28226
9009 3009
9010 1849
9014 21227
9017 14499
9018 303
9019 23180
9021 30151
9024 2898
9027 9862
9034 3289
9035 21680
9042 7597
9043 3767
9044 17105
9052 22893
9059 6016
9065 28887
9067 309
9070 14226
9074 21375
9080 28753
9081 29606
9087 23367
9088 22299
9094 14938
9099 20257
9100 30990
9107 27089
9112 32433
9113 30100
9114 16569
9117 15580
9119 3152
9123 11952
9125 14385
9128 970
9131 14928
9137 20535
9138 30105
9148 12472
9149 17385
9151 4425
9152 21999
9153 23717
9154 23185
9155 23186
9160 22535
9169 4642
9174 6207
9178 21764
9187 27637
9197 16530
9199 11830
9200 29283
9205 6608
9210 31504
9212 9459
9216 29041
9218 9358
9220 10352
9225 3087
9227 26385
9229 17940
9230 17667
9231 14029
9233 23798
9234 6082
9235 11552
9239 1948
9240 9949
9241 20846
9243 3706
9244 21218
9254 15875
9255 5129
9257 21472
9261 19792
9264 13225
9266 9890
9267 9436
9276 1624
9280 20772
9281 13452
9282 508
9284 9967
9286 5534
9287 18881
9290 12970
9292 17266
9297 21992
9299 20395
9301 1630
9306 32575
9316 31935
9321 27402
9328 11713
9331 25511
9337 25546
9340 24008
9341 2527
9342 13266
9357 30417
9367 27219
9369 2742
9372 5552
9378 28966
9387 8263
9393 14588
9395 22549
9398 2205
9400 31527
9402 12277
9411 18956
9416 28419
9418 24392
9419 16664
9424 2844
9434 14303
9440 16199
9456 32561
9457 4272
9458 24735
9460 23205
9465 29760
9467 32558
9469 6174
9471 7235
9478 10458
9479 31949
9481 30917
9482 9479
9483 15583
9495 25350
9496 21603
9497 32430
9498 23665
9499 28914
9503 22249
9506 31789
9512 2970
9514 5514
9519 28303
9523 20961
9527 813
9533 7267
9535 14075
9538 11614
9546 24723
9556 11374
9557 755
9562 9151
9564 16963
9569 2962
9573 24879
9575 19728
9576 1799
9579 5501
9581 6462
9584 2520
9586 68
9587 31874
9589 29270
9595 10183
9596 20620
9597 19662
9609 5764
9613 26568
9620 2613
9622 27072
9625 14223
9630 10040
9642 19378
9649 7299
9660 5767
9669 13243
9672 13939
9675 31859
9678 25671
9684 5838
9689 31250
9692 7319
9693 6740
9695 8361
9701 20705
9704 24987
9705 9579
9707 23720
9708 31514
9711 7871
9712 20990
9714 29615
9717 2052
9720 13649
9725 22800
9730 16202
9731 5246
9733 16808
9734 16609
9740 17680
9745 16995
9747 17770
9757 31598
9758 13035
9763 32449
9765 7018
9768 2932
9771 19210
9773 9222
9785 723
9790 16030
9791 28757
9798 16185
9799 8891
9802 30702
9804 25759
9806 24456
9810 4651
9814 16396
9815 9285
9822 20837
9825 11832
9827 30018
9830 11142
9833 4528
9841 16798
9842 14650
9844 14555
9845 500
9849 31790
9850 12148
9856 5474
9861 7551
9872 22558
9877 31118
9880 7451
9884 25557
9885 31797
9892 9730
9895 15755
9897 29210
9899 8519
9901 12030
9904 19033
9906 6371
9907 23779
9908 22789
9926 28617
9932 28253
9933 6243
9945 21779
9953 11762
9956 15694
9961 19377
9970 12342
9972 13090
9974 4401
9976 24095
9991 6077
9995 24873
10000 5089
10007 24284
10010 4229
10014 3468
10019 28754
10020 21951
10024 12524
10025 6157
10028 25893
10029 2000
10032 14523
10033 29182
10036 28275
10037 4417
10038 21140
10042 28044
10045 30200
10046 7544
10047 13743
10052 27355
10054 23111
10058 27787
10059 19576
10060 3006
10069 16398
10072 12530
10080 11950
10082 20800
10083 24954
10084 17484
10086 16185
10087 29228
10088 10825
10089 11434
10092 3449
10093 3247
10103 14228
10105 18225
10106 28583
10110 30909
10111 29337
10116 30401
10118 17969
10123 25348
10124 12975
10132 23763
10139 3884
10142 27384
10151 6461
10152 7067
10154 1301
10155 20455
10165 27448
10169 32500
10173 30563
10176 12660
10177 7445
10178 20925
10180 25021
10182 12748
10183 17170
10184 13895
10185 19453
10187 21647
10191 10691
10195 8010
10196 16974
10201 10324
10203 13304
10206 1961
10207 20785
10212 2130
10213 18067
10216 24138
10217 13956
10218 3366
10220 6567
10226 14668
10227 2016
10232 6997
10244 10961
10259 23277
10268 22270
10270 23980
10274 114
10276 3972
10278 2957
10281 7937
10282 25463
10292 12284
10297 25645
10298 23772
10299 23547
10300 24397
10301 13167
10304 13095
10317 23660
10322 15591
10328 5739
10331 5122
10332 3605
10340 9648
10341 14173
10342 7500
10356 9202
10362 20583
10375 15830
10382 9121
10385 19949
10387 14643
10396 22114
10407 13127
10414 369
10415 6469
10417 22150
10419 32749
10423 11578
10424 1252
10426 14939
10427 26364
10428 2263
10432 14969
10439 4568
10449 27510
10451 16813
10453 26568
10454 21515
10457 29124
10458 20822
10462 13104
10475 29007
10478 6590
10485 1758
10488 14323
10499 5217
10501 15844
10506 12948
10507 30467
10510 31731
10514 16777
10517 29246
10524 20387
10526 29882
10533 11496
10537 32590
10540 13428
10549 416
10551 27102
10554 2099
10558 24725
10561 18344
10562 17145
10565 69
10570 5018
10571 791
10573 16567
10574 6830
10577 19439
10578 27438
10581 10684
10589 16796
10591 14016
10593 24901
10602 1235
10622 16045
10624 8161
10625 25506
10629 6054
10638 16630
10642 12914
10646 10357
10648 23231
10652 23374
10654 7812
10662 23568
10664 6493
10666 27274
10668 31292
10670 1657
10671 10999
10674 23065
10675 15510
10677 26446
10683 28712
10696 32764
10698 25460
10699 2334
10701 4284
10712 1179
10718 23658
10720 11712
10722 16847
10723 14548
10724 9069
10729 7387
10733 17219
10738 15535
10742 22378
10750 29414
10751 22839
10756 23655
10762 1677
10765 11194
10767 1816
10769 9075
10771 30831
10772 6532
10775 15122
10778 26721
10782 10336
10794 3092
10799 24484
10802 24553
10806 11179
10810 24076
10811 9176
10817 14187
10825 13990
10837 12470
10839 14761
10841 20576
10842 6254
10848 8520
10850 23735
10854 32323
10856 25809
10866 32691
10872 14856
10875 14302
10880 1959
10881 20961
10884 28074
10888 25362
10889 16779
10891 14501
10892 28154
10895 9049
10899 10707
10904 10277
10909 12133
10915 18620
10917 18204
10920 13460
10922 13029
10923 1641
10929 11161
10933 1119
10934 27381
10961 14269
10966 17770
10968 14001
10970 23929
10989 5285
10995 10992
10999 27160
11000 24788
11009 30604
11011 27109
11016 9298
11018 11640
11023 30507
11029 20207
11030 6027
11031 20503
11036 1526
11039 32593
11044 8001
11049 9746
11054 21919
11055 10384
11058 31020
11061 28485
11063 4353
11066 11450
11069 8157
11071 6903
11072 4536
11075 30682
11082 25052
11083 24251
11086 10725
11087 23298
11088 15869
11090 11155
11111 26240
11115 29293
11116 14901
11120 29011
11123 18133
11124 19217
11126 29440
11127 2798
11130 13316
11131 18088
11139 8078
11140 23307
11143 26386
11144 9304
11147 18164
11151 22234
11152 22506
11159 27684
11162 6877
11163 32321
11165 7425
11166 2064
11169 31900
11171 2095
11175 3944
11177 5560
11190 25401
11194 32444
11195 9738
11196 26930
11197 24112
11198 24049
11203 29484
11206 184
11208 19534
11212 29617
11213 31140
11215 26319
11216 16332
11238 26398
11240 6515
11241 10227
11246 21536
11248 25544
11253 8277
11255 31098
11256 28505
11261 17325
11271 20261
11273 2022
11277 31553
11280 18543
11282 27895
11285 27563
11286 12833
11287 2721
11289 23649
11294 25292
11297 15845
11299 17379
11304 11968
11305 18130
11308 23978
11313 23142
11318 10730
11323 26492
11324 13689
11327 7293
11332 24259
11337 22317
11338 21104
11345 16929
11347 32287
11351 14473
11361 29801
11362 31732
11365 18750
11368 23253
11370 12607
11376 7559
11378 30813
11380 24617
11386 24296
11389 19647
11392 18504
11399 29332
11403 28759
11404 16561
11407 7022
11417 6501
11419 24016
11428 526
11430 13354
11440 13503
11444 869
11449 27704
11450 31786
11454 5932
11460 16705
11465 14379
11467 15993
11478 28827
11482 9488
11492 2432
11495 2827
11502 7243
11513 28048
11516 29006
11517 9613
11519 2697
11521 16656
11522 21583
11523 19359
11528 18608
11530 23226
11535 3284
11536 21716
11537 1934
11543 3192
11544 7901
11546 21185
11552 21093
11554 20795
11559 27542
11562 11483
11563 14898
11567 30790
11568 22468
11569 14408
11572 18213
11573 22178
11576 23055
11577 26568
11579 32526
11586 31141
11587 18182
11595 1690
11599 6936
11602 11680
11606 29282
11616 30823
11622 8261
11626 32181
11629 7127
11630 3254
11632 30561
11639 9137
11642 20873
11643 8267
11651 3900
11661 32620
11662 27949
11663 4671
11664 21705
11666 10771
11670 30413
11671 18777
11673 1820
11675 4114
11681 16893
11683 32281
11688 20525
11694 4084
11696 22521
11700 24854
11704 6726
11705 7333
11710 11722
11712 14742
11716 3021
11717 10580
11718 1524
11722 773
11725 4929
11726 6089
11731 29260
11735 30655
11737 11572
11739 3540
11743 18787
11746 17935
11747 9019
11751 31755
11757 234
11778 30462
11780 29903
11783 25122
11784 3611
11790 2735
11791 15275
11792 26721
11795 14085
11797 14573
11799 17248
11802 22625
11804 13430
11805 24411
11815 20424
11818 12008
11819 6978
11821 10852
11823 29185
11826 20315
11827 748
11828 25670
11829 1299
11830 2079
11831 17619
11833 19174
11839 24828
11840 22437
11841 19765
11843 31399
11848 19274
11853 32722
11857 8754
11859 28678
11864 13866
11865 9581
11874 13510
11877 5986
11881 5329
11882 31588
11885 13882
11889 27565
11892 29892
11893 27209
11897 3563
11898 21980
11900 11910
11901 22951
11902 17592
11904 28163
11911 21831
11919 14028
11925 9587
11929 27572
11936 32253
11937 5290
11941 4223
11942 19653
11944 10277
11946 32370
11957 28186
11958 18597
11959 18496
11967 32487
11970 22802
11975 28199
11977 12079
11982 26498
11983 13573
11985 11271
11989 21541
11992 12214
11993 30395
11999 7339
12001 21355
12002 7410
12004 8831
12008 21634
12009 25800
12012 21278
12013 7859
12014 3640
12017 16208
12020 31054
12029 8553
12031 30
12035 20407
12038 14364
12040 8940
12041 843
12051 9338
12054 31624
12058 16546
12060 5738
12061 12538
12072 13342
12076 21294
12078 3765
12081 5981
12086 30180
12089 24338
12090 7457
12094 32362
12096 839
12099 7083
12100 27117
12116 15933
12122 4313
12124 18847
12126 20375
12133 19231
12136 17487
12137 32426
12144 3786
12145 13046
12148 28992
12149 1625
12152 18351
12154 19552
12161 2081
12162 5680
12163 9814
12164 4831
12165 30944
12167 19173
12168 637
12169 16559
12172 30279
12188 26568
12190 22489
12195 23811
12198 8437
12200 20639
12202 11054
12204 1585
12206 31328
12208 14691
12213 31980
12221 14287
12223 6863
12229 22082
12230 24656
12232 20969
12234 6110
12237 11054
12239 27513
12242 3358
12243 28814
12248 29131
12257 2451
12260 17878
12264 6691
12270 8567
12278 3987
12283 6864
12293 10459
12298 1743
12299 27707
12310 27418
12311 12129
12314 21870
12316 12840
12323 2587
12326 30525
12330 10318
12331 15541
12338 21691
12342 30511
12344 15002
12345 10888
12350 30119
12355 30725
12362 28419
12363 6560
12365 694
12368 30547
12370 18098
12371 2284
12375 27076
12377 10648
12384 30018
12385 28749
12389 19376
12391 13485
12397 19535
12399 5903
12408 17081
12409 16244
12414 18900
12423 8960
12425 6700
12427 14410
12437 22784
12438 24897
12451 25500
12462 6468
12465 17263
12467 10071
12471 18563
12473 18318
12475 32241
12476 14701
12480 28451
12486 11079
12489 29213
12494 13627
12507 22512
12527 2543
12528 4355
12529 24500
12534 7666
12541 17920
12544 3009
12545 22309
12546 20811
12548 27935
12551 2138
12554 28710
12562 7169
12563 12034
12564 514
12567 15369
12572 3211
12578 1335
12579 4325
12583 6523
12585 2108
12587 27994
12592 17359
12595 3504
12596 9208
12598 17783
12608 25709
12609 20099
12613 2690
12616 27425
12627 15201
12629 1490
12630 8866
12644 13772
12656 3719
12657 8993
12659 9729
12666 14851
12669 20123
12671 16460
12676 29206
12681 15906
12682 2813
12687 13866
12702 7643
12703 17328
12704 26490
12706 25428
12709 20177
12711 24495
12712 12962
12713 2682
12721 2707
12727 29717
12728 4644
12730 5534
12732 6111
12735 21878
12739 10442
12751 2688
12752 20974
12754 27807
12763 22578
12766 30961
12773 24682
12781 15510
12783 16843
12785 30380
12790 7397
12793 21125
12794 20163
12802 1953
12805 13727
12807 15141
12812 14801
12817 6992
12818 8038
12819 14298
12820 3307
12825 309
12827 13603
12834 6357
12836 9902
12840 8418
12846 12462
12847 9898
12851 5044
12852 18324
12858 24151
12864 12551
12866 28926
12868 5395
12873 19324
12892 32095
12896 20523
12901 31343
12905 31551
12912 32441
12914 18035
12917 32684
12918 5015
12930 12156
12932 29889
12936 30499
12943 17358
12951 2213
12955 17582
12969 30665
12971 12229
12972 6531
12973 5632
12974 21567
12980 19886
12981 31994
12984 12638
12985 3625
12987 13669
12989 18983
12990 8850
12995 15606
13002 20866
13005 6730
13023 611
13024 951
13027 32224
13037 24717
13040 11327
13049 1203
13054 29937
13065 13857
13066 31214
13069 10087
13077 25106
13081 27383
13083 13276
13088 8468
13093 26112
13099 6219
13112 24400
13119 19340
13127 28610
13129 9602
13134 25772
13136 12882
13138 2495
13144 19605
13145 3875
13156 25194
13159 8258
13162 25061
13164 23546
13166 24501
13172 3892
13174 4827
13175 10504
13179 16158
13180 7811
13182 15386
13189 6731
13192 29913
13195 7253
13198 8012
13199 7088
13200 8665
13203 21947
13205 20619
13213 5507
13216 14651
13221 22350
13223 23327
13227 5340
13230 12800
13234 126
13235 25759
13238 32487
13246 9175
13250 9721
13253 17741
13257 6873
13266 8942
13271 29827
13281 10357
13282 24524
13293 6293
13302 17459
13305 6801
13311 22462
13312 25484
13318 1090
13319 8359
13325 31452
13328 21592
13334 29549
13337 28027
13338 11985
13341 17458
13345 1312
13351 18198
13363 31642
13372 11174
13376 6095
13389 7948
13390 13383
13392 20127
13401 11293
13403 28771
13410 18036
13419 2226
13421 29675
13445 9292
13447 20692
13455 631
13461 22357
13464 15486
13469 28442
13471 3897
13474 25782
13477 21453
13482 29400
13485 17286
13491 17886
13495 10344
13497 3048
13499 30109
13501 1106
13503 26311
13504 11821
13507 7371
13511 29366
13512 242
13514 13748
13515 21927
13520 29543
13529 3584
13531 30697
13532 16199
13537 7994
13545 1041
13546 32022
13549 17590
13553 10842
13557 4448
13560 20933
13566 20235
13567 8912
13568 3837
13569 835
13571 57
13580 7583
13582 2856
13586 4940
13594 32596
13595 10557
13600 9259
13605 770
13607 8902
13608 22297
13615 1679
13616 10307
13618 21909
13621 3223
13627 30494
13634 18566
13635 19040
13636 17887
13642 14079
13647 1164
13664 17461
13665 28024
13666 14105
13669 4555
13671 16892
13672 32215
13674 25614
13676 28154
13678 14994
13681 16822
13682 15396
13689 21572
13691 3828
13704 29900
13705 29216
13707 23567
13708 16120
13717 8741
13719 23447
13721 13395
13722 2887
13725 9231
13729 30242
13730 30555
13732 29138
13737 16440
13742 28987
13747 187
13753 7381
13760 1960
13762 14671
13763 237
13765 21162
13766 9117
13768 833
13772 15720
13774 14662
13777 11065
13780 16623
13781 21666
13782 31483
13792 27455
13793 3831
13806 29117
13807 6392
13813 3779
13814 1390
13822 26211
13828 31307
13829 12170
13830 20157
13831 10294
13832 5364
13842 16082
13845 7495
13849 11732
13850 32602
13851 18675
13853 16171
13859 15503
13861 21762
13871 17827
13875 16995
13877 14865
13880 11295
13891 29177
13893 13113
13897 17896
13898 3840
13899 30282
13902 31980
13909 26184
13912 19380
13920 20403
13921 30324
13930 1802
13933 6889
13951 11806
13954 27070
13959 14679
13964 25697
13968 6124
13982 21546
13986 5617
13988 10665
13989 2252
13990 16542
14008 4052
14012 22810
14013 4890
14014 20187
14023 3340
14025 17348
14037 1474
14038 26695
14049 229
14051 4629
14053 8932
14056 12616
14066 30806
14072 14062
14075 18705
14087 30094
14090 11260
14101 17459
14104 21253
14105 32728
14107 2565
14111 25230
14114 9397
14115 21725
14119 19626
14120 25095
14126 8707
14127 7413
14131 7161
14133 8471
14143 23063
14172 14150
14177 21537
14178 21524
14190 2509
14207 13602
14214 14463
14220 3757
14223 258
14233 5334
14238 29812
14244 31878
14246 2250
14247 11917
14249 28725
14254 20892
14256 19077
14261 9477
14262 6471
14270 15292
14272 1439
14273 24874
14274 14795
14277 12331
14281 10256
14282 31311
14286 32610
14290 24468
14291 30335
14294 17132
14299 14690
14301 15295
14305 27648
14312 28295
14313 17057
14318 1841
14323 1673
14326 18250
14331 30831
14342 694
14343 27098
14344 22183
14348 8861
14350 23583
14352 18362
14357 12281
14358 32662
14360 6744
14366 5804
14368 16353
14369 9277
14378 12022
14387 11917
14388 8532
14391 15873
14392 25337
14400 21749
14406 16122
14410 15872
14412 17974
14414 11157
14415 24757
14421 19848
14422 24127
14431 15211
14435 17881
14440 23458
14442 24086
14443 27392
14446 17321
14454 17202
14455 23151
14460 829
14462 3668
14465 7155
14468 2777
14474 385
14476 113
14477 1079
14478 9366
14482 24730
14492 18461
14493 18011
14502 31315
14511 11150
14514 6078
14518 16060
14519 9498
14521 26404
14528 2449
14529 29107
14530 2829
14531 30883
14534 16311
14537 18263
14542 6542
14546 4970
14547 14537
14550 9451
14556 4542
14558 10487
14560 18487
14565 5313
14576 20281
14580 32612
14581 16226
14585 20999
14594 20838
14599 22113
14600 6291
14602 5470
14605 1258
14609 25143
14610 6535
14613 28113
14616 2247
14617 31129
14620 16535
14622 14013
14628 24616
14629 9938
14633 2091
14634 26108
14637 23077
14641 10827
14646 8905
14653 16419
14658 7827
14659 7242
14663 1785
14664 25039
14666 23229
14668 17890
14671 14476
14672 7567
14679 2837
14680 23162
14681 1572
14685 2455
14687 16043
14688 27467
14690 32310
14691 21360
14697 20666
14701 29252
14703 30541
14712 24310
14716 27281
14717 7830
14720 31806
14723 21565
14729 28603
14738 31371
14741 22673
14744 17663
14745 1305
14748 10405
14751 26025
14755 2148
14763 20961
14765 1939
14780 3729
14784 619
14787 11521
14788 15687
14794 21396
14797 28742
14801 12669
14805 14721
14806 31882
14816 11837
14818 28272
14819 13211
14822 9853
14826 19978
14832 5153
14838 3765
14840 17293
14842 2180
14847 21689
14849 20078
14852 5267
14855 25398
14856 25682
14862 23724
14870 10556
14876 11616
14877 29335
14883 27147
14884 27257
14885 21067
14886 2704
14890 1543
14895 1012
14899 8852
14902 27531
14910 18023
14922 20102
14923 30301
14926 23024
14927 9525
14935 25646
14937 30210
14939 20021
14944 25466
14948 3066
14951 28334
14957 2314
14966 17167
14974 22013
14981 10361
14984 6349
14992 19228
14995 4572
15004 10388
15005 29043
15008 11185
15015 30796
15022 5602
15025 29810
15027 30101
15038 17620
15040 27160
15041 24714
15044 24099
15046 24205
15048 21195
15051 31085
15056 26527
15058 19079
15061 5463
15062 15818
15066 5629
15070 32316
15073 19839
15074 9178
15078 6158
15083 30887
15085 18361
15087 12143
15089 23060
15091 10055
15101 4991
15105 28392
15106 31382
15113 18091
15114 16704
15118 11793
15120 24661
15123 5304
15126 30059
15127 5408
15130 10060
15143 24183
15146 5468
15149 14695
15167 12773
15168 8004
15177 25875
15178 5343
15183 15907
15185 21635
15193 6356
15194 9143
15195 15973
15196 28267
15198 10896
15199 2313
15200 10236
15201 24772
15202 32092
15207 2305
15209 30620
15212 15918
15216 26623
15224 29839
15225 8334
15227 26995
15228 26428
15230 26796
15231 14263
15244 23201
15246 8374
15247 17919
15248 28297
15253 20070
15256 27089
15257 2482
15263 21558
15283 640
15285 18829
15286 11547
15288 2630
15294 10947
15299 25635
15301 25288
15303 28873
15304 30714
15307 27507
15309 16705
15311 19377
15314 13631
15315 11915
15317 15944
15319 9435
15322 19081
15323 20781
15326 32117
15329 21615
15333 8711
15334 7028
15338 8546
15339 12141
15342 25871
15344 31863
15349 17245
15350 17043
15351 2990
15361 17871
15363 11050
15371 27079
15373 18712
15374 14511
15375 3098
15383 5798
15384 13055
15385 4557
15392 15839
15396 11181
15399 944
15400 876
15403 7855
15404 15762
15412 25190
15418 28111
15427 21447
15431 18341
15439 7806
15440 25809
15441 8928
15445 15884
15447 2061
15460 713
15463 14978
15472 1996
15475 10142
15476 13665
15479 411
15482 10101
15483 19085
15490 17558
15497 4269
15502 834
15503 4179
15508 6269
15509 7996
15510 29163
15522 21436
15523 28829
15525 8491
15532 27372
15534 21363
15540 18446
15546 4454
15550 27257
15551 22721
15556 27573
15558 3875
15559 21674
15564 22531
15565 2609
15566 27711
15567 12197
15571 11562
15572 24829
15576 22801
15577 12520
15580 29560
15581 10025
15583 32752
15584 3189
15589 27153
15590 25933
15596 20399
15597 26554
15598 17991
15599 27837
15604 25391
15609 20470
15616 27623
15619 1659
15620 20284
15625 18210
15631 8660
15638 21559
15640 9402
15647 11142
15663 21885
15665 30619
15670 21776
15671 28639
15672 18239
15682 20805
15683 12643
15686 10659
15687 11793
15692 17429
15695 1794
15696 18746
15708 11643
15711 19350
15714 30231
15718 23077
15721 24954
15726 9232
15727 10100
15728 21768
15732 14769
15736 24388
15740 19039
15741 11375
15743 26183
15744 31723
15746 8087
15747 28125
15748 23439
15750 11132
15753 8424
15760 13729
15761 5754
15767 1639
15768 12295
15769 150
15775 6561
15776 16789
15781 2114
15787 15642
15792 31024
15793 12449
15801 4649
15802 15953
15807 24739
15808 12922
15811 4661
15812 18704
15815 2091
15816 30793
15819 7016
15820 2952
15822 14354
15824 18412
15827 10319
15828 26257
15829 17074
15832 18901
15833 539
15836 24519
15837 10604
15838 18569
15850 8668
15854 12480
15856 9900
15866 21424
15870 28753
15873 27755
15874 7365
15882 11697
15884 4312
15886 1629
15889 7259
15890 18401
15892 12369
15896 22674
15902 695
15904 18646
15905 20677
15909 18914
15914 28040
15915 25756
15927 7344
15931 32390
15932 15357
15934 32685
15937 10495
15939 30158
15948 1630
15954 26634
15957 32024
15958 10300
15961 16423
15966 5830
15967 30171
15970 2194
15971 30411
15975 971
15986 6558
15990 23796
15997 3152
15999 29860
16000 15502
16001 15122
16014 31814
16019 14471
16021 28317
16022 3458
16026 16608
16029 16326
16030 28129
16031 32552
16034 21319
16035 18495
16037 30858
16038 16445
16040 6582
16041 25
16046 9263
16053 15276
16057 28763
16069 10562
16071 8818
16074 10760
16075 9739
16083 20670
16085 20261
16087 321
16088 1585
16089 7372
16092 2045
16095 28835
16098 16859
16102 2749
16108 3953
16115 13357
16120 22508
16122 15779
16129 30446
16131 21220
16136 12982
16138 11576
16141 16675
16152 12882
16159 19484
16161 709
16177 26832
16181 6767
16182 8178
16185 19107
16195 20705
16200 11048
16205 8304
16212 20092
16213 25728
16226 29483
16231 25310
16232 19104
16236 22928
16237 4509
16238 30453
16239 15376
16240 16138
16241 13562
16246 10673
16247 27454
16253 12326
16254 31887
16256 18785
16260 12505
16263 8120
16266 11872
16284 26342
16287 26415
16288 32118
16290 10597
16295 25013
16296 5002
16298 5998
16306 27327
16310 7221
16311 21753
16313 32163
16316 15619
16321 2533
16324 18049
16334 12758
16336 13994
16337 1383
16339 30053
16343 1613
16347 2248
16348 12627
16349 2221
16350 6723
16352 30373
16358 16273
16362 22474
16368 32558
16372 23923
16375 32117
16378 31191
16384 1544
16389 10497
16390 12164
16392 20608
16395 32736
16399 2852
16400 30208
16406 25148
16408 17759
16412 2205
16414 3211
16417 27140
16419 28538
16420 1688
16423 19703
16424 268
16425 15626
16438 29811
16440 27087
16441 14280
16442 20779
16445 22369
16447 24537
16450 21043
16451 8802
16452 3351
16454 1260
16458 21041
16460 21573
16477 25560
16479 22604
16480 8328
16481 27744
16486 6542
16489 17400
16490 30390
16494 11703
16498 16188
16499 26840
16507 16825
16518 9243
16519 16201
16521 16628
16526 18012
16531 11712
16536 24671
16541 31758
16544 5949
16547 10586
16552 8328
16554 5469
16564 25328
16566 14082
16569 32593
16572 22439
16575 13614
16576 5208
16580 18591
16581 9830
16582 16027
16592 26387
16601 14891
16603 15493
16609 23670
16615 21947
16617 21706
16618 2505
16619 5587
16621 21364
16622 7173
16624 5398
16630 3965
16633 7053
16634 1038
16637 4502
16641 28111
16646 4726
16652 19965
16653 11323
16659 19828
16660 4468
16662 3978
16668 2583
16672 1727
16673 2065
16677 5748
16678 7630
16681 4612
16682 26504
16684 26703
16687 19241
16688 12454
16695 15914
16699 14225
16700 9394
16704 10344
16711 1061
16712 22706
16713 2448
16715 5337
16716 11323
16723 22958
16725 27742
16729 19864
16741 8573
16744 20197
16751 17193
16752 24333
16753 5314
16754 311
16756 24116
16760 10213
16761 14707
16762 15466
16764 16891
16770 2184
16773 23574
16774 7465
16776 28956
16779 5874
16783 15918
16788 17182
16794 15969
16795 27386
16797 15136
16798 26208
16800 28632
16802 26874
16810 11421
16815 17055
16816 16981
16817 12944
16820 5675
16821 30397
16823 12866
16828 9870
16830 30704
16834 30857
16839 25103
16845 5805
16846 14313
16847 24897
16852 9734
16854 13642
16869 6895
16875 31497
16882 21747
16885 9007
16889 336
16890 17906
16894 21154
16904 24479
16914 5517
16915 9755
16931 10565
16934 27146
16937 32031
16938 6079
16942 19086
16947 22876
16956 21839
16965 14768
16972 3606
16973 31630
16976 195
16977 11639
16978 1086
16979 7303
16983 23029
16988 29937
16994 2100
16995 7043
16997 22720
16999 9753
17000 4580
17001 10999
17003 10271
17005 7373
17006 4045
17008 24270
17024 763
17026 8402
17031 1947
17033 32309
17034 3164
17036 8363
17038 22728
17040 11727
17043 26165
17045 18726
17046 9881
17051 25357
17054 27451
17057 26234
17060 9347
17066 13023
17087 29398
17097 29570
17103 3414
17107 1671
17112 4449
17118 29416
17123 25038
17139 27338
17150 11592
17164 13709
17166 21356
17170 16654
17180 26887
17184 3141
17189 25403
17200 21139
17201 25646
17221 28108
17231 11693
17248 13493
17250 9822
17260 3625
17263 7668
17264 13505
17265 15245
17268 7614
17270 24254
17272 15841
17273 31367
17274 25206
17278 25737
17280 2363
17281 3992
17283 534
17289 15945
17294 9515
17298 12264
17299 29124
17301 25626
17306 4112
17314 21593
17317 11300
17319 2844
17320 26841
17328 8696
17329 6184
17334 20826
17339 17866
17342 22465
17345 18020
17349 28260
17352 10475
17353 13885
17355 13084
17356 11315
17358 12472
17366 22222
17375 23702
17379 17602
17380 22839
17393 28136
17394 6996
17396 28798
17400 18453
17401 19906
17403 17040
17405 12397
17409 13329
17410 17929
17417 28431
17422 2557
17423 21202
17429 3424
17436 3142
17437 3726
17438 17108
17444 19572
17461 29425
17463 21520
17468 28880
17471 12945
17476 19096
17485 10590
17488 24311
17490 21260
17493 25239
17494 2034
17502 13390
17504 3393
17506 3328
17510 10782
17513 7921
17515 20488
17516 29863
17533 23790
17537 2842
17540 16662
17541 17591
17548 5080
17549 28132
17567 1473
17568 19093
17574 3465
17579 2893
17581 16812
17586 5785
17591 23692
17606 10995
17611 27685
17612 31424
17617 18815
17619 26151
17629 14963
17630 28814
17632 24570
17637 5641
17644 29113
17650 23252
17654 3879
17660 14517
17670 29930
17675 26234
17677 20374
17678 24018
17679 16097
17680 10367
17688 19051
17689 8709
17712 10621
17713 30104
17714 382
17723 22445
17726 7380
17728 340
17729 26919
17734 3866
17738 27253
17742 30684
17753 29147
17759 22214
17764 17922
17766 20331
17768 5192
17770 3630
17772 10617
17773 29323
17774 31106
17776 4557
17777 2999
17781 7616
17782 6951
17783 17433
17785 28068
17789 11040
17791 30172
17792 7933
17793 31048
17794 6802
17795 23964
17805 17261
17806 22117
17814 809
17818 22403
17823 22320
17828 18424
17829 7132
17834 14010
17838 9351
17840 25456
17842 1600
17843 4514
17844 8668
17848 9045
17851 18866
17855 27395
17857 11295
17873 16922
17879 21293
17883 28861
17885 19335
17887 14062
17889 21448
17890 22186
17896 7807
17901 13377
17904 15758
17905 11194
17909 9410
17914 8024
17918 29213
17930 32108
17932 27396
17938 32233
17942 14208
17949 31383
17950 24698
17952 3613
17956 24022
17957 28088
17961 18437
17970 29340
17971 11948
17977 23001
17978 23164
17979 507
17981 30185
17985 5938
17989 4584
17991 3662
17992 2759
17998 19664
18013 29516
18017 28703
18019 25389
18020 30115
18023 17346
18027 17760
18028 27434
18032 12715
18033 29393
18034 1336
18035 1213
18037 9805
18050 26196
18059 23573
18060 18565
18064 22655
18067 4940
18068 22273
18074 20911
18079 486
18080 10947
18083 20305
18084 32554
18089 22565
18101 32356
18111 17174
18114 28770
18119 30011
18124 6387
18126 23288
18131 7528
18133 19740
18135 13359
18137 189
18142 10705
18150 26035
18154 9180
18155 6139
18173 12021
18184 17634
18189 23174
18192 21824
18197 21799
18200 29736
18201 15712
18202 25814
18203 14213
18207 12160
18208 3869
18210 10455
18216 27967
18220 3277
18221 5201
18225 9533
18231 30377
18232 7579
18233 24561
18239 7359
18241 13903
18260 19390
18265 24206
18266 21459
18274 24411
18277 24677
18283 14784
18286 28594
18287 26226
18289 29669
18296 568
18297 23659
18302 10053
18306 24002
18308 27259
18316 3268
18317 19033
18323 9253
18327 19090
18330 3322
18332 32681
18343 13981
18345 21283
18349 21894
18352 7795
18354 12063
18355 7900
18358 31430
18359 5457
18363 22460
18370 25546
18374 20497
18378 18141
18379 1931
18381 26664
18385 15025
18395 9033
18398 26604
18401 18424
18410 8787
18411 21735
18412 28190
18417 16200
18422 30256
18423 10527
18425 996
18435 16563
18440 23210
18442 25105
18446 838
18447 21246
18449 16551
18450 832
18451 24984
18452 2574
18454 25525
18459 19783
18460 5531
18464 7649
18466 2721
18471 25983
18477 93
18478 24813
18479 25401
18483 22489
18486 31518
18495 13680
18497 11932
18500 5970
18503 12938
18508 30808
18510 10578
18517 20532
18523 25774
18526 21268
18537 7553
18538 23011
18539 13659
18541 8573
18542 30274
18558 28010
18560 1614
18564 9270
18574 28427
18576 693
18586 24140
18593 23952
18607 29333
18608 27106
18612 1735
18616 9059
18618 1503
18619 26551
18623 1628
18624 16697
18628 18399
18630 20359
18633 8981
18638 22354
18640 16077
18642 26822
18647 14845
18648 27496
18649 27598
18653 25164
18654 15563
18657 32714
18663 27255
18665 7551
18666 32220
18669 10010
18676 8348
18677 10367
18678 16522
18683 19584
18686 1789
18687 4110
18688 13581
18690 8269
18693 27687
18699 11363
18702 11736
18703 18216
18708 22985
18709 20653
18713 15854
18716 28987
18721 22760
18722 14565
18724 20047
18725 22633
18730 17409
18731 853
18732 25839
18734 19017
18736 31481
18740 15332
18741 22662
18744 22886
18749 20988
18758 10304
18760 30319
18761 2007
18766 4513
18767 11296
18768 1399
18777 583
18785 596
18786 24569
18788 9658
18796 3040
18802 14664
18803 23209
18811 4557
18812 36
18820 31639
18835 11288
18839 15589
18841 26027
18843 16932
18846 15145
18873 28173
18879 18395
18881 30951
18885 1437
18893 14590
18894 11846
18895 14276
18896 14495
18898 2728
18900 6693
18901 21140
18903 32371
18905 6533
18909 30914
18913 13321
18914 19438
18934 10101
18939 20925
18943 20547
18951 23187
18954 14864
18958 6774
18961 22502
18966 27398
18970 12876
18971 11998
18972 24331
18973 32229
18982 13478
18983 18216
18991 13296
18994 26990
18997 5181
19004 21381
19012 17758
19016 7238
19020 5792
19029 18776
19034 4214
19044 6997
19046 31145
19047 22409
19051 32238
19053 23851
19055 10344
19057 27818
19060 13908
19061 29259
19066 27570
19071 11748
19080 32668
19081 23529
19082 20291
19083 10034
19087 30627
19088 16432
19089 23749
19095 21649
19098 9420
19102 19233
19104 30369
19111 1804
19112 4346
19114 8934
19123 30354
19125 10097
19127 9105
19129 20604
19133 17202
19135 24752
19136 23201
19155 28970
19158 16816
19176 4388
19178 6052
19189 12971
19203 16149
19214 11371
19216 6622
19218 30047
19227 24993
19228 5280
19234 27122
19237 23673
19241 3180
19242 14703
19244 13612
19249 20015
19264 3945
19267 376
19269 13677
19272 4232
19276 9274
19277 5943
19282 26318
19286 18972
19288 28748
19289 31749
19291 2227
19297 7756
19302 30844
19304 5596
19305 16799
19309 4847
19310 24019
19314 980
19315 11327
19317 9027
19322 11805
19325 3544
19328 3363
19330 25536
19332 3237
19338 31635
19341 30354
19343 28838
19352 21115
19359 25146
19361 1669
19363 6388
19368 23948
19370 19255
19373 26890
19375 11793
19377 13662
19378 30562
19380 5106
19387 24681
19397 23711
19399 15719
19402 6496
19403 27116
19410 10271
19411 29192
19416 1169
19417 19017
19418 11456
19421 30080
19425 17589
19428 29465
19430 30754
19431 27033
19437 19296
19442 8978
19446 9468
19451 21068
19457 2531
19459 2504
19461 3313
19468 30404
19470 946
19474 19864
19476 11839
19478 12627
19479 6467
19485 21369
19489 9021
19490 19553
19505 21058
19506 21412
19508 389
19524 17887
19528 25789
19531 13148
19533 13573
19545 13767
19547 2257
19553 22368
19556 13209
19558 4403
19559 22178
19564 31879
19569 12979
19575 25701
19577 27980
19580 9368
19584 21524
19586 19431
19590 237
19591 6680
19594 3386
19597 4588
19598 10648
19599 21808
19603 20853
19604 23382
19606 23547
19607 16985
19608 13444
19614 24924
19616 519
19622 27800
19629 22510
19632 22145
19640 25093
19642 24698
19650 8386
19653 18339
19657 17178
19660 30824
19662 26790
19664 8268
19667 484
19671 30262
19683 25977
19684 14729
19688 18552
19690 5835
19691 31237
19692 17858
19695 11910
19699 2529
19700 16301
19701 31494
19703 25668
19712 14832
19717 28322
19719 16693
19721 28170
19722 10578
19725 31974
19726 3413
19732 17834
19743 31440
19745 29806
19747 4093
19748 883
19750 12302
19751 21804
19753 14674
19755 12317
19757 9914
19764 14799
19766 26775
19768 497
19774 22541
19775 9327
19782 30481
19784 23997
19788 23620
19792 23018
19798 15471
19800 5087
19806 24640
19814 28222
19817 8134
19822 1947
19824 31742
19825 3629
19827 25869
19832 878
19843 10150
19847 24809
19848 5866
19850 25213
19856 30308
19861 12945
19865 19454
19866 2498
19868 13884
19875 1119
19878 13851
19879 27223
19884 19149
19886 5773
19888 14960
19899 3875
19903 19970
19909 20350
19913 26626
19918 19640
19921 12047
19923 25161
19929 8393
19935 26972
19937 4780
19941 23007
19948 23988
19951 29967
19969 7448
19975 27765
19976 14306
19983 7463
19991 11802
19992 9059
19999 25285
20009 25848
20013 24061
20014 12839
20015 779
20018 23739
20019 19962
20023 557
20032 15867
20034 12734
20035 28556
20037 19574
20038 8707
20040 11450
20044 2798
20045 9940
20058 4040
20059 8129
20060 1810
20062 958
20067 30069
20071 4811
20074 16175
20075 18688
20084 10628
20085 23812
20086 26715
20089 19985
20093 9021
20095 15114
20099 25457
20103 24184
20105 30370
20106 16408
20113 20941
20115 4432
20116 1253
20120 1548
20125 8586
20127 36
20128 20071
20130 376
20135 15158
20140 3767
20143 11679
20149 966
20154 26239
20155 7574
20159 4368
20161 30485
20164 4077
20171 2293
20173 12615
20174 15024
20176 16491
20179 18236
20182 6449
20183 13970
20184 18952
20187 2588
20190 27110
20195 13100
20196 9157
20206 18329
20208 23357
20215 20659
20223 23891
20228 22746
20229 25334
20231 17573
20233 4013
20235 24814
20239 5452
20250 25504
20251 12410
20254 2774
20257 12449
20260 20103
20263 4555
20264 18766
20265 14724
20272 24107
20274 6537
20277 114
20281 22666
20289 23943
20291 18243
20293 5167
20294 8392
20300 2338
20311 16475
20317 14513
20320 22070
20321 8116
20324 6272
20325 13657
20329 20934
20333 22634
20335 23890
20338 11891
20340 19426
20341 10365
20343 6356
20353 29427
20358 9078
20360 29571
20361 16991
20363 10293
20365 17007
20371 31026
20372 5707
20377 15540
20383 16546
20385 24350
20387 30909
20395 2077
20426 31840
20434 3122
20442 31782
20444 18292
20451 5468
20463 12754
20467 15822
20469 17255
20472 9935
20474 27310
20477 32231
20478 13536
20481 13022
20490 30438
20491 6365
20501 7133
20504 18197
20514 7953
20516 9086
20519 19174
20525 26445
20526 6545
20530 19039
20531 17779
20532 28218
20535 8828
20540 12300
20554 32196
20555 20449
20556 9951
20557 22286
20558 3254
20560 1190
20561 11932
20566 11142
20568 7539
20575 8892
20576 15449
20594 26879
20596 28085
20598 20769
20600 26936
20605 24421
20607 31256
20608 24600
20614 25404
20623 28930
20624 30944
20625 5544
20627 6002
20636 427
20637 18683
20638 25605
20639 7414
20641 30656
20642 19643
20648 24817
20650 13752
20655 31931
20661 6394
20666 16873
20675 12469
20677 3684
20680 8007
20685 19991
20687 13143
20689 2867
20704 12225
20705 29475
20711 19669
20712 21283
20718 14607
20720 15479
20726 1310
20727 7533
20731 27760
20733 19147
20734 32354
20737 30387
20741 5190
20742 20289
20746 10912
20758 2843
20761 32371
20768 9103
20769 15483
20771 12848
20772 23147
20775 28401
20784 4068
20790 2967
20791 7661
20801 29266
20812 8741
20818 26358
20820 4101
20821 20009
20825 10954
20833 2895
20835 25844
20839 12384
20841 5569
20842 32301
20845 22369
20847 17313
20849 16969
20850 19475
20861 11656
20867 20815
20868 16080
20870 28121
20872 19122
20876 31051
20877 13567
20888 6144
20891 1143
20893 14391
20897 19698
20898 32021
20908 29367
20915 24079
20922 23571
20936 25131
20951 10966
20953 4889
20954 17720
20957 8680
20958 9701
20959 15474
20960 22375
20964 10245
20972 24150
20974 1252
20986 28490
20989 23800
20990 8409
20996 12923
21000 11511
21010 6144
21014 11668
21015 25742
21021 31488
21023 4791
21033 23609
21036 18077
21041 31405
21043 7707
21048 821
21051 6964
21059 22163
21060 16545
21063 4526
21066 5084
21071 23339
21075 12974
21078 17401
21082 8387
21086 3417
21088 11734
21094 15922
21101 15323
21102 17217
21103 22754
21106 28595
21112 9720
21114 9715
21118 27897
21119 26013
21120 26388
21128 16139
21134 31245
21144 17236
21147 30807
21156 21384
21163 15397
21168 5035
21172 4215
21175 1421
21179 7757
21184 9427
21194 13103
21197 31335
21209 4362
21218 9941
21225 28842
21230 982
21231 22894
21235 25264
21236 11451
21238 27487
21239 18174
21242 27151
21243 15213
21244 7499
21257 28396
21258 6639
21267 11252
21270 7370
21276 8401
21279 29101
21281 9746
21286 308
21287 15691
21293 13074
21302 5571
21306 16927
21309 18585
21310 15784
21318 14840
21321 18472
21334 20799
21338 11282
21339 15427
21342 6724
21347 20575
21354 30391
21361 31013
21363 14363
21376 13279
21380 24213
21385 26237
21386 1057
21389 4750
21390 18271
21394 6719
21404 17025
21411 23483
21413 9372
21418 21299
21419 2304
21424 13612
21427 5161
21437 17415
21438 3270
21441 14048
21445 20385
21447 13965
21453 21808
21455 32479
21458 11880
21459 14867
21460 23438
21463 468
21464 27157
21466 14398
21468 5828
21471 32483
21472 30653
21473 18212
21478 19323
21479 32036
21481 1877
21482 28821
21488 14176
21490 8882
21495 12507
21498 24443
21503 19916
21504 26787
21506 862
21507 31808
21513 4275
21521 6489
21523 3543
21524 3123
21528 9253
21529 24842
21542 9363
21546 22278
21547 28039
21549 31125
21551 8881
21560 13258
21568 7723
21572 25489
21574 15514
21590 8602
21594 8527
21596 11479
21605 24282
21610 18348
21613 2782
21614 30101
21616 10928
21619 21887
21620 19100
21621 30005
21624 19238
21626 7528
21629 24599
21631 22536
21635 17197
21638 7865
21639 9862
21641 20787
21644 11363
21646 17669
21651 8979
21658 15692
21661 19368
21667 31674
21668 9027
21676 10776
21677 28751
21681 1360
21682 21724
21683 3810
21688 4685
21691 21282
21693 29026
21694 8427
21695 16638
21698 26549
21702 8936
21708 8813
21711 25728
21713 26709
21714 29273
21721 29601
21724 7323
21727 17866
21730 25400
21732 4753
21734 17753
21742 30879
21743 12123
21745 11219
21746 985
21766 28431
21768 10682
21770 27529
21774 7281
21778 5633
21780 3420
21788 2283
21793 2098
21796 26754
21799 7729
21803 25691
21807 8269
21808 16154
21810 31473
21815 4130
21817 26942
21818 14301
21820 27643
21828 13034
21831 3536
21832 23237
21834 4581
21837 17273
21842 15368
21843 3241
21847 28026
21848 25023
21849 17439
21857 6143
21870 12823
21871 18581
21874 22104
21875 27995
21880 1209
21884 1236
21893 22196
21899 17194
21901 28291
21902 27542
21906 10891
21909 20549
21912 21788
21918 13302
21922 972
21929 29570
21930 14128
21935 740
21936 22202
21937 32147
21945 14704
21946 13048
21948 27979
21950 14273
21952 16774
21957 25406
21961 27414
21965 15430
21966 26410
21967 7731
21977 16915
21979 7692
21982 24559
21987 14664
21988 13303
21990 18635
21991 24502
22002 7518
22008 4432
22009 25618
22011 3043
22038 5121
22039 13512
22042 15425
22047 2842
22067 27264
22074 15018
22075 9990
22078 23742
22079 29507
22084 30797
22100 16724
22106 20868
22107 10208
22115 29636
22120 17618
22124 8491
22125 8077
22129 30042
22130 14975
22131 28526
22136 12963
22138 30757
22141 28431
22142 19675
22149 11938
22150 30324
22156 18868
22158 1547
22161 16746
22165 10129
22171 21201
22173 31332
22175 31277
22177 2528
22191 23235
22206 10202
22209 20637
22214 11480
22216 17614
22239 27261
22241 32298
22245 32375
22253 32765
22255 22303
22257 18783
22259 1621
22261 7911
22263 2455
22269 30950
22271 30813
22277 22026
22279 29179
22291 19955
22292 22385
22296 867
22297 20408
22303 3240
22305 8507
22306 11829
22307 4380
22309 5014
22310 20568
22320 14682
22323 9212
22326 8022
22327 15069
22329 6565
22330 11558
22332 13192
22338 29056
22345 26062
22348 17509
22351 6919
22354 12050
22355 2108
22356 7250
22357 6429
22362 25576
22379 25328
22382 26220
22383 21968
22393 28758
22398 52
22404 157
22405 5808
22409 31244
22410 2358
22414 28785
22419 747
22422 29184
22429 17104
22430 16898
22431 22698
22434 19018
22437 23320
22439 19693
22444 29977
22446 14886
22448 12905
22463 15595
22468 11904
22469 6473
22470 23666
22472 31605
22476 8735
22482 14964
22486 22243
22487 17274
22494 22898
22495 12532
22497 30895
22498 26989
22499 30536
22504 27550
22505 27325
22508 12934
22516 31958
22518 1594
22520 14315
22529 30159
22530 29227
22533 14149
22541 28892
22548 5652
22549 7466
22550 28762
22553 16060
22558 24928
22559 27677
22565 15021
22576 28570
22582 1437
22586 691
22587 24560
22590 31391
22596 18898
22597 25929
22604 11591
22605 32100
22615 20986
22617 14748
22621 17344
22623 16935
22627 12602
22630 2600
22632 25288
22641 15917
22649 22893
22657 23216
22662 25234
22664 1925
22666 6587
22668 28809
22690 9259
22701 8740
22703 6971
22705 9507
22706 3377
22708 20305
22720 7645
22721 21196
22722 4482
22724 17449
22731 6485
22732 17694
22735 31801
22736 28060
22748 11560
22756 18465
22759 27191
22762 14652
22765 25703
22770 29921
22771 12112
22780 10497
22782 25060
22788 12942
22789 5529
22792 30014
22793 18204
22794 17749
22796 4371
22798 32545
22801 30680
22809 26501
22816 17364
22824 29182
22825 13506
22827 25028
22828 1414
22830 25338
22831 21815
22837 17594
22838 32116
22840 22634
22849 13208
22850 24929
22851 19558
22856 27252
22858 31309
22861 1253
22862 19762
22872 30493
22873 16767
22874 4368
22884 22011
22886 686
22888 16763
22889 4510
22900 24913
22903 2631
22910 13466
22911 18755
22915 27225
22917 10304
22921 15084
22923 6538
22926 28046
22931 21082
22933 21437
22937 20813
22962 13738
22972 14762
22981 16937
22990 15800
22999 22334
23002 18306
23004 24030
23005 29812
23009 2642
23010 5293
23016 6327
23024 26902
23026 11502
23029 1952
23030 10618
23032 30613
23033 4385
23043 7561
23048 29575
23050 27128
23052 15929
23059 28357
23060 12608
23066 30334
23069 1900
23072 30495
23076 30017
23080 20171
23087 32100
23095 5164
23097 7464
23108 22701
23109 4854
23118 27720
23119 27425
23120 32308
23130 30793
23136 17386
23139 21167
23140 15975
23141 2187
23143 21652
23144 18545
23152 26389
23153 12737
23154 10092
23155 24191
23157 11589
23167 30615
23171 28975
23172 9216
23175 3323
23187 20415
23189 10256
23191 14072
23198 32402
23201 13631
23214 29408
23223 11622
23235 9101
23240 4778
23241 21291
23249 3505
23255 31645
23257 15381
23258 1140
23259 24703
23263 24747
23270 23655
23273 9665
23281 15337
23293 15759
23296 29877
23297 7997
23298 24806
23309 25870
23310 20099
23312 8380
23315 26743
23320 29875
23325 13462
23326 6387
23332 17260
23338 14928
23340 32011
23342 30810
23346 31747
23350 28948
23352 18631
23361 30097
23362 18410
23363 31542
23370 14688
23377 489
23378 16156
23383 18914
23392 27953
23395 23801
23396 16315
23398 24408
23405 17865
23415 30049
23419 13157
23428 27992
23434 15814
23438 18676
23441 10077
23447 27237
23448 22194
23456 19795
23457 31247
23460 20811
23461 6578
23466 30055
23476 6564
23482 31016
23487 21238
23492 22581
23496 5048
23498 28979
23504 7014
23508 6561
23509 5242
23518 8534
23519 16983
23521 22479
23524 20335
23525 2421
23527 30589
23531 5750
23537 1779
23540 28990
23546 19505
23555 7501
23556 16604
23560 22205
23565 13682
23571 14575
23574 4
23575 8
23580 27657
23589 2387
23592 27745
23607 28943
23608 22119
23609 23145
23610 9702
23619 2655
23627 5457
23632 24832
23634 2827
23637 3184
23639 127
23649 31819
23650 27857
23651 13901
23657 25392
23660 18113
23669 14737
23674 16582
23675 8685
23690 13504
23691 2165
23697 16443
23700 4295
23703 26573
23712 25646
23722 3005
23724 8425
23740 15481
23748 4117
23758 13804
23772 7158
23773 20535
23781 6932
23789 25547
23796 6460
23799 32355
23800 25725
23812 23243
23819 29815
23821 25387
23823 14843
23827 14004
23836 9870
23847 8950
23849 20647
23850 6837
23856 6785
23858 28448
23861 6376
23863 17883
23867 24687
23871 1250
23872 24008
23878 9476
23879 5163
23890 25561
23893 16489
23894 8910
23897 1098
23898 26749
23905 14586
23906 19506
23907 31940
23909 24847
23912 8616
23922 14024
23926 21892
23931 13219
23933 2771
23938 10682
23948 2416
23950 29818
23953 22284
23955 7103
23958 5435
23964 5768
23967 19610
23969 5802
23974 26675
23977 3249
23982 18896
23987 10846
23989 709
23994 7356
23998 9849
23999 1152
24003 1746
24004 14146
24005 30862
24008 31506
24011 10367
24018 15526
24023 17346
24027 5883
24030 8755
24033 9014
24034 6354
24035 7476
24043 9286
24049 27198
24062 3502
24066 25120
24070 9963
24071 24453
24072 15588
24077 28627
24079 4876
24081 21884
24082 16924
24086 7944
24087 26177
24091 9408
24093 14468
24095 4013
24102 30024
24109 8601
24118 25164
24119 30774
24123 5651
24126 19040
24131 30681
24133 10737
24150 8257
24161 6388
24165 9287
24171 2675
24173 7344
24174 27373
24190 21307
24191 5616
24195 17974
24198 6548
24201 9777
24206 30750
24207 15724
24209 22553
24217 18566
24221 30162
24222 13249
24227 6382
24229 15143
24230 939
24231 26792
24232 32576
24233 9332
24236 29717
24238 18663
24248 19576
24249 30874
24250 7013
24254 1166
24262 17366
24263 8264
24265 17592
24269 26943
24273 32509
24276 25431
24278 13335
24284 14275
24291 26312
24293 26661
24297 27866
24302 27325
24305 28787
24308 23614
24315 16929
24317 13701
24319 19054
24321 18095
24329 24076
24333 1879
24336 26669
24341 26549
24349 28355
24356 19918
24357 14471
24363 18552
24366 21225
24374 532
24375 8529
24377 31658
24398 1677
24401 26755
24404 18288
24405 7902
24408 16265
24409 20605
24410 32751
24413 2675
24414 8024
24425 5341
24427 8263
24431 2643
24432 11233
24446 31450
24451 28857
24453 26512
24456 15949
24457 17362
24461 3965
24462 1525
24464 29717
24465 10137
24467 24367
24470 16176
24475 24756
24476 15010
24481 18771
24491 27347
24492 23234
24496 26515
24499 26138
24501 1285
24505 2114
24508 25577
24510 198
24512 29860
24514 8877
24525 32041
24527 18989
24530 6533
24534 23788
24544 7809
24552 14759
24563 17196
24565 28806
24568 27400
24569 8633
24577 26395
24580 13192
24585 14200
24592 27690
24605 22055
24607 28784
24617 24572
24618 7157
24620 24826
24640 6650
24642 2870
24644 24007
24648 18251
24649 15217
24652 17030
24655 16373
24657 32510
24681 21318
24684 7646
24693 20405
24699 12197
24714 17930
24721 32446
24722 2328
24723 27121
24729 14353
24739 26321
24741 19190
24742 23843
24753 6260
24754 16265
24760 26271
24763 14712
24766 17311
24767 23740
24768 24725
24769 27696
24773 19840
24779 8711
24782 19255
24783 4370
24784 6201
24788 22120
24790 21964
24791 11117
24792 3976
24793 25045
24794 20644
24798 29697
24807 16936
24813 31271
24815 21653
24818 9372
24826 16112
24834 231
24840 30764
24845 23421
24847 15303
24852 31812
24855 5068
24862 11396
24864 4002
24869 11645
24870 30584
24875 24330
24879 24635
24884 18430
24885 26660
24886 32247
24894 16201
24895 7584
24898 26540
24899 6621
24901 20483
24916 18265
24919 454
24921 14370
24925 25830
24926 27019
24927 19266
24931 12874
24934 16825
24937 2780
24940 7051
24941 18380
24947 16711
24948 8746
24951 11411
24952 12163
24956 2339
24960 9485
24962 12522
24966 14152
24970 18543
24975 32122
24977 10675
24979 20864
24982 22213
24983 4959
24985 10087
24986 5317
24987 28132
25002 16736
25005 19352
25009 23880
25012 18642
25017 2791
25018 23366
25021 24524
25025 22632
25026 26018
25030 28076
25041 30251
25056 10665
25059 10201
25060 30757
25064 25255
25065 28898
25067 19086
25071 4936
25081 4219
25087 4385
25088 21080
25089 28459
25091 24521
25092 7394
25095 23497
25098 31055
25101 14499
25106 12142
25119 14670
25122 13146
25124 27820
25127 10346
25129 26247
25131 27735
25133 16852
25134 25874
25136 28557
25143 22133
25147 3050
25151 21918
25154 16353
25156 149
25157 6550
25178 12582
25182 2576
25186 15218
25187 18210
25188 25058
25191 1881
25192 29068
25196 8990
25197 28604
25204 25420
25205 29041
25221 745
25224 21416
25226 20624
25228 25331
25233 26102
25236 12913
25239 17726
25243 3412
25244 6552
25249 25115
25254 5035
25261 11344
25264 26759
25270 17833
25274 293
25279 4558
25283 8941
25286 685
25287 3206
25288 13745
25296 7916
25297 7603
25298 13418
25300 662
25310 12536
25311 27475
25312 16589
25313 11458
25315 25139
25316 29594
25319 15450
25331 4481
25337 29533
25346 32320
25347 668
25353 21940
25356 26867
25364 23151
25367 11920
25373 1710
25374 17544
25383 15721
25386 1978
25388 9444
25392 3439
25400 21962
25401 6722
25402 14133
25403 28849
25407 32222
25415 20939
25425 20391
25427 11447
25430 27509
25435 11368
25438 26591
25441 20094
25442 7159
25444 21178
25447 21456
25450 1150
25453 21152
25456 1853
25463 22324
25471 32489
25475 31952
25480 6314
25481 25727
25482 24051
25483 26297
25486 11534
25487 10034
25488 12313
25496 20821
25499 25093
25505 19643
25507 3731
25511 16513
25516 11769
25518 11716
25522 4558
25540 24802
25541 10761
25546 15605
25551 16570
25552 9377
25555 16347
25556 31653
25560 31143
25562 22561
25565 4819
25576 20414
25590 26657
25593 5935
25594 28761
25603 27955
25608 3915
25609 13610
25610 16997
25612 27043
25615 18540
25617 22698
25623 14638
25625 16255
25628 19511
25633 26852
25636 9729
25639 24268
25644 24628
25645 19360
25652 28427
25654 16985
25655 32225
25661 20514
25663 2011
25677 12479
25684 14149
25694 24629
25696 31649
25698 20213
25700 28652
25702 24698
25703 11968
25704 2892
25707 25985
25714 17014
25715 28873
25716 5967
25717 8471
25720 12879
25725 17763
25743 23180
25749 27382
25751 18321
25763 21526
25767 29912
25772 23526
25785 31625
25787 4112
25789 13888
25791 32473
25795 18031
25797 23544
25802 32245
25806 22330
25811 12914
25820 22608
25824 19670
25835 25916
25842 20309
25847 23931
25848 29286
25852 30688
25853 12977
25854 6234
25859 2419
25861 13028
25868 2293
25876 18291
25878 13278
25881 32421
25895 25726
25896 13825
25897 29311
25898 23976
25900 18979
25901 2798
25906 28335
25907 1677
25909 21326
25915 23404
25920 32045
25921 25469
25924 5575
25925 20034
25927 9643
25929 18954
25930 28690
25931 16685
25939 18511
25941 20003
25946 6729
25950 2687
25951 32172
25953 16685
25954 12076
25955 19082
25956 31229
25963 1362
25966 12045
25968 6457
25970 23598
25975 3373
25979 5421
25980 24176
25983 3816
25984 2644
25987 20009
25993 12045
25995 11200
25996 3323
26006 15297
26010 9341
26011 3339
26024 17328
26025 19680
26029 198
26030 27144
26031 11990
26032 18001
26036 3875
26044 773
26046 17429
26047 1678
26048 28005
26049 5434
26067 26328
26068 4575
26070 31506
26075 2556
26078 24289
26085 12614
26087 18805
26088 14263
26108 11967
26112 10536
26116 29671
26123 10760
26128 31124
26131 20579
26133 25943
26135 4542
26137 12575
26143 21555
26145 5782
26150 17497
26151 4447
26152 10997
26153 11963
26167 13145
26174 15548
26177 8722
26183 14821
26188 32488
26189 12385
26201 2840
26207 2857
26211 12268
26214 10281
26226 6859
26227 27036
26240 22657
26246 25945
26247 19168
26250 13867
26251 4501
26254 4930
26258 2684
26261 17237
26265 5063
26271 2878
26280 5153
26281 7138
26282 765
26285 17705
26291 8710
26294 25306
26295 6462
26299 29475
26301 28809
26303 29705
26306 3497
26311 25005
26314 10225
26317 24520
26322 1863
26325 3857
26330 7410
26334 25956
26345 10854
26348 26917
26349 8970
26355 8505
26357 20095
26360 10201
26361 1468
26362 25821
26373 14865
26376 20046
26377 4292
26384 14362
26387 29680
26391 20270
26392 28001
26398 28403
26399 6660
26400 10118
26402 19323
26403 20212
26416 25515
26417 28433
26428 2820
26430 20020
26440 11340
26444 25985
26449 17521
26455 21324
26458 1055
26460 18863
26468 11876
26473 28024
26479 26379
26484 24169
26487 22120
26493 29618
26505 16295
26507 15945
26511 23031
26518 21168
26521 24639
26525 18669
26527 17763
26530 4095
26533 26413
26535 28401
26539 3986
26542 4693
26555 5044
26560 4938
26563 17231
26564 12725
26565 248
26567 16035
26568 25774
26572 32482
26576 10561
26577 15289
26590 27573
26593 17318
26599 11152
26619 5330
26630 17633
26640 16525
26644 21652
26648 32219
26654 22125
26657 11831
26662 26736
26663 1718
26664 19152
26667 10346
26672 6323
26673 22234
26676 3462
26678 17634
26685 2403
26691 17233
26693 9851
26697 16278
26698 29503
26700 13144
26708 4887
26718 14993
26720 11121
26721 7564
26734 9948
26735 19621
26738 22789
26739 8885
26762 18173
26766 21197
26769 30427
26772 15921
26773 4763
26776 1808
26779 6875
26793 10122
26798 9559
26799 23144
26801 10375
26804 13812
26805 16836
26814 29690
26815 10096
26825 11069
26826 26133
26830 24736
26832 10385
26841 15674
26843 23996
26844 25781
26845 20779
26847 25843
26848 14002
26854 13344
26863 248
26865 10436
26866 12299
26870 7428
26872 13887
26878 28829
26879 31059
26886 193
26889 12032
26897 25438
26898 23551
26899 17419
26900 22203
26908 31858
26914 29036
26924 7795
26925 8917
26926 25424
26931 2890
26932 2106
26935 28906
26945 16174
26946 8141
26957 6789
26958 18270
26963 32582
26964 17354
26966 31893
26969 26032
26974 26717
26975 22690
26977 22877
26978 27031
26982 30416
26985 19568
26993 22046
27000 656
27002 13543
27003 1455
27007 30753
27008 11364
27009 7848
27013 29127
27014 23025
27016 1183
27020 431
27023 4830
27028 26468
27030 15748
27032 14832
27034 10751
27035 11491
27036 8602
27037 25666
27039 20087
27042 6464
27044 31883
27045 26791
27047 10687
27048 6425
27049 24749
27054 17189
27069 32424
27070 10993
27073 32654
27080 17395
27085 15933
27086 2598
27089 8819
27093 16065
27106 12675
27108 22476
27112 30927
27118 20156
27124 3231
27127 9402
27128 6152
27132 11113
27135 6063
27150 20350
27151 32613
27155 15055
27157 12931
27161 11034
27167 13655
27169 11264
27171 14385
27175 4575
27177 19668
27181 2167
27190 16329
27201 12108
27202 8473
27210 16365
27216 25688
27220 3156
27221 15176
27227 31047
27229 25748
27231 1422
27232 23259
27234 3206
27237 30225
27256 645
27259 6687
27264 13986
27267 26504
27269 32544
27270 30671
27271 26553
27274 16619
27280 17949
27286 8195
27289 28642
27292 30875
27293 14345
27302 16882
27305 7567
27309 24547
27311 26717
27314 15167
27316 10756
27317 7335
27334 4235
27339 3997
27341 13484
27352 12813
27354 21403
27357 29550
27365 14693
27366 22571
27369 5321
27371 22846
27374 28729
27378 12999
27380 31978
27387 28822
27388 11938
27390 26398
27391 31181
27393 23707
27394 11651
27399 18701
27400 25958
27411 4342
27416 31397
27419 7787
27421 6372
27425 10129
27429 4501
27430 7542
27431 20321
27432 3658
27436 5937
27437 12135
27439 23558
27445 3207
27447 27803
27451 15546
27458 8085
27462 23853
27464 16740
27466 11660
27468 8430
27477 27449
27479 5088
27488 30386
27493 7239
27497 20207
27498 20617
27502 26453
27504 27828
27505 28573
27517 26814
27520 7359
27521 3418
27525 25351
27529 7940
27538 20623
27539 29037
27543 18289
27549 18438
27552 12576
27562 9576
27567 20960
27569 7290
27575 13363
27576 10735
27577 22714
27587 8326
27604 18376
27606 26148
27607 27586
27613 14446
27618 29436
27621 18030
27630 21810
27634 25007
27636 27659
27644 15570
27651 12369
27652 4587
27654 1899
27657 25899
27661 4475
27662 17355
27666 1520
27683 28230
27686 25034
27691 27560
27693 30575
27697 1047
27699 28704
27702 29793
27707 27831
27711 415
27718 32474
27733 20594
27735 1562
27738 15111
27740 3725
27744 25086
27745 24017
27751 2096
27753 28571
27765 1473
27767 30792
27778 9339
27790 20677
27792 5830
27796 32758
27800 23602
27801 11273
27807 29928
27810 21774
27811 1486
27828 5208
27829 23746
27832 24396
27834 20015
27835 17471
27838 20590
27839 6371
27840 26973
27841 18298
27853 3332
27856 11858
27857 1131
27861 32134
27865 9909
27867 15617
27869 27582
27873 24406
27875 10255
27879 7380
27881 15862
27883 18289
27896 17125
27902 1454
27904 6939
27905 9968
27907 28228
27916 12880
27926 26484
27928 4958
27929 747
27931 30258
27932 32229
27947 23702
27948 7640
27952 9332
27955 3948
27959 16542
27964 27404
27979 5191
27980 26789
27982 25265
27983 7658
27993 13353
28005 4993
28008 11596
28010 17161
28017 20721
28019 26143
28025 11336
28029 27510
28033 17205
28035 12827
28049 18754
28050 9606
28051 23
28058 26719
28062 23375
28064 13577
28067 275
28070 13583
28082 4282
28084 11079
28087 19944
28090 17288
28108 8613
28119 10053
28121 26591
28124 14881
28127 32723
28131 21374
28132 15246
28138 32343
28145 26474
28146 30093
28151 27888
28154 8180
28156 31118
28159 18008
28174 14714
28176 29265
28179 19670
28182 156
28183 14208
28184 7581
28193 32282
28197 16078
28206 2711
28207 14974
28210 17851
28217 20812
28223 27961
28224 19959
28231 12187
28236 4943
28248 15255
28252 8135
28253 4335
28255 9102
28260 9918
28267 26945
28281 13581
28282 29645
28296 27745
28300 25697
28304 20266
28305 18383
28306 17320
28317 32346
28319 3029
28320 32241
28326 23640
28338 18642
28340 16899
28344 17802
28345 19066
28346 18811
28347 2069
28357 17230
28362 29660
28366 23597
28367 26890
28389 16038
28403 2917
28408 12489
28409 8971
28411 20395
28415 22925
28416 27302
28421 3906
28431 20008
28436 25671
28438 17254
28453 19373
28461 8150
28462 17234
28463 23033
28466 901
28469 1351
28473 15127
28477 20910
28484 7610
28488 15811
28496 7871
28498 2801
28500 30569
28501 7094
28512 9673
28513 973
28514 19469
28517 23937
28518 25667
28523 3217
28534 32142
28540 22142
28544 20334
28547 2955
28548 24772
28558 22841
28575 32652
28583 15834
28584 8873
28588 21086
28595 13465
28596 24510
28600 32566
28606 3458
28621 6931
28623 21566
28624 9021
28625 10344
28631 19369
28633 28944
28638 9243
28649 7825
28653 9407
28657 12651
28661 32610
28666 739
28667 25183
28671 787
28672 7934
28673 22823
28678 25244
28679 10023
28687 12826
28690 29080
28692 21261
28702 12077
28709 21202
28710 27901
28717 11301
28724 1282
28726 3260
28730 31450
28731 32024
28732 3380
28738 24340
28739 15003
28748 14361
28767 19738
28768 28363
28769 12625
28772 24569
28774 13991
28778 21231
28779 523
28780 8765
28783 12712
28789 1606
28790 4962
28792 16407
28795 9791
28797 5303
28801 22797
28802 16069
28813 12873
28814 22134
28816 4272
28819 3613
28829 21179
28831 21149
28837 26864
28840 16314
28841 3495
28843 3353
28851 3061
28857 8267
28859 21156
28862 16943
28865 20219
28868 17696
28869 8447
28870 31157
28871 7801
28878 12056
28881 22219
28885 16504
28887 25375
28890 24777
28891 8598
28893 28070
28894 8084
28896 29983
28897 7755
28898 15813
28910 23788
28911 20865
28918 1653
28920 16942
28937 22788
28940 31681
28951 21188
28959 26134
28962 7441
28968 26054
28969 9383
28975 32751
28984 13402
28986 25487
28987 1199
28990 24805
28994 7769
29003 18525
29006 3839
29007 2711
29010 3143
29013 31121
29016 3329
29017 5218
29021 22832
29022 11903
29024 10621
29025 23246
29029 4274
29031 19689
29036 809
29038 26143
29041 12636
29043 11328
29044 22120
29045 31876
29050 4325
29054 6061
29057 5257
29060 24784
29077 1934
29078 12083
29091 26684
29095 1123
29104 22713
29109 13278
29110 30055
29112 4988
29114 293
29115 29107
29117 5107
29118 11036
29130 6384
29139 7587
29143 4688
29145 16859
29149 12553
29150 18940
29151 6101
29156 26975
29157 6230
29163 6197
29168 28065
29171 27170
29180 20115
29185 24022
29186 24505
29188 17120
29193 3135
29205 14030
29207 9049
29211 23774
29215 24187
29218 15413
29227 26413
29238 6418
29240 22442
29245 16074
29251 32289
29253 19500
29265 24312
29266 27777
29278 3749
29284 22015
29285 32161
29298 22566
29299 8966
29305 3281
29306 19260
29307 18535
29310 11370
29312 24979
29313 22130
29314 10783
29318 11886
29319 20931
29323 31580
29324 30437
29330 26811
29340 18717
29341 23306
29343 13561
29347 4992
29348 12856
29349 4203
29352 16149
29354 19801
29359 29546
29363 20584
29386 7643
29398 25629
29400 4920
29402 14967
29408 21860
29411 9507
29416 16305
29430 1125
29431 6990
29434 1999
29438 11504
29442 2765
29448 10892
29449 2791
29451 17066
29453 29933
29461 16244
29462 15762
29465 30067
29469 4322
29476 15522
29479 26317
29484 24300
29488 12447
29492 13552
29495 7250
29500 6759
29501 28694
29506 5826
29507 15024
29508 15487
29513 26412
29517 420
29521 31405
29528 21984
29532 364
29533 32599
29534 8465
29539 20060
29553 1079
29562 20634
29564 6470
29572 32553
29575 22201
29599 16481
29610 484
29613 29688
29615 8459
29616 2326
29622 22912
29623 18820
29628 11023
29635 24465
29641 23843
29643 25694
29649 10442
29654 25224
29655 12664
29658 2702
29659 28782
29661 16530
29663 23826
29670 9309
29672 30231
29673 26836
29674 31714
29675 9006
29685 24333
29687 26310
29688 7884
29690 10827
29691 3618
29692 20446
29699 24131
29702 10535
29707 27544
29715 9636
29717 32138
29725 9326
29732 5324
29738 1765
29741 26956
29743 30148
29744 19598
29748 11599
29751 32452
29753 1018
29754 21156
29755 4818
29757 21666
29769 4596
29771 23568
29786 16863
29791 1410
29792 6901
29798 21497
29809 29424
29810 25344
29816 15851
29820 14753
29822 101
29823 27072
29826 18388
29833 30782
29845 7800
29846 23498
29848 5748
29849 17420
29853 17467
29854 7236
29855 5826
29861 6252
29865 11352
29867 9975
29868 19966
29874 29472
29876 8784
29877 20701
29881 27000
29883 9318
29887 21374
29900 24232
29908 17446
29909 25181
29911 28484
29922 12644
29924 21828
29925 10049
29926 8455
29929 5241
29936 15609
29942 14839
29945 17375
29947 12654
29950 18555
29954 3399
29955 17105
29957 13469
29958 27077
29959 19103
29961 28684
29973 2228
29976 9413
29979 2533
29994 21698
30000 19758
30003 25757
30007 21429
30012 7996
30013 29078
30017 10920
30020 9938
30021 5449
30024 30224
30027 3849
30028 9290
30041 2790
30044 18150
30056 16884
30057 29750
30060 9653
30062 9541
30067 26176
30075 23142
30076 14226
30082 27475
30084 3658
30097 31517
30098 5946
30104 2042
30110 13730
30113 9164
30119 146
30123 3876
30124 4500
30130 18574
30138 14299
30140 19496
30143 14472
30144 229
30145 25321
30147 30979
30149 29547
30152 4077
30153 8642
30156 25597
30158 22675
30159 25538
30160 18676
30164 28187
30167 16228
30170 9245
30173 20650
30179 5651
30180 9897
30182 6531
30183 9710
30196 30963
30197 31712
30202 23338
30207 6531
30217 35
30219 28683
30221 16395
30222 20377
30227 23969
30235 29431
30237 9612
30244 31553
30247 21418
30252 9986
30257 3325
30258 4926
30260 24345
30262 10053
30269 5061
30272 25551
30277 6669
30282 3406
30292 15382
30293 14939
30297 28549
30300 29238
30304 8729
30305 31109
30310 649
30311 1843
30312 16342
30313 22303
30317 15927
30318 26723
30322 32530
30324 7597
30328 14051
30329 32019
30334 28877
30339 27268
30345 9804
30347 14487
30349 13343
30352 32546
30354 26429
30355 11297
30360 28875
30361 1603
30368 30281
30369 11290
30370 15460
30372 7896
30373 18305
30377 13544
30383 29433
30385 29705
30391 1042
30393 11927
30400 16210
30403 5463
30404 10560
30406 17273
30415 26017
30420 10064
30422 25350
30424 11539
30429 15174
30433 27690
30437 30130
30440 15114
30450 9928
30455 15742
30463 11080
30472 14305
30486 16593
30492 28227
30493 19473
30494 28045
30497 22971
30498 7731
30503 29711
30505 15491
30507 1337
30511 32184
30513 27923
30514 21384
30515 3080
30517 28829
30520 19721
30528 13509
30530 19446
30533 25024
30534 31313
30537 6123
30540 14404
30541 18993
30542 13796
30543 3611
30546 8098
30549 22784
30550 15618
30551 13089
30558 12678
30559 11200
30561 18666
30562 23533
30563 22746
30566 25182
30569 8619
30571 19207
30577 27678
30592 20239
30593 8026
30595 15768
30596 31179
30605 19800
30607 29334
30610 1444
30615 8076
30616 21921
30619 25660
30624 18960
30627 16543
30628 32154
30636 24784
30638 13318
30641 7953
30642 27492
30650 1238
30653 7494
30657 5984
30663 20906
30669 5474
30673 10991
30674 22538
30676 699
30677 14831
30682 23274
30685 2688
30689 8396
30697 31836
30699 27173
30706 21803
30707 20787
30720 26500
30723 19743
30739 21302
30740 26793
30744 11883
30746 13133
30750 1471
30753 13437
30755 8368
30756 14214
30758 18736
30759 2302
30779 6533
30783 8120
30785 1569
30787 30735
30790 18146
30792 5569
30795 27601
30797 30629
30799 7243
30804 1336
30807 29673
30810 4541
30816 2711
30819 8612
30822 3661
30831 23209
30832 31349
30834 19233
30836 20513
30837 6717
30838 27109
30839 4030
30843 32729
30844 24308
30845 25023
30847 25819
30848 5339
30849 3743
30851 18472
30853 25747
30854 5509
30859 21329
30864 5257
30878 17984
30883 3699
30884 5876
30885 7530
30887 29269
30890 17136
30892 22096
30893 9432
30895 20481
30896 13009
30897 25175
30907 25605
30908 17201
30911 26474
30912 27816
30917 29313
30918 624
30922 27812
30927 24276
30928 1204
30936 25765
30942 17930
30951 9116
30956 2365
30958 22325
30959 32240
30962 25098
30964 12780
30968 11520
30971 12231
30973 2830
30976 14741
30978 20784
30981 27082
30982 21683
30984 5258
30993 17339
30995 12099
30999 21942
31000 8387
31003 13939
31004 819
31009 23500
31013 11410
31014 30576
31015 13407
31017 18892
31025 564
31026 1524
31030 18072
31034 3513
31045 12760
31051 29177
31052 17055
31057 9986
31060 6229
31061 2769
31067 9185
31069 7103
31080 7261
31082 22903
31084 32367
31085 8004
31107 5187
31110 15660
31113 26555
31116 20068
31121 32283
31130 23027
31131 23666
31132 4210
31136 513
31139 23054
31140 14430
31144 9919
31148 28041
31155 19527
31167 29793
31172 29750
31175 3498
31176 15088
31178 12698
31191 8650
31194 5168
31197 16856
31198 9864
31205 8513
31206 20020
31207 8425
31211 8391
31215 30929
31224 14977
31227 7400
31229 2968
31236 26467
31238 19928
31240 17775
31246 21068
31247 12300
31254 19894
31256 4249
31259 24238
31261 7776
31269 14419
31278 12539
31284 5085
31288 3329
31290 6165
31291 24317
31293 1255
31299 13000
31300 4665
31301 23192
31308 8193
31313 1889
31314 18952
31316 8738
31320 27815
31322 6125
31324 13126
31329 26214
31332 27353
31333 5624
31337 24105
31341 15981
31342 16661
31347 18384
31351 11310
31353 8318
31356 15044
31357 31814
31358 31493
31360 22476
31361 12947
31371 20380
31374 12372
31378 10863
31382 10177
31385 3584
31386 22226
31389 6783
31395 25879
31400 17351
31410 13702
31411 4439
31413 22438
31414 1320
31418 2707
31419 22174
31420 4475
31429 26264
31431 31316
31434 13269
31435 13140
31440 3201
31443 26727
31444 16954
31445 1033
31446 13768
31447 18434
31452 16711
31454 5653
31456 23005
31462 1774
31466 60
31471 25659
31474 1272
31478 27781
31484 23994
31490 19986
31496 7301
31499 25378
31502 13435
31505 7950
31507 13247
31513 30383
31518 10660
31521 26025
31524 7100
31525 23265
31529 16506
31535 18858
31539 1396
31555 5063
31560 5131
31566 22358
31569 22595
31582 775
31584 11959
31590 19040
31592 31906
31607 12113
31609 1713
31613 4066
31620 30536
31625 1115
31626 31093
31628 24073
31629 10409
31631 15983
31633 5228
31637 16652
31644 6997
31650 32320
31651 570
31654 24561
31663 27563
31670 14897
31672 31847
31673 31139
31676 21383
31679 5520
31690 4721
31691 22209
31692 10167
31696 20794
31697 19133
31701 11343
31707 1696
31709 27938
31712 8142
31715 21053
31716 8076
31719 6560
31720 10479
31722 4961
31724 29816
31737 32467
31740 19594
31749 28837
31754 3442
31755 21021
31758 10421
31759 21030
31760 20464
31762 15159
31763 30845
31764 25573
31767 7351
31768 21870
31770 7006
31773 16331
31775 27699
31776 1553
31781 27504
31782 27301
31784 7709
31788 32260
31792 21789
31799 19520
31803 30357
31806 25534
31807 13853
31812 10719
31813 21686
31827 3811
31828 26047
31832 23426
31834 31898
31840 16393
31852 23866
31855 6
31862 16014
31870 1100
31884 1107
31888 1144
31891 3333
31897 22313
31899 3060
31903 14408
31910 27412
31915 16281
31918 2246
31919 29927
31923 32511
31925 19772
31927 26634
31928 1842
31951 6869
31961 21605
31962 4074
31963 14661
31968 4021
31970 28734
31974 20108
31976 2849
31978 30726
31979 25783
31981 16514
31988 5246
31989 17497
31992 16101
31997 6161
31999 22110
32005 25571
32006 24727
32008 14650
32009 28748
32020 6789
32025 12371
32038 27850
32039 15730
32051 7422
32054 11058
32056 32031
32060 23752
32061 23636
32069 25480
32074 6793
32086 4557
32093 27491
32099 14040
32101 9349
32103 6719
32112 24492
32113 9826
32117 8652
32119 5912
32131 21957
32136 24509
32139 2148
32141 24877
32165 27366
32167 21799
32171 2057
32180 10843
32187 13213
32188 946
32189 31332
32191 13843
32193 28122
32202 6386
32206 27577
32207 25783
32208 5393
32216 22305
32220 7774
32223 2782
32228 26869
32232 11858
32251 2150
32254 29631
32255 10505
32261 3651
32263 1725
32269 16583
32273 7196
32275 28264
32281 20036
32284 20299
32289 31676
32294 16305
32298 26861
32300 28618
32304 2705
32307 18837
32311 1375
32312 25466
32321 32695
32323 10635
32331 25617
32337 8378
32339 2414
32340 30761
32342 11956
32351 15852
32353 42
32359 15866
32360 1087
32366 15935
32367 24113
32371 21426
32375 28311
32383 30144
32386 4309
32389 17955
32390 30614
32393 28383
32399 975
32402 23396
32407 3464
32419 17236
32421 124
32423 2843
32425 27488
32427 7028
32428 18877
32429 2932
32430 19815
32437 14567
32439 21300
32446 7459
32451 14532
32456 4255
32458 1988
32460 156
32461 18430
32463 7831
32466 26627
32473 7977
32474 3553
32479 4253
32481 21553
32490 9703
32499 21370
32501 25391
32502 13696
32512 3970
32514 19374
32515 28251
32519 29494
32526 4633
32527 13185
32528 4872
32531 25516
32539 1331
32541 6320
32547 5905
32549 22143
32552 5195
32554 1169
32555 10729
32558 5869
32563 31627
32577 18450
32589 1504
32591 18445
32594 17409
32595 3681
32597 24387
32600 2055
32602 20885
32611 5717
32613 5187
32617 21547
32620 8741
32626 22862
32627 23472
32630 32661
32640 15205
32642 1557
32646 27099
32653 24047
32658 2974
32662 26991
32667 6004
32674 24051
32675 12811
32687 16286
32694 26736
32698 26970
32703 17357
32705 24876
32707 24094
32709 22184
32713 5046
32714 8839
32716 28666
32719 4494
32720 20393
32730 16128
32731 27753
32733 28805
32734 19302
32743 19850
32744 30427
32745 26601
32750 3237
32756 8881
32763 25786
32765 11772
32767 3332
