15 11468
0
1
3
4
9
11
12
18
21
23
25
28
30
31
34
38
42
52
53
54
57
59
67
68
69
71
78
84
86
88
91
98
104
105
106
108
110
111
113
114
120
125
126
127
128
130
131
132
135
137
144
146
150
158
164
173
175
179
180
183
184
187
189
195
196
203
207
208
210
219
220
228
229
233
234
237
239
242
243
250
256
258
261
268
272
279
281
282
283
286
288
297
299
300
303
306
308
309
311
313
314
319
320
321
324
327
330
336
338
339
340
341
345
350
351
358
359
363
369
370
373
374
375
376
377
379
381
382
385
387
391
394
395
398
401
403
405
407
408
409
411
415
416
421
427
429
432
435
436
437
438
439
447
453
455
456
457
472
475
477
478
479
480
484
485
486
487
488
493
497
498
500
504
507
508
510
514
517
522
523
524
525
526
532
533
534
536
539
543
545
546
548
549
551
552
557
558
559
560
561
568
571
572
573
577
578
580
583
588
590
601
608
610
611
613
614
616
618
619
625
628
630
631
636
637
638
640
647
649
650
662
665
666
676
677
679
680
688
691
693
694
695
696
697
701
709
710
713
716
719
723
724
725
726
727
728
729
731
735
739
740
743
745
747
748
749
753
754
755
756
759
763
765
768
770
771
773
776
779
783
784
785
787
791
795
796
797
798
800
805
807
808
809
813
814
816
817
821
824
828
829
830
831
832
833
834
835
837
838
839
842
843
845
847
852
853
855
862
863
867
869
871
876
877
879
882
888
889
891
893
897
898
902
914
916
917
919
921
925
927
939
940
944
951
952
953
956
958
962
963
965
970
971
973
978
979
980
994
996
997
998
1005
1012
1016
1018
1019
1020
1025
1026
1027
1028
1038
1039
1041
1043
1044
1046
1049
1052
1054
1058
1061
1067
1072
1074
1079
1080
1081
1086
1087
1088
1090
1091
1092
1093
1095
1099
1100
1102
1105
1106
1108
1119
1122
1124
1126
1128
1135
1137
1139
1142
1145
1152
1155
1159
1162
1164
1165
1168
1169
1175
1179
1181
1185
1189
1193
1195
1198
1199
1201
1203
1206
1208
1212
1213
1214
1221
1223
1227
1229
1230
1234
1235
1240
1243
1244
1245
1249
1251
1252
1254
1258
1260
1264
1266
1268
1269
1270
1273
1276
1278
1282
1294
1299
1301
1302
1304
1305
1307
1312
1320
1329
1330
1331
1335
1336
1337
1339
1340
1341
1343
1345
1353
1355
1357
1358
1359
1363
1367
1369
1372
1377
1379
1381
1382
1383
1385
1388
1390
1392
1394
1396
1402
1407
1409
1410
1413
1414
1425
1427
1432
1435
1439
1442
1445
1450
1455
1462
1467
1473
1474
1483
1486
1490
1494
1500
1501
1506
1507
1511
1512
1518
1520
1521
1522
1524
1526
1528
1532
1535
1538
1540
1541
1542
1543
1544
1545
1547
1551
1552
1553
1554
1557
1558
1560
1564
1566
1569
1572
1573
1579
1585
1591
1593
1594
1595
1597
1598
1599
1600
1604
1609
1613
1615
1617
1624
1625
1627
1629
1630
1639
1641
1645
1647
1649
1651
1652
1656
1657
1658
1659
1662
1664
1667
1670
1671
1673
1677
1679
1687
1688
1690
1700
1701
1715
1716
1719
1726
1727
1728
1729
1730
1731
1737
1742
1743
1745
1748
1749
1752
1756
1758
1759
1764
1774
1778
1779
1784
1785
1790
1793
1794
1797
1798
1799
1800
1801
1802
1807
1810
1811
1814
1816
1817
1820
1822
1828
1829
1831
1833
1836
1837
1838
1841
1849
1851
1853
1854
1855
1857
1859
1861
1863
1868
1873
1874
1878
1880
1883
1886
1893
1896
1902
1903
1906
1908
1910
1913
1914
1917
1922
1929
1931
1934
1936
1937
1939
1944
1947
1948
1953
1955
1959
1960
1961
1971
1976
1978
1981
1984
1985
1994
1996
2000
2002
2007
2009
2013
2016
2018
2022
2024
2025
2032
2033
2034
2035
2037
2040
2042
2045
2046
2052
2053
2059
2061
2064
2065
2066
2070
2072
2073
2078
2079
2080
2081
2082
2083
2085
2087
2091
2095
2099
2100
2101
2102
2105
2108
2110
2113
2114
2120
2124
2127
2130
2133
2138
2139
2147
2148
2154
2156
2159
2162
2165
2167
2168
2170
2171
2172
2173
2177
2180
2181
2183
2184
2185
2186
2187
2188
2190
2193
2194
2202
2205
2208
2210
2212
2213
2218
2221
2222
2226
2227
2229
2230
2231
2233
2236
2238
2245
2247
2248
2250
2252
2253
2255
2258
2263
2268
2276
2277
2279
2281
2283
2284
2285
2286
2293
2295
2297
2298
2305
2310
2313
2314
2319
2326
2327
2330
2334
2339
2340
2348
2351
2354
2355
2356
2360
2363
2367
2368
2371
2374
2387
2389
2390
2391
2399
2404
2410
2412
2413
2424
2432
2433
2441
2443
2448
2449
2450
2451
2452
2455
2459
2460
2464
2468
2470
2472
2473
2475
2481
2482
2485
2490
2493
2495
2500
2505
2508
2509
2513
2514
2516
2520
2524
2525
2527
2530
2532
2533
2537
2538
2543
2546
2547
2549
2550
2551
2553
2556
2557
2560
2561
2565
2568
2571
2577
2581
2582
2583
2585
2586
2587
2591
2597
2600
2602
2603
2606
2609
2613
2617
2624
2630
2635
2638
2639
2640
2648
2651
2653
2654
2657
2659
2661
2667
2669
2674
2676
2678
2680
2681
2682
2683
2684
2685
2686
2688
2689
2690
2692
2697
2699
2703
2704
2707
2709
2711
2714
2715
2721
2726
2733
2735
2738
2739
2742
2743
2746
2748
2749
2751
2756
2759
2763
2765
2768
2773
2777
2780
2783
2785
2794
2798
2807
2810
2811
2813
2814
2816
2817
2821
2825
2826
2827
2829
2832
2836
2837
2838
2840
2842
2844
2848
2850
2852
2854
2855
2856
2859
2862
2866
2876
2877
2883
2885
2887
2889
2890
2891
2893
2898
2902
2910
2925
2932
2939
2942
2944
2950
2952
2953
2956
2957
2959
2962
2970
2975
2976
2978
2979
2980
2982
2985
2986
2988
2990
2993
2999
3000
3001
3003
3006
3008
3009
3010
3012
3020
3021
3023
3025
3027
3031
3032
3033
3035
3037
3038
3045
3048
3051
3053
3056
3061
3062
3063
3066
3067
3070
3074
3075
3077
3078
3079
3087
3089
3090
3091
3092
3093
3097
3098
3099
3100
3101
3106
3111
3112
3117
3118
3122
3128
3131
3134
3135
3138
3139
3141
3142
3147
3149
3152
3154
3156
3160
3163
3164
3165
3172
3177
3180
3183
3188
3189
3191
3192
3198
3201
3203
3204
3207
3210
3211
3212
3216
3223
3227
3229
3238
3239
3240
3242
3247
3251
3253
3254
3257
3258
3260
3266
3268
3277
3281
3283
3284
3285
3286
3288
3289
3291
3297
3303
3307
3314
3317
3322
3328
3335
3336
3339
3340
3341
3345
3350
3351
3356
3358
3360
3362
3363
3366
3367
3371
3372
3379
3380
3386
3392
3393
3394
3397
3402
3405
3412
3414
3418
3420
3424
3425
3427
3430
3431
3432
3437
3439
3440
3443
3444
3448
3449
3458
3460
3462
3463
3464
3465
3468
3472
3473
3474
3475
3476
3482
3486
3487
3489
3491
3493
3504
3505
3508
3510
3512
3514
3519
3520
3521
3522
3527
3529
3533
3534
3536
3540
3541
3542
3548
3549
3552
3554
3563
3566
3570
3575
3580
3584
3585
3588
3589
3590
3592
3594
3602
3605
3606
3608
3611
3613
3620
3625
3626
3628
3630
3631
3635
3636
3640
3642
3645
3648
3649
3654
3657
3659
3661
3662
3664
3667
3668
3674
3675
3676
3688
3692
3695
3697
3699
3701
3702
3705
3706
3707
3710
3715
3717
3719
3726
3728
3729
3731
3733
3734
3737
3741
3742
3746
3752
3754
3756
3757
3758
3759
3763
3765
3767
3769
3779
3780
3781
3782
3784
3786
3788
3803
3807
3808
3810
3811
3817
3825
3826
3828
3831
3832
3835
3837
3838
3839
3840
3843
3845
3854
3855
3856
3858
3859
3864
3866
3867
3868
3869
3872
3875
3877
3878
3879
3884
3889
3892
3893
3894
3896
3897
3900
3901
3910
3911
3913
3914
3916
3919
3921
3922
3927
3928
3940
3942
3944
3945
3953
3965
3968
3970
3972
3973
3974
3978
3979
3980
3982
3984
3987
3988
3992
3994
3997
3998
4000
4001
4006
4012
4016
4017
4027
4029
4032
4033
4035
4036
4040
4042
4044
4045
4050
4051
4052
4054
4055
4061
4062
4063
4066
4067
4068
4070
4076
4077
4078
4082
4084
4090
4092
4093
4096
4105
4106
4111
4112
4113
4114
4115
4116
4118
4120
4121
4122
4124
4135
4144
4151
4158
4159
4160
4161
4163
4164
4169
4175
4179
4182
4187
4188
4190
4196
4197
4202
4207
4208
4210
4211
4215
4217
4220
4223
4225
4229
4230
4232
4236
4238
4239
4240
4243
4246
4250
4251
4252
4255
4257
4258
4261
4265
4267
4268
4269
4272
4275
4276
4277
4278
4280
4281
4282
4284
4285
4286
4290
4291
4293
4294
4295
4297
4299
4300
4302
4309
4311
4312
4313
4315
4316
4320
4321
4323
4325
4327
4330
4333
4335
4339
4340
4342
4347
4348
4353
4355
4358
4369
4370
4371
4372
4373
4374
4378
4388
4390
4391
4393
4395
4397
4401
4407
4416
4417
4420
4425
4428
4433
4434
4439
4442
4443
4444
4446
4447
4448
4449
4451
4454
4456
4460
4463
4465
4468
4471
4472
4473
4474
4475
4476
4477
4498
4500
4501
4502
4504
4509
4510
4512
4514
4520
4521
4524
4526
4527
4528
4529
4536
4537
4541
4542
4543
4546
4550
4551
4555
4556
4557
4559
4563
4568
4572
4575
4579
4580
4584
4585
4589
4591
4592
4593
4596
4605
4606
4608
4609
4612
4614
4617
4620
4625
4628
4629
4630
4632
4634
4639
4640
4642
4644
4647
4649
4651
4652
4653
4654
4661
4663
4669
4671
4674
4675
4677
4682
4685
4687
4688
4689
4691
4697
4698
4699
4704
4708
4715
4716
4717
4719
4720
4721
4722
4724
4725
4726
4729
4732
4740
4741
4746
4754
4758
4765
4767
4769
4770
4774
4776
4778
4779
4780
4782
4784
4786
4788
4791
4793
4796
4798
4804
4808
4811
4812
4814
4824
4826
4827
4830
4831
4832
4833
4837
4842
4846
4853
4854
4855
4858
4861
4862
4863
4870
4877
4881
4890
4893
4895
4898
4904
4905
4907
4909
4920
4921
4922
4925
4926
4928
4929
4933
4934
4935
4939
4940
4941
4951
4954
4955
4960
4970
4980
4981
4982
4983
4991
4994
4996
5000
5002
5004
5014
5015
5017
5018
5019
5020
5023
5028
5029
5030
5036
5039
5044
5045
5048
5052
5054
5057
5062
5069
5072
5074
5075
5076
5079
5080
5081
5088
5089
5090
5092
5093
5094
5100
5101
5102
5104
5105
5109
5110
5113
5117
5119
5122
5126
5128
5129
5132
5140
5143
5145
5150
5153
5156
5158
5162
5163
5178
5180
5182
5187
5192
5194
5195
5196
5198
5200
5201
5206
5208
5209
5212
5215
5217
5222
5225
5227
5228
5229
5234
5236
5237
5244
5246
5254
5256
5257
5259
5263
5264
5267
5269
5272
5275
5278
5283
5285
5288
5289
5290
5292
5296
5299
5300
5301
5304
5305
5306
5307
5308
5310
5312
5313
5314
5317
5319
5325
5328
5329
5334
5337
5338
5340
5343
5350
5356
5364
5374
5375
5379
5380
5384
5385
5386
5388
5394
5395
5398
5400
5401
5402
5406
5408
5410
5412
5414
5417
5419
5421
5424
5427
5429
5433
5435
5436
5440
5442
5443
5444
5446
5448
5457
5463
5466
5468
5469
5470
5474
5478
5481
5484
5487
5491
5492
5495
5501
5504
5505
5507
5511
5514
5516
5517
5522
5523
5524
5525
5526
5531
5534
5535
5537
5540
5543
5545
5552
5557
5560
5563
5564
5565
5566
5567
5571
5573
5574
5575
5576
5585
5586
5587
5589
5591
5594
5599
5602
5603
5605
5607
5609
5611
5615
5617
5619
5620
5621
5627
5629
5630
5632
5634
5638
5640
5641
5644
5645
5648
5650
5662
5663
5664
5667
5669
5672
5675
5678
5680
5682
5683
5685
5687
5688
5690
5696
5700
5709
5710
5711
5714
5719
5721
5728
5730
5732
5734
5735
5736
5738
5739
5740
5741
5742
5745
5747
5748
5749
5750
5752
5754
5756
5762
5764
5767
5772
5773
5775
5777
5782
5783
5785
5786
5788
5798
5799
5804
5805
5818
5823
5824
5830
5832
5837
5838
5840
5845
5851
5853
5854
5863
5864
5868
5869
5874
5893
5895
5897
5899
5903
5904
5909
5911
5912
5913
5915
5918
5921
5924
5927
5928
5932
5938
5945
5948
5949
5950
5952
5955
5958
5959
5969
5970
5971
5973
5975
5979
5981
5983
5984
5985
5986
5992
5994
5998
6005
6006
6008
6016
6025
6027
6028
6029
6037
6049
6054
6055
6056
6059
6063
6064
6067
6068
6075
6077
6078
6079
6081
6082
6083
6089
6091
6092
6094
6095
6102
6105
6110
6111
6113
6118
6122
6124
6126
6133
6135
6136
6137
6138
6139
6140
6146
6147
6151
6155
6157
6158
6159
6160
6162
6163
6165
6167
6169
6174
6180
6181
6183
6184
6185
6188
6190
6198
6205
6206
6207
6208
6210
6216
6219
6222
6224
6225
6230
6233
6236
6242
6243
6246
6249
6251
6252
6253
6254
6260
6264
6267
6268
6269
6274
6276
6278
6279
6284
6288
6289
6290
6291
6292
6293
6297
6298
6300
6306
6313
6319
6321
6324
6325
6329
6331
6334
6339
6340
6341
6342
6349
6351
6356
6357
6358
6359
6362
6365
6366
6371
6373
6374
6375
6382
6385
6386
6387
6392
6393
6395
6399
6402
6403
6407
6408
6410
6416
6417
6420
6421
6424
6436
6442
6445
6447
6448
6451
6453
6454
6455
6457
6458
6460
6461
6462
6463
6468
6469
6471
6478
6480
6482
6485
6487
6493
6494
6501
6502
6503
6506
6514
6515
6518
6523
6531
6532
6533
6535
6540
6542
6543
6545
6546
6547
6549
6552
6553
6558
6560
6561
6567
6568
6571
6572
6575
6581
6582
6583
6588
6590
6593
6596
6605
6607
6608
6622
6626
6630
6631
6635
6638
6640
6642
6643
6646
6648
6654
6656
6657
6658
6659
6660
6663
6665
6674
6678
6680
6685
6686
6690
6691
6692
6700
6701
6702
6703
6705
6712
6714
6716
6718
6721
6723
6726
6727
6729
6730
6731
6735
6736
6739
6740
6742
6744
6754
6755
6756
6757
6758
6759
6760
6766
6767
6774
6775
6778
6785
6786
6791
6793
6794
6797
6800
6801
6802
6803
6806
6807
6812
6814
6815
6819
6820
6823
6826
6828
6830
6835
6840
6843
6844
6847
6848
6855
6858
6859
6861
6863
6864
6870
6873
6877
6878
6885
6887
6889
6890
6892
6894
6895
6896
6899
6901
6903
6920
6923
6934
6936
6940
6947
6951
6953
6955
6956
6971
6974
6978
6987
6992
6993
6994
6996
6997
6998
7001
7004
7005
7007
7009
7010
7012
7013
7016
7018
7022
7025
7027
7028
7030
7032
7036
7037
7043
7045
7047
7050
7051
7053
7054
7060
7062
7066
7067
7070
7072
7073
7075
7080
7083
7088
7093
7095
7097
7108
7127
7128
7132
7134
7137
7139
7143
7151
7152
7154
7155
7158
7161
7166
7168
7169
7171
7172
7173
7176
7180
7181
7186
7187
7189
7193
7196
7197
7201
7202
7204
7206
7208
7211
7216
7217
7218
7221
7224
7227
7229
7234
7235
7237
7240
7242
7243
7245
7250
7253
7259
7261
7262
7267
7270
7271
7276
7278
7282
7283
7285
7287
7291
7293
7297
7298
7299
7300
7302
7303
7306
7319
7321
7326
7328
7330
7333
7334
7337
7339
7344
7347
7349
7350
7351
7353
7359
7361
7365
7366
7367
7369
7371
7372
7373
7377
7380
7381
7384
7386
7387
7388
7393
7394
7395
7397
7408
7409
7410
7411
7413
7414
7420
7424
7425
7428
7430
7432
7433
7434
7440
7445
7448
7451
7452
7457
7458
7459
7460
7463
7465
7471
7482
7483
7485
7491
7495
7499
7500
7503
7509
7511
7513
7515
7516
7519
7523
7526
7528
7530
7532
7533
7535
7538
7541
7543
7544
7549
7551
7553
7559
7563
7564
7566
7567
7570
7579
7580
7582
7583
7585
7586
7588
7590
7593
7594
7596
7597
7599
7603
7606
7609
7611
7612
7614
7616
7619
7621
7626
7630
7633
7639
7640
7643
7646
7648
7654
7659
7660
7663
7666
7668
7670
7671
7675
7678
7681
7682
7686
7688
7691
7699
7700
7701
7702
7704
7706
7707
7708
7722
7725
7727
7733
7734
7741
7742
7752
7757
7761
7764
7771
7778
7788
7790
7792
7794
7795
7799
7801
7802
7803
7806
7807
7810
7811
7812
7814
7824
7826
7827
7828
7830
7837
7841
7844
7847
7849
7851
7855
7856
7858
7859
7863
7868
7871
7878
7880
7886
7888
7892
7894
7899
7900
7901
7903
7908
7916
7918
7921
7927
7933
7934
7937
7940
7943
7948
7956
7959
7961
7962
7963
7966
7974
7978
7993
7994
7996
8001
8003
8004
8010
8012
8014
8015
8016
8022
8024
8032
8034
8036
8037
8038
8040
8042
8045
8046
8054
8055
8058
8059
8060
8077
8078
8079
8082
8085
8087
8088
8091
8094
8101
8102
8105
8111
8112
8114
8118
8120
8124
8125
8126
8133
8135
8137
8138
8143
8144
8146
8148
8149
8150
8152
8156
8157
8158
8159
8161
8166
8168
8170
8172
8178
8179
8182
8183
8184
8186
8187
8188
8189
8193
8195
8201
8208
8209
8210
8216
8218
8222
8223
8224
8230
8237
8239
8244
8255
8258
8260
8261
8263
8264
8267
8272
8277
8278
8279
8285
8292
8304
8308
8309
8310
8322
8328
8334
8337
8340
8345
8346
8351
8352
8353
8359
8361
8362
8363
8366
8368
8374
8378
8381
8382
8385
8386
8388
8389
8390
8394
8397
8398
8400
8402
8403
8405
8406
8410
8418
8421
8422
8423
8424
8426
8433
8437
8440
8452
8458
8460
8468
8470
8471
8475
8476
8478
8482
8484
8486
8491
8492
8500
8502
8506
8509
8519
8520
8524
8528
8529
8530
8532
8534
8536
8538
8541
8546
8549
8550
8553
8554
8556
8558
8559
8564
8567
8570
8571
8572
8573
8576
8578
8580
8583
8589
8593
8594
8595
8599
8611
8617
8618
8621
8622
8624
8626
8632
8633
8635
8636
8639
8640
8643
8656
8660
8664
8665
8668
8672
8676
8679
8683
8689
8690
8692
8696
8699
8700
8703
8704
8705
8707
8708
8709
8711
8723
8725
8726
8731
8732
8736
8737
8740
8741
8746
8747
8749
8753
8754
8758
8761
8762
8766
8767
8769
8770
8774
8777
8778
8782
8786
8787
8789
8790
8801
8802
8804
8808
8810
8811
8812
8815
8816
8818
8819
8822
8823
8825
8826
8831
8832
8834
8840
8841
8843
8844
8845
8847
8849
8850
8852
8859
8861
8862
8863
8865
8866
8880
8881
8883
8884
8885
8888
8890
8891
8893
8895
8897
8898
8900
8902
8903
8905
8908
8912
8917
8920
8923
8925
8928
8930
8932
8936
8938
8939
8940
8942
8951
8954
8956
8959
8960
8961
8963
8967
8968
8970
8972
8977
8978
8979
8980
8983
8990
8993
8995
8998
9000
9002
9004
9007
9008
9009
9010
9014
9017
9018
9019
9020
9021
9024
9027
9029
9030
9033
9034
9035
9042
9043
9044
9045
9049
9052
9059
9062
9065
9067
9069
9070
9074
9075
9078
9080
9081
9087
9088
9094
9099
9100
9105
9107
9112
9113
9114
9117
9119
9121
9123
9125
9128
9131
9133
9135
9137
9138
9143
9148
9149
9151
9152
9153
9154
9155
9160
9169
9174
9175
9176
9178
9180
9181
9187
9196
9197
9199
9200
9202
9205
9208
9210
9212
9213
9216
9218
9220
9222
9225
9227
9229
9230
9231
9232
9233
9234
9235
9239
9240
9241
9243
9244
9253
9254
9255
9257
9259
9261
9263
9264
9266
9267
9274
9276
9277
9280
9281
9282
9284
9285
9286
9287
9290
9292
9297
9298
9299
9301
9304
9305
9306
9313
9316
9321
9328
9329
9331
9337
9338
9340
9341
9342
9347
9351
9357
9358
9366
9367
9369
9372
9378
9387
9393
9394
9395
9397
9398
9400
9402
9410
9411
9416
9418
9419
9424
9434
9435
9436
9437
9440
9451
9456
9457
9458
9459
9460
9465
9467
9469
9471
9477
9478
9479
9481
9482
9483
9488
9495
9496
9497
9498
9499
9503
9506
9512
9514
9515
9519
9523
9525
9527
9533
9535
9538
9541
9546
9552
9556
9557
9562
9564
9569
9573
9575
9576
9579
9581
9584
9586
9587
9589
9595
9596
9597
9602
9609
9611
9613
9620
9622
9625
9630
9642
9648
9649
9656
9657
9660
9668
9669
9672
9675
9678
9684
9689
9692
9693
9695
9701
9704
9705
9707
9708
9711
9712
9714
9717
9720
9721
9725
9729
9730
9731
9733
9734
9738
9739
9740
9745
9746
9747
9749
9753
9755
9757
9758
9763
9764
9765
9768
9771
9773
9784
9785
9790
9791
9792
9798
9799
9802
9804
9805
9806
9810
9814
9815
9822
9825
9827
9830
9833
9841
9842
9844
9845
9847
9848
9849
9850
9853
9855
9856
9861
9862
9865
9868
9870
9872
9874
9877
9880
9881
9882
9883
9884
9885
9890
9892
9895
9897
9898
9899
9900
9901
9902
9904
9906
9907
9908
9926
9927
9932
9933
9938
9945
9949
9953
9956
9961
9967
9970
9972
9974
9976
9991
9995
10000
10003
10007
10010
10014
10019
10020
10024
10025
10026
10028
10029
10032
10033
10034
10036
10037
10038
10040
10042
10045
10046
10047
10052
10053
10054
10055
10058
10059
10060
10067
10069
10071
10072
10080
10082
10083
10084
10086
10087
10088
10089
10090
10092
10093
10100
10101
10103
10105
10106
10108
10110
10111
10116
10118
10123
10124
10132
10134
10139
10142
10150
10151
10152
10154
10155
10165
10169
10173
10176
10177
10178
10180
10182
10183
10184
10185
10187
10191
10195
10196
10201
10203
10206
10207
10212
10213
10216
10217
10218
10220
10225
10226
10227
10231
10232
10233
10236
10240
10242
10244
10251
10256
10259
10268
10270
10271
10274
10276
10277
10278
10281
10282
10292
10294
10297
10298
10299
10300
10301
10304
10305
10307
10317
10318
10319
10322
10324
10327
10328
10330
10331
10332
10336
10340
10341
10342
10344
10352
10356
10357
10361
10362
10367
10373
10375
10382
10384
10385
10387
10388
10396
10399
10405
10407
10408
10414
10415
10417
10419
10423
10424
10425
10426
10427
10428
10432
10435
10439
10442
10449
10451
10453
10454
10455
10457
10458
10459
10462
10473
10475
10478
10485
10487
10488
10495
10497
10499
10501
10504
10506
10507
10510
10514
10517
10524
10526
10533
10537
10540
10549
10551
10554
10556
10557
10558
10561
10562
10565
10566
10570
10571
10573
10574
10577
10578
10580
10581
10586
10589
10590
10591
10593
10597
10602
10604
10617
10620
10621
10622
10624
10625
10628
10629
10632
10633
10637
10638
10642
10646
10648
10652
10654
10659
10662
10664
10665
10666
10668
10670
10671
10673
10674
10675
10677
10683
10684
10687
10691
10696
10698
10699
10701
10705
10707
10711
10712
10718
10720
10722
10723
10724
10725
10729
10730
10731
10733
10734
10738
10742
10750
10751
10756
10759
10760
10762
10765
10767
10769
10771
10772
10775
10778
10782
10784
10794
10799
10802
10806
10810
10811
10815
10817
10825
10826
10827
10837
10839
10840
10841
10842
10848
10850
10852
10854
10856
10864
10866
10869
10872
10873
10874
10875
10880
10881
10884
10888
10889
10891
10892
10893
10895
10896
10899
10904
10909
10915
10917
10920
10922
10923
10929
10932
10933
10934
10938
10939
10941
10945
10947
10961
10966
10968
10970
10989
10992
10995
10999
11000
11009
11011
11014
11016
11018
11023
11029
11030
11031
11036
11039
11040
11044
11048
11049
11050
11054
11055
11058
11061
11063
11065
11066
11067
11069
11071
11072
11074
11075
11077
11079
11082
11083
11086
11087
11088
11090
11111
11115
11116
11120
11123
11124
11126
11127
11128
11130
11131
11132
11135
11139
11140
11142
11143
11144
11147
11150
11151
11152
11153
11155
11157
11159
11161
11162
11163
11165
11166
11169
11171
11174
11175
11177
11179
11181
11185
11190
11191
11192
11194
11195
11196
11197
11198
11200
11203
11206
11208
11212
11213
11215
11216
11227
11238
11240
11241
11246
11248
11253
11255
11256
11260
11261
11266
11270
11271
11273
11277
11280
11282
11285
11286
11287
11289
11293
11294
11295
11296
11297
11299
11300
11304
11305
11308
11309
11313
11315
11318
11323
11324
11327
11332
11335
11337
11338
11345
11347
11351
11361
11362
11365
11368
11370
11371
11374
11375
11376
11378
11380
11384
11386
11389
11392
11393
11399
11403
11404
11407
11410
11417
11419
11421
11422
11423
11428
11430
11434
11435
11440
11441
11444
11449
11450
11454
11456
11460
11465
11467
11478
11482
11483
11492
11493
11495
11496
11501
11502
11505
11513
11514
11516
11517
11519
11521
11522
11523
11525
11528
11530
11535
11536
11537
11543
11544
11546
11547
11552
11554
11559
11562
11563
11564
11567
11568
11569
11572
11573
11576
11577
11578
11579
11586
11587
11589
11592
11595
11599
11602
11606
11614
11616
11620
11622
11626
11629
11630
11631
11632
11639
11640
11642
11643
11651
11661
11662
11663
11664
11666
11670
11671
11673
11674
11675
11680
11681
11683
11688
11693
11694
11696
11697
11700
11703
11704
11705
11710
11712
11713
11716
11717
11718
11722
11725
11726
11727
11731
11732
11735
11737
11739
11743
11746
11747
11748
11751
11757
11762
11770
11778
11780
11783
11784
11786
11790
11791
11792
11793
11795
11796
11797
11799
11802
11804
11805
11806
11811
11812
11815
11818
11819
11821
11823
11826
11827
11828
11829
11830
11831
11832
11833
11837
11838
11839
11840
11841
11842
11843
11848
11853
11857
11859
11864
11865
11872
11874
11877
11881
11882
11885
11889
11892
11893
11897
11898
11900
11901
11902
11904
11909
11910
11911
11913
11915
11917
11919
11925
11929
11936
11937
11941
11942
11944
11946
11948
11950
11952
11957
11958
11959
11967
11968
11969
11970
11972
11973
11975
11977
11982
11983
11984
11985
11989
11992
11993
11999
12001
12002
12004
12008
12009
12012
12013
12014
12017
12020
12021
12022
12029
12030
12031
12034
12035
12038
12039
12040
12041
12051
12054
12058
12060
12061
12063
12072
12076
12078
12079
12081
12086
12089
12090
12094
12096
12099
12100
12106
12116
12122
12124
12126
12129
12131
12133
12136
12137
12141
12143
12144
12145
12148
12149
12152
12154
12156
12158
12159
12160
12161
12162
12163
12164
12165
12167
12168
12169
12170
12172
12175
12187
12188
12190
12195
12197
12198
12200
12202
12204
12206
12208
12213
12214
12221
12223
12225
12229
12230
12232
12234
12237
12239
12242
12243
12248
12257
12260
12264
12270
12277
12278
12281
12282
12283
12284
12292
12293
12295
12298
12299
12310
12311
12313
12314
12316
12320
12322
12323
12326
12330
12331
12338
12342
12344
12345
12350
12355
12362
12363
12364
12365
12367
12368
12369
12370
12371
12375
12377
12381
12384
12385
12389
12391
12393
12397
12399
12400
12406
12408
12409
12414
12423
12424
12425
12427
12435
12437
12438
12446
12449
12450
12451
12454
12462
12465
12467
12470
12471
12472
12473
12475
12476
12480
12486
12489
12494
12495
12505
12507
12508
12518
12520
12524
12527
12528
12529
12530
12534
12536
12538
12541
12544
12545
12546
12548
12549
12551
12554
12562
12563
12564
12567
12572
12578
12579
12583
12585
12587
12592
12595
12596
12598
12600
12607
12608
12609
12613
12616
12627
12629
12630
12638
12643
12644
12656
12657
12659
12660
12666
12668
12669
12671
12672
12676
12681
12682
12687
12690
12694
12698
12702
12703
12704
12706
12709
12710
12711
12712
12713
12714
12715
12721
12727
12728
12730
12732
12734
12735
12739
12744
12748
12751
12752
12754
12758
12763
12766
12768
12772
12773
12779
12781
12783
12785
12790
12793
12794
12800
12802
12805
12807
12808
12812
12817
12818
12819
12820
12825
12827
12833
12834
12836
12840
12846
12847
12851
12852
12857
12858
12864
12866
12868
12871
12873
12882
12892
12896
12898
12901
12905
12912
12914
12917
12918
12922
12926
12929
12930
12932
12936
12943
12944
12945
12948
12951
12955
12959
12962
12969
12970
12971
12972
12973
12974
12975
12980
12981
12982
12984
12985
12987
12989
12990
12995
13002
13005
13008
13022
13023
13024
13027
13028
13029
13035
13037
13040
13043
13046
13049
13054
13055
13060
13065
13066
13069
13077
13081
13083
13084
13088
13090
13093
13095
13099
13104
13112
13113
13119
13127
13129
13134
13136
13138
13144
13145
13156
13159
13162
13164
13166
13167
13168
13172
13174
13175
13179
13180
13182
13187
13189
13192
13193
13195
13198
13199
13200
13203
13205
13207
13211
13213
13216
13221
13223
13225
13227
13228
13230
13234
13235
13236
13238
13243
13246
13250
13253
13257
13266
13271
13274
13276
13281
13282
13283
13285
13288
13293
13301
13302
13304
13305
13308
13311
13312
13316
13318
13319
13321
13325
13328
13329
13334
13337
13338
13341
13342
13345
13351
13354
13357
13359
13363
13372
13376
13377
13383
13389
13390
13392
13395
13401
13403
13405
13410
13416
13419
13421
13425
13427
13428
13430
13445
13447
13452
13455
13460
13461
13464
13469
13471
13474
13477
13482
13485
13491
13493
13495
13497
13499
13501
13503
13504
13505
13506
13507
13510
13511
13512
13514
13515
13519
13520
13521
13526
13527
13529
13531
13532
13537
13539
13545
13546
13549
13553
13554
13557
13560
13562
13566
13567
13568
13569
13571
13572
13573
13580
13582
13586
13589
13594
13595
13600
13602
13603
13605
13607
13608
13614
13615
13616
13618
13621
13627
13631
13634
13635
13636
13642
13647
13649
13656
13664
13665
13666
13668
13669
13670
13671
13672
13674
13676
13678
13681
13682
13689
13691
13704
13705
13707
13708
13709
13713
13717
13718
13719
13721
13722
13725
13727
13729
13730
13732
13737
13742
13743
13747
13748
13753
13760
13762
13763
13765
13766
13768
13772
13774
13777
13780
13781
13782
13790
13792
13793
13806
13807
13810
13811
13813
13814
13822
13827
13828
13829
13830
13831
13832
13842
13845
13849
13850
13851
13852
13853
13857
13859
13861
13866
13869
13871
13874
13875
13877
13880
13882
13885
13891
13893
13895
13897
13898
13899
13902
13903
13909
13912
13913
13920
13921
13922
13930
13933
13939
13947
13951
13954
13956
13959
13964
13968
13971
13981
13982
13986
13988
13989
13990
13994
14001
14007
14008
14010
14012
14013
14014
14016
14023
14025
14028
14029
14037
14038
14049
14051
14053
14056
14060
14062
14066
14071
14072
14073
14075
14079
14082
14085
14086
14087
14090
14099
14101
14103
14104
14105
14107
14111
14114
14115
14119
14120
14125
14126
14127
14131
14133
14143
14150
14172
14173
14177
14178
14187
14190
14207
14208
14213
14214
14220
14223
14225
14226
14228
14233
14238
14244
14246
14247
14249
14254
14256
14258
14261
14262
14263
14269
14270
14272
14273
14274
14276
14277
14280
14281
14282
14286
14287
14290
14291
14294
14298
14299
14301
14302
14303
14305
14309
14312
14313
14318
14322
14323
14326
14331
14333
14342
14343
14344
14348
14350
14352
14354
14357
14358
14360
14364
14366
14368
14369
14375
14378
14379
14385
14387
14388
14391
14392
14400
14406
14408
14410
14412
14414
14415
14421
14422
14423
14427
14431
14435
14440
14442
14443
14446
14454
14455
14460
14462
14463
14465
14468
14471
14473
14474
14476
14477
14478
14482
14492
14493
14497
14499
14501
14502
14511
14514
14517
14518
14519
14521
14523
14528
14529
14530
14531
14534
14537
14542
14546
14547
14548
14550
14555
14556
14558
14560
14562
14565
14566
14573
14576
14580
14581
14585
14588
14593
14594
14595
14599
14600
14602
14604
14605
14609
14610
14613
14616
14617
14618
14620
14622
14628
14629
14633
14634
14636
14637
14641
14643
14646
14650
14651
14653
14658
14659
14662
14663
14664
14666
14668
14671
14672
14676
14679
14680
14681
14685
14687
14688
14690
14691
14695
14697
14701
14703
14704
14707
14712
14716
14717
14720
14721
14723
14729
14738
14741
14742
14744
14745
14746
14748
14751
14755
14756
14761
14763
14765
14768
14769
14780
14784
14787
14788
14794
14795
14797
14801
14805
14806
14809
14816
14818
14819
14822
14824
14826
14832
14834
14838
14840
14842
14847
14849
14851
14852
14855
14856
14862
14865
14867
14870
14873
14875
14876
14877
14880
14883
14884
14885
14886
14890
14891
14895
14898
14899
14901
14902
14910
14911
14922
14923
14926
14927
14928
14935
14937
14938
14939
14944
14947
14948
14951
14955
14957
14959
14960
14963
14966
14969
14974
14977
14978
14981
14984
14992
14994
14995
15002
15004
15005
15008
15012
15015
15022
15025
15027
15034
15035
15038
15040
15041
15044
15046
15048
15051
15056
15058
15061
15062
15066
15070
15073
15074
15078
15082
15083
15085
15087
15089
15091
15100
15101
15105
15106
15111
15113
15114
15118
15120
15121
15122
15123
15126
15127
15130
15131
15136
15138
15141
15143
15146
15149
15157
15167
15168
15170
15177
15178
15183
15185
15187
15193
15194
15195
15196
15198
15199
15200
15201
15202
15207
15209
15211
15212
15216
15224
15225
15227
15228
15230
15231
15232
15234
15244
15245
15246
15247
15248
15251
15253
15256
15257
15263
15264
15275
15276
15283
15285
15286
15288
15292
15294
15295
15299
15301
15303
15304
15307
15309
15311
15314
15315
15316
15317
15319
15322
15323
15326
15327
15329
15333
15334
15338
15339
15341
15342
15344
15346
15349
15350
15351
15355
15357
15359
15361
15362
15363
15364
15369
15371
15373
15374
15375
15376
15383
15384
15385
15386
15392
15396
15399
15400
15403
15404
15412
15414
15418
15421
15427
15431
15439
15440
15441
15442
15445
15447
15448
15458
15460
15463
15466
15468
15472
15475
15476
15479
15482
15483
15486
15490
15493
15497
15502
15503
15505
15508
15509
15510
15511
15522
15523
15524
15525
15531
15532
15534
15535
15540
15541
15546
15550
15551
15556
15558
15559
15564
15565
15566
15567
15571
15572
15575
15576
15577
15580
15581
15583
15584
15589
15590
15591
15596
15597
15598
15599
15604
15606
15609
15616
15617
15619
15620
15622
15623
15625
15626
15631
15638
15640
15642
15644
15647
15663
15665
15670
15671
15672
15676
15682
15683
15686
15687
15688
15690
15692
15694
15695
15696
15708
15711
15712
15714
15718
15720
15721
15726
15727
15728
15730
15732
15736
15740
15741
15743
15744
15746
15747
15748
15750
15753
15755
15758
15760
15761
15762
15767
15768
15769
15770
15771
15775
15776
15779
15781
15787
15792
15793
15801
15802
15807
15808
15811
15812
15815
15816
15818
15819
15820
15822
15824
15827
15828
15829
15830
15832
15833
15836
15837
15838
15839
15841
15844
15845
15850
15854
15856
15857
15862
15866
15869
15870
15872
15873
15874
15875
15882
15884
15886
15889
15890
15892
15896
15902
15904
15905
15906
15907
15909
15911
15914
15915
15916
15918
15927
15931
15932
15933
15934
15937
15939
15944
15945
15948
15953
15954
15957
15958
15961
15962
15966
15967
15969
15970
15971
15973
15975
15985
15986
15990
15991
15992
15993
15997
15998
15999
16000
16001
16009
16014
16017
16019
16021
16022
16026
16027
16029
16030
16031
16034
16035
16037
16038
16040
16041
16043
16045
16046
16053
16057
16060
16061
16069
16071
16074
16075
16080
16082
16083
16085
16087
16088
16089
16091
16092
16095
16096
16097
16098
16102
16108
16109
16115
16120
16122
16129
16131
16136
16138
16141
16152
16158
16159
16161
16165
16171
16173
16177
16181
16182
16183
16185
16188
16189
16195
16199
16200
16201
16202
16205
16208
16212
16213
16220
16221
16226
16228
16231
16232
16236
16237
16238
16239
16240
16241
16244
16246
16247
16253
16254
16256
16260
16262
16263
16266
16273
16284
16287
16288
16290
16295
16296
16298
16301
16306
16308
16310
16311
16313
16316
16321
16324
16326
16332
16334
16336
16337
16339
16341
16343
16347
16348
16349
16350
16352
16353
16358
16362
16363
16366
16367
16368
16372
16375
16378
16384
16389
16390
16392
16395
16396
16398
16399
16400
16406
16408
16412
16414
16417
16419
16420
16423
16424
16425
16430
16431
16438
16440
16441
16442
16445
16447
16450
16451
16452
16454
16457
16458
16460
16477
16479
16480
16481
16486
16488
16489
16490
16494
16498
16499
16507
16518
16519
16521
16526
16530
16531
16535
16536
16541
16542
16544
16546
16547
16552
16554
16559
16561
16564
16566
16567
16569
16572
16575
16576
16580
16581
16582
16583
16588
16592
16601
16603
16605
16608
16609
16611
16615
16617
16618
16619
16621
16622
16623
16624
16628
16630
16633
16634
16636
16637
16641
16646
16647
16652
16653
16654
16656
16659
16660
16662
16664
16668
16672
16673
16675
16676
16677
16678
16679
16681
16682
16683
16684
16687
16688
16695
16699
16700
16703
16704
16705
16711
16712
16713
16715
16716
16723
16725
16729
16741
16744
16751
16752
16753
16754
16755
16756
16757
16760
16761
16762
16764
16770
16773
16774
16776
16777
16779
16783
16788
16789
16794
16795
16796
16797
16798
16800
16802
16804
16808
16810
16812
16813
16815
16816
16817
16820
16821
16822
16823
16825
16828
16830
16834
16839
16840
16843
16845
16846
16847
16852
16854
16859
16862
16869
16870
16875
16882
16885
16889
16890
16891
16892
16893
16894
16895
16904
16914
16915
16916
16917
16922
16929
16931
16934
16937
16938
16942
16945
16947
16956
16963
16965
16972
16973
16974
16976
16977
16978
16979
16981
16983
16986
16988
16994
16995
16997
16999
17000
17001
17003
17005
17006
17008
17009
17024
17026
17027
17029
17031
17033
17034
17036
17038
17040
17043
17045
17046
17051
17054
17055
17057
17060
17063
17066
17071
17074
17081
17087
17091
17092
17097
17103
17105
17107
17108
17111
17112
17118
17123
17132
17139
17145
17148
17150
17164
17166
17167
17170
17174
17177
17180
17182
17184
17185
17189
17193
17200
17201
17202
17219
17220
17221
17228
17231
17245
17248
17250
17256
17260
17261
17263
17264
17265
17266
17268
17270
17272
17273
17274
17278
17280
17281
17283
17286
17289
17293
17294
17298
17299
17301
17306
17314
17317
17319
17320
17321
17324
17325
17328
17329
17334
17339
17340
17342
17345
17346
17348
17349
17352
17353
17355
17356
17358
17359
17366
17372
17375
17379
17380
17382
17385
17393
17394
17395
17396
17400
17401
17403
17405
17409
17410
17416
17417
17419
17421
17422
17423
17429
17431
17433
17436
17437
17438
17444
17458
17459
17461
17463
17468
17471
17476
17479
17484
17485
17486
17487
17488
17490
17493
17494
17502
17504
17506
17507
17510
17513
17514
17515
17516
17531
17532
17533
17537
17540
17541
17548
17549
17554
17558
17567
17568
17572
17574
17579
17581
17582
17583
17586
17590
17591
17592
17602
17606
17611
17612
17617
17619
17620
17621
17629
17630
17632
17634
17637
17644
17650
17654
17660
17663
17665
17667
17670
17675
17677
17678
17679
17680
17688
17689
17690
17692
17712
17713
17714
17716
17723
17726
17728
17729
17734
17738
17741
17742
17747
17753
17756
17759
17760
17764
17766
17768
17769
17770
17772
17773
17774
17776
17777
17781
17782
17783
17785
17789
17791
17792
17793
17794
17795
17803
17805
17806
17814
17815
17818
17823
17827
17828
17829
17830
17834
17838
17840
17842
17843
17844
17848
17851
17855
17857
17866
17871
17873
17878
17879
17881
17883
17884
17885
17886
17887
17889
17890
17896
17901
17904
17905
17906
17909
17914
17918
17919
17920
17922
17929
17930
17932
17935
17938
17940
17942
17943
17949
17950
17952
17956
17957
17960
17961
17969
17970
17971
17974
17977
17978
17979
17981
17985
17989
17991
17992
17998
18011
18012
18013
18017
18019
18020
18023
18027
18028
18032
18033
18034
18035
18036
18037
18049
18050
18053
18055
18059
18060
18062
18064
18067
18068
18074
18077
18079
18080
18083
18084
18088
18089
18091
18098
18099
18101
18111
18114
18119
18124
18126
18128
18130
18131
18133
18135
18137
18141
18142
18150
18152
18154
18155
18163
18164
18168
18173
18175
18182
18183
18184
18189
18192
18193
18197
18198
18200
18201
18202
18203
18204
18207
18208
18210
18213
18216
18220
18221
18225
18231
18232
18233
18235
18238
18239
18241
18244
18248
18250
18260
18263
18265
18266
18268
18270
18273
18274
18275
18277
18283
18286
18287
18289
18293
18296
18297
18302
18303
18306
18308
18316
18317
18318
18323
18324
18327
18330
18332
18339
18341
18343
18344
18345
18348
18349
18351
18352
18354
18355
18358
18359
18361
18362
18363
18365
18370
18374
18378
18379
18381
18385
18395
18398
18401
18410
18411
18412
18417
18422
18423
18424
18425
18435
18437
18440
18442
18443
18446
18447
18449
18450
18451
18452
18453
18454
18459
18460
18461
18464
18466
18471
18472
18477
18478
18479
18483
18486
18487
18492
18494
18495
18496
18497
18500
18503
18504
18506
18508
18510
18517
18519
18523
18526
18527
18537
18538
18539
18541
18542
18543
18553
18558
18560
18563
18564
18565
18566
18569
18574
18576
18586
18591
18593
18597
18607
18608
18609
18612
18616
18618
18619
18620
18623
18624
18628
18630
18633
18638
18640
18642
18646
18647
18648
18649
18653
18654
18657
18663
18664
18665
18666
18669
18672
18675
18676
18677
18678
18683
18686
18687
18688
18690
18691
18693
18699
18701
18702
18703
18704
18705
18708
18709
18712
18713
18716
18721
18722
18724
18725
18726
18730
18731
18732
18734
18736
18740
18741
18744
18746
18749
18750
18758
18760
18761
18766
18767
18768
18777
18785
18786
18787
18788
18792
18796
18802
18803
18811
18812
18815
18820
18824
18826
18829
18832
18835
18839
18841
18843
18846
18847
18859
18866
18873
18879
18881
18885
18886
18893
18894
18895
18896
18898
18900
18901
18903
18905
18909
18913
18914
18934
18936
18939
18943
18951
18954
18956
18958
18961
18966
18969
18970
18971
18972
18973
18978
18982
18983
18991
18994
18997
19004
19008
19011
19012
19016
19018
19020
19022
19029
19032
19033
19034
19039
19040
19044
19046
19047
19048
19051
19053
19055
19057
19060
19061
19066
19071
19077
19079
19080
19081
19082
19083
19085
19086
19087
19088
19089
19090
19093
19095
19096
19098
19102
19104
19107
19108
19111
19112
19114
19120
19123
19125
19127
19129
19133
19135
19136
19144
19155
19158
19166
19172
19173
19174
19176
19178
19189
19200
19203
19204
19207
19210
19213
19214
19216
19217
19218
19227
19228
19231
19234
19237
19241
19242
19244
19249
19264
19267
19269
19272
19274
19276
19277
19282
19286
19287
19288
19289
19291
19297
19302
19304
19305
19309
19310
19314
19315
19317
19322
19324
19325
19326
19328
19330
19331
19332
19335
19338
19340
19341
19343
19347
19350
19352
19359
19361
19363
19368
19370
19373
19374
19375
19376
19377
19378
19380
19387
19390
19397
19399
19401
19402
19403
19410
19411
19416
19417
19418
19421
19422
19425
19428
19430
19431
19437
19438
19439
19442
19446
19449
19451
19453
19457
19459
19461
19468
19470
19474
19476
19478
19479
19484
19485
19487
19489
19490
19505
19506
19508
19524
19525
19528
19531
19533
19534
19535
19545
19547
19552
19553
19556
19557
19558
19559
19564
19569
19570
19572
19575
19576
19577
19580
19584
19586
19590
19591
19594
19597
19598
19599
19603
19604
19605
19606
19607
19608
19614
19616
19622
19626
19629
19632
19633
19639
19640
19642
19647
19650
19653
19657
19659
19660
19662
19664
19667
19671
19676
19681
19683
19684
19688
19690
19691
19692
19695
19698
19699
19700
19701
19703
19712
19715
19717
19719
19721
19722
19724
19725
19726
19728
19732
19740
19743
19744
19745
19747
19748
19750
19751
19753
19755
19756
19757
19759
19764
19765
19766
19768
19774
19775
19782
19784
19787
19788
19792
19798
19800
19806
19808
19814
19817
19822
19824
19825
19827
19828
19832
19834
19839
19843
19847
19848
19850
19855
19856
19861
19863
19864
19865
19866
19868
19875
19877
19878
19879
19884
19886
19887
19888
19899
19903
19905
19906
19908
19909
19913
19918
19921
19923
19929
19930
19935
19937
19941
19942
19947
19948
19949
19951
19953
19965
19969
19975
19976
19978
19983
19991
19992
19999
20002
20009
20013
20014
20015
20018
20019
20021
20022
20023
20026
20032
20034
20035
20037
20038
20040
20044
20045
20058
20059
20060
20062
20067
20070
20071
20074
20075
20078
20084
20085
20086
20089
20092
20093
20095
20099
20102
20103
20105
20106
20107
20108
20113
20115
20116
20120
20123
20125
20127
20128
20130
20134
20135
20138
20140
20143
20149
20154
20155
20157
20159
20161
20163
20164
20171
20172
20173
20174
20176
20177
20179
20181
20182
20183
20184
20187
20190
20195
20196
20197
20206
20207
20208
20215
20223
20227
20228
20229
20231
20233
20235
20238
20239
20240
20248
20250
20251
20254
20257
20260
20261
20263
20264
20265
20272
20274
20277
20281
20284
20289
20290
20291
20293
20294
20300
20305
20311
20312
20315
20317
20320
20321
20324
20325
20329
20331
20333
20335
20338
20340
20341
20343
20353
20358
20360
20361
20363
20365
20371
20372
20374
20375
20376
20377
20379
20383
20385
20387
20394
20395
20398
20399
20400
20401
20403
20407
20410
20421
20424
20426
20427
20433
20434
20442
20444
20451
20455
20462
20463
20467
20469
20470
20472
20474
20477
20478
20481
20488
20489
20490
20491
20497
20501
20503
20504
20508
20514
20516
20519
20523
20525
20526
20530
20531
20532
20535
20540
20544
20554
20555
20556
20557
20558
20560
20561
20562
20566
20568
20569
20571
20575
20576
20580
20583
20585
20594
20596
20598
20600
20605
20607
20608
20614
20619
20620
20623
20624
20625
20627
20636
20637
20638
20639
20641
20642
20648
20650
20655
20656
20661
20663
20666
20670
20675
20677
20680
20684
20685
20687
20689
20692
20704
20705
20711
20712
20718
20720
20726
20727
20731
20733
20734
20737
20741
20742
20746
20758
20759
20761
20762
20768
20769
20771
20772
20775
20779
20781
20782
20784
20785
20790
20791
20792
20795
20800
20801
20805
20811
20812
20818
20820
20821
20822
20825
20826
20833
20835
20837
20838
20839
20841
20842
20845
20846
20847
20849
20850
20853
20856
20857
20861
20863
20866
20867
20868
20870
20872
20873
20875
20876
20877
20888
20891
20892
20893
20897
20898
20908
20911
20915
20917
20922
20925
20933
20936
20937
20951
20953
20954
20957
20958
20959
20960
20961
20964
20967
20969
20972
20974
20985
20986
20989
20990
20996
20999
21000
21010
21014
21015
21017
21021
21023
21030
21033
21034
21036
21041
21043
21048
21051
21056
21059
21060
21063
21066
21067
21071
21075
21076
21078
21082
21086
21088
21089
21091
21093
21094
21101
21102
21103
21104
21106
21112
21114
21118
21119
21120
21125
21128
21134
21139
21140
21144
21147
21154
21156
21162
21163
21168
21172
21175
21179
21184
21185
21194
21195
21197
21202
21209
21215
21218
21220
21225
21227
21230
21231
21235
21236
21238
21239
21242
21243
21244
21248
21253
21257
21258
21260
21267
21269
21270
21276
21278
21279
21281
21283
21286
21287
21293
21294
21302
21306
21309
21310
21318
21319
21321
21323
21332
21334
21338
21339
21342
21346
21347
21354
21355
21356
21360
21361
21363
21364
21369
21370
21373
21375
21376
21380
21384
21385
21386
21387
21389
21390
21394
21396
21397
21404
21411
21413
21418
21419
21424
21427
21436
21437
21438
21441
21443
21444
21445
21447
21448
21453
21455
21458
21459
21460
21463
21464
21466
21468
21471
21472
21473
21477
21478
21479
21481
21482
21488
21490
21493
21495
21498
21503
21504
21506
21507
21513
21515
21518
21520
21521
21523
21524
21528
21529
21536
21537
21541
21542
21546
21547
21549
21551
21558
21559
21560
21565
21567
21568
21572
21573
21574
21575
21579
21583
21590
21592
21593
21594
21596
21603
21605
21610
21613
21614
21615
21616
21619
21620
21621
21623
21624
21626
21629
21631
21634
21635
21638
21639
21641
21644
21646
21647
21651
21658
21661
21664
21666
21667
21668
21674
21676
21677
21680
21681
21682
21683
21688
21689
21691
21693
21694
21695
21696
21697
21698
21702
21705
21706
21708
21709
21711
21713
21714
21716
21719
21721
21724
21725
21727
21730
21732
21734
21735
21742
21743
21745
21746
21747
21749
21753
21762
21764
21766
21768
21770
21773
21774
21776
21778
21779
21780
21782
21786
21788
21793
21796
21799
21802
21803
21807
21808
21810
21814
21815
21817
21818
21820
21824
21828
21831
21832
21834
21837
21839
21842
21843
21847
21848
21849
21857
21869
21870
21871
21874
21875
21878
21880
21881
21884
21885
21893
21894
21899
21901
21902
21906
21909
21911
21912
21914
21915
21918
21919
21920
21922
21926
21927
21929
21930
21935
21936
21937
21945
21946
21947
21948
21950
21951
21952
21957
21961
21962
21965
21966
21967
21977
21979
21980
21982
21987
21988
21990
21991
21992
21999
22002
22006
22008
22009
22011
22013
22014
22038
22039
22040
22042
22045
22046
22047
22052
22067
22074
22075
22078
22079
22082
22084
22100
22106
22107
22111
22113
22114
22115
22117
22120
22124
22125
22129
22130
22131
22136
22138
22141
22142
22144
22147
22149
22150
22153
22154
22156
22158
22161
22162
22165
22171
22173
22175
22177
22178
22183
22186
22191
22206
22209
22214
22216
22222
22234
22239
22241
22245
22249
22253
22255
22257
22259
22261
22263
22264
22269
22270
22271
22272
22273
22277
22279
22291
22292
22296
22297
22299
22303
22305
22306
22307
22308
22309
22310
22314
22315
22317
22320
22323
22324
22326
22327
22329
22330
22332
22334
22336
22338
22345
22348
22350
22351
22354
22355
22356
22357
22358
22362
22369
22378
22379
22381
22382
22383
22388
22393
22398
22403
22404
22405
22409
22410
22414
22419
22422
22429
22430
22431
22434
22437
22439
22440
22444
22445
22446
22448
22449
22454
22460
22462
22463
22465
22467
22468
22469
22470
22472
22474
22476
22482
22486
22487
22488
22489
22494
22495
22497
22498
22499
22501
22504
22505
22506
22508
22511
22512
22516
22518
22520
22521
22525
22529
22530
22531
22533
22535
22541
22542
22548
22549
22550
22553
22558
22559
22561
22563
22565
22572
22576
22578
22582
22584
22586
22587
22590
22596
22597
22599
22604
22605
22608
22615
22616
22617
22619
22621
22623
22625
22627
22630
22632
22636
22638
22639
22641
22642
22643
22649
22655
22657
22662
22664
22666
22668
22673
22674
22684
22690
22701
22703
22705
22706
22708
22713
22714
22716
22720
22721
22722
22724
22728
22731
22732
22735
22736
22739
22745
22748
22755
22756
22759
22762
22764
22765
22766
22767
22770
22771
22780
22782
22784
22788
22789
22792
22793
22794
22796
22798
22800
22801
22802
22809
22810
22812
22816
22824
22825
22827
22828
22830
22831
22837
22838
22839
22840
22849
22850
22851
22856
22858
22859
22861
22862
22863
22872
22873
22874
22875
22876
22884
22886
22888
22889
22893
22900
22903
22910
22911
22915
22917
22921
22923
22926
22928
22931
22933
22937
22940
22950
22951
22958
22962
22972
22981
22990
22999
23001
23002
23004
23005
23009
23010
23016
23019
23024
23026
23028
23029
23030
23032
23033
23043
23048
23050
23052
23055
23059
23060
23063
23065
23066
23069
23072
23076
23077
23079
23080
23087
23092
23093
23095
23097
23108
23109
23111
23118
23119
23120
23130
23136
23139
23140
23141
23142
23143
23144
23150
23151
23152
23153
23154
23155
23157
23162
23164
23167
23171
23172
23174
23175
23180
23185
23186
23187
23189
23191
23198
23201
23202
23204
23205
23214
23223
23226
23229
23231
23235
23240
23241
23249
23252
23253
23255
23257
23258
23259
23263
23270
23273
23277
23281
23286
23288
23293
23296
23297
23298
23307
23309
23310
23312
23315
23320
23325
23326
23327
23332
23334
23338
23340
23342
23346
23348
23350
23352
23361
23362
23363
23367
23370
23374
23377
23378
23382
23383
23392
23395
23396
23398
23399
23405
23413
23415
23419
23424
23427
23428
23430
23434
23437
23438
23439
23441
23446
23447
23448
23454
23456
23457
23458
23460
23461
23466
23470
23476
23482
23487
23492
23496
23498
23501
23504
23505
23508
23509
23518
23519
23521
23524
23525
23527
23531
23537
23539
23540
23546
23547
23555
23556
23560
23564
23565
23567
23568
23571
23573
23574
23575
23579
23580
23581
23583
23584
23585
23589
23592
23605
23607
23608
23609
23610
23619
23627
23632
23634
23637
23639
23649
23650
23651
23654
23655
23657
23658
23659
23660
23662
23663
23665
23669
23670
23674
23675
23678
23681
23690
23691
23692
23697
23700
23702
23703
23708
23712
23713
23717
23720
23722
23724
23732
23735
23740
23748
23754
23758
23763
23772
23773
23779
23780
23781
23787
23789
23790
23796
23798
23799
23800
23811
23812
23819
23821
23823
23827
23835
23836
23843
23847
23849
23850
23854
23855
23856
23858
23861
23863
23867
23869
23871
23872
23878
23879
23890
23891
23893
23894
23897
23898
23905
23906
23907
23909
23912
23921
23922
23923
23926
23929
23931
23932
23933
23937
23938
23948
23950
23953
23955
23958
23964
23967
23969
23973
23974
23976
23977
23978
23980
23982
23985
23987
23989
23993
23994
23998
23999
24002
24003
24004
24005
24008
24011
24013
24014
24016
24018
24022
24023
24027
24030
24033
24034
24035
24039
24043
24049
24062
24066
24070
24071
24072
24076
24077
24079
24081
24082
24083
24085
24086
24087
24090
24091
24093
24094
24095
24099
24100
24102
24109
24112
24114
24116
24118
24119
24123
24126
24127
24129
24131
24133
24138
24141
24148
24150
24151
24161
24162
24165
24171
24173
24174
24183
24190
24191
24195
24198
24201
24203
24205
24206
24207
24209
24217
24221
24222
24227
24229
24230
24231
24232
24233
24236
24237
24238
24242
24248
24249
24250
24251
24254
24256
24258
24259
24262
24263
24265
24269
24270
24273
24276
24278
24284
24291
24293
24296
24297
24302
24305
24308
24310
24311
24315
24317
24319
24321
24329
24333
24336
24338
24341
24349
24356
24357
24363
24366
24372
24374
24375
24377
24382
24388
24392
24397
24398
24400
24401
24402
24404
24405
24408
24409
24410
24411
24413
24414
24425
24427
24431
24432
24446
24451
24453
24456
24457
24461
24462
24464
24465
24467
24468
24470
24473
24475
24476
24479
24481
24484
24491
24492
24495
24496
24499
24500
24501
24505
24508
24510
24512
24514
24519
24524
24525
24527
24530
24534
24535
24537
24540
24544
24552
24553
24561
24563
24565
24568
24569
24570
24572
24577
24580
24585
24592
24601
24605
24606
24607
24616
24617
24618
24620
24623
24625
24636
24640
24642
24644
24648
24649
24652
24655
24656
24657
24661
24671
24676
24677
24681
24682
24684
24686
24693
24698
24699
24714
24716
24717
24721
24722
24723
24725
24729
24730
24732
24735
24739
24741
24742
24749
24753
24754
24757
24760
24763
24766
24767
24768
24769
24772
24773
24776
24779
24782
24783
24784
24788
24790
24791
24792
24793
24794
24798
24807
24813
24815
24818
24826
24828
24829
24831
24832
24833
24834
24840
24845
24847
24852
24854
24855
24862
24864
24869
24870
24873
24874
24875
24877
24879
24884
24885
24886
24894
24895
24897
24898
24899
24900
24901
24902
24916
24919
24921
24925
24926
24927
24931
24934
24937
24940
24941
24947
24948
24951
24952
24954
24956
24959
24960
24962
24966
24970
24975
24977
24979
24982
24983
24985
24986
24987
24995
25002
25005
25009
25012
25013
25017
25018
25021
25025
25026
25030
25038
25039
25041
25045
25052
25056
25057
25059
25060
25061
25064
25065
25067
25071
25079
25081
25087
25088
25089
25091
25092
25095
25098
25101
25103
25106
25119
25122
25124
25127
25129
25131
25133
25134
25136
25143
25147
25148
25151
25154
25156
25157
25170
25178
25182
25186
25187
25188
25190
25191
25192
25194
25195
25196
25197
25204
25205
25206
25221
25224
25226
25227
25228
25230
25233
25236
25239
25243
25244
25249
25254
25258
25259
25261
25264
25270
25274
25279
25283
25286
25287
25288
25292
25296
25297
25298
25300
25305
25310
25311
25312
25313
25315
25316
25319
25327
25328
25331
25337
25346
25347
25348
25350
25352
25353
25356
25357
25362
25364
25367
25373
25374
25383
25386
25388
25389
25391
25392
25398
25400
25401
25402
25403
25407
25415
25416
25421
25424
25425
25427
25428
25430
25435
25438
25440
25441
25442
25444
25447
25450
25453
25456
25460
25463
25466
25467
25471
25475
25480
25481
25482
25483
25484
25486
25487
25488
25496
25499
25500
25505
25506
25507
25511
25515
25516
25518
25522
25540
25541
25544
25546
25551
25552
25553
25555
25556
25557
25560
25562
25565
25576
25588
25590
25593
25594
25603
25608
25609
25610
25612
25614
25615
25617
25623
25625
25626
25628
25630
25633
25635
25636
25639
25641
25644
25645
25646
25652
25654
25655
25661
25663
25670
25671
25677
25682
25684
25694
25696
25697
25698
25700
25702
25703
25704
25707
25709
25714
25715
25716
25717
25720
25725
25728
25737
25738
25743
25746
25749
25751
25756
25759
25763
25767
25772
25777
25782
25785
25787
25789
25791
25795
25797
25800
25802
25806
25809
25811
25814
25820
25824
25831
25835
25842
25847
25848
25852
25853
25854
25859
25861
25863
25868
25869
25871
25875
25876
25877
25878
25881
25886
25887
25893
25895
25896
25897
25898
25900
25901
25906
25907
25909
25915
25920
25921
25924
25925
25927
25929
25930
25931
25933
25939
25941
25943
25946
25950
25951
25953
25954
25955
25956
25963
25966
25967
25968
25970
25975
25979
25980
25983
25984
25985
25987
25993
25995
25996
26006
26010
26011
26024
26025
26029
26030
26031
26032
26035
26036
26044
26046
26047
26048
26049
26050
26061
26066
26067
26068
26070
26075
26078
26081
26085
26087
26088
26101
26104
26108
26112
26116
26123
26128
26131
26133
26135
26137
26143
26145
26146
26150
26151
26152
26153
26165
26167
26174
26177
26183
26184
26188
26189
26196
26201
26203
26207
26208
26211
26214
26226
26227
26234
26240
26241
26242
26246
26247
26250
26251
26254
26257
26258
26261
26265
26271
26280
26281
26282
26285
26291
26294
26295
26299
26301
26303
26306
26308
26311
26314
26315
26317
26319
26322
26323
26325
26330
26334
26342
26345
26348
26349
26355
26357
26360
26361
26362
26364
26365
26369
26370
26373
26376
26377
26384
26385
26386
26387
26391
26392
26398
26399
26400
26402
26403
26404
26415
26416
26417
26418
26428
26430
26438
26440
26444
26446
26449
26455
26458
26460
26467
26468
26473
26479
26484
26487
26490
26492
26493
26498
26503
26504
26505
26507
26511
26513
26517
26518
26521
26525
26527
26530
26532
26533
26535
26539
26542
26548
26549
26553
26554
26555
26560
26563
26564
26565
26567
26568
26572
26576
26577
26582
26590
26593
26597
26599
26604
26618
26619
26621
26623
26630
26634
26640
26644
26648
26654
26657
26662
26663
26664
26666
26667
26668
26672
26673
26676
26678
26685
26691
26693
26695
26697
26698
26700
26703
26708
26716
26718
26720
26721
26734
26735
26738
26739
26742
26744
26749
26762
26766
26769
26772
26773
26774
26776
26779
26793
26796
26798
26799
26801
26804
26805
26808
26814
26815
26825
26826
26830
26832
26837
26840
26841
26843
26844
26845
26847
26848
26849
26854
26857
26863
26865
26866
26870
26872
26874
26877
26878
26879
26886
26887
26889
26890
26892
26897
26898
26899
26900
26906
26908
26914
26919
26920
26924
26925
26926
26930
26931
26932
26935
26945
26946
26947
26957
26958
26963
26964
26966
26969
26974
26975
26977
26978
26982
26985
26987
26992
26993
26995
26999
27000
27002
27003
27007
27008
27009
27013
27014
27016
27020
27023
27027
27028
27030
27032
27034
27035
27036
27037
27038
27039
27042
27044
27045
27047
27048
27049
27054
27060
27068
27069
27070
27071
27072
27073
27076
27079
27080
27085
27086
27087
27088
27089
27091
27093
27098
27102
27103
27106
27108
27109
27112
27117
27118
27124
27127
27128
27132
27135
27139
27140
27144
27146
27147
27150
27151
27153
27155
27156
27157
27160
27161
27164
27167
27169
27171
27175
27176
27177
27181
27190
27201
27202
27204
27209
27210
27216
27219
27220
27221
27227
27229
27231
27232
27234
27237
27238
27241
27249
27251
27252
27253
27256
27257
27259
27264
27267
27268
27269
27270
27271
27274
27280
27281
27286
27289
27291
27292
27293
27302
27305
27309
27311
27314
27316
27317
27327
27334
27338
27339
27341
27342
27347
27352
27354
27355
27357
27365
27366
27369
27371
27372
27374
27378
27380
27381
27383
27384
27386
27387
27388
27390
27391
27392
27393
27394
27395
27396
27399
27400
27402
27411
27416
27418
27419
27421
27425
27429
27430
27431
27432
27434
27436
27437
27438
27439
27445
27447
27448
27449
27451
27454
27455
27458
27462
27464
27466
27467
27468
27477
27479
27484
27488
27493
27497
27498
27502
27504
27505
27507
27509
27510
27513
27514
27517
27520
27521
27525
27529
27531
27538
27539
27542
27543
27549
27552
27562
27563
27565
27567
27569
27572
27573
27575
27576
27577
27581
27587
27604
27606
27607
27613
27618
27621
27623
27628
27630
27634
27636
27637
27640
27643
27644
27648
27651
27652
27654
27657
27658
27661
27662
27665
27666
27674
27683
27684
27685
27686
27691
27693
27697
27699
27700
27702
27704
27707
27710
27711
27718
27733
27735
27738
27740
27742
27744
27745
27747
27751
27752
27753
27755
27765
27767
27776
27778
27785
27787
27790
27792
27796
27800
27801
27807
27810
27811
27818
27820
27828
27829
27832
27834
27835
27837
27838
27839
27840
27841
27842
27851
27853
27856
27857
27861
27865
27867
27869
27872
27873
27875
27879
27881
27883
27892
27895
27896
27902
27904
27905
27907
27908
27916
27926
27927
27928
27929
27931
27932
27935
27947
27948
27949
27952
27955
27959
27961
27964
27967
27977
27979
27980
27982
27983
27993
27994
28005
28008
28010
28017
28019
28022
28024
28025
28027
28029
28033
28035
28040
28044
28048
28049
28050
28051
28054
28056
28058
28062
28064
28067
28068
28070
28072
28074
28075
28082
28084
28087
28088
28090
28094
28108
28111
28113
28119
28121
28124
28125
28127
28129
28131
28132
28136
28138
28142
28145
28146
28151
28154
28156
28159
28163
28170
28174
28176
28179
28182
28183
28184
28186
28190
28193
28197
28199
28200
28206
28207
28210
28214
28217
28223
28224
28226
28231
28236
28243
28248
28252
28253
28255
28260
28261
28267
28271
28272
28275
28276
28281
28282
28285
28287
28295
28296
28297
28300
28303
28304
28305
28306
28317
28319
28320
28323
28326
28334
28335
28337
28338
28340
28344
28345
28346
28347
28357
28362
28366
28367
28384
28389
28392
28403
28408
28409
28411
28415
28416
28419
28421
28431
28435
28436
28438
28442
28443
28448
28451
28453
28457
28460
28461
28462
28463
28466
28469
28473
28477
28484
28485
28488
28492
28496
28498
28500
28501
28505
28509
28512
28513
28514
28517
28518
28520
28523
28534
28538
28540
28544
28547
28548
28558
28559
28563
28572
28575
28576
28583
28584
28588
28594
28595
28596
28600
28603
28606
28610
28617
28621
28623
28624
28625
28631
28632
28633
28638
28639
28642
28649
28653
28657
28660
28661
28666
28667
28671
28672
28673
28675
28678
28679
28687
28690
28692
28702
28703
28709
28710
28712
28717
28721
28724
28725
28726
28730
28731
28732
28738
28739
28742
28748
28749
28753
28754
28757
28759
28761
28763
28767
28768
28769
28770
28771
28772
28774
28778
28779
28780
28783
28789
28790
28792
28793
28795
28797
28798
28801
28802
28813
28814
28816
28817
28819
28820
28823
28826
28827
28829
28831
28835
28837
28840
28841
28843
28846
28851
28857
28859
28861
28862
28865
28868
28869
28870
28871
28873
28878
28880
28881
28885
28887
28890
28891
28893
28894
28896
28897
28898
28910
28911
28914
28915
28918
28920
28926
28937
28940
28942
28951
28953
28956
28959
28962
28964
28966
28968
28969
28975
28984
28986
28987
28989
28990
28992
28994
29002
29003
29006
29007
29010
29011
29012
29013
29016
29017
29021
29022
29024
29025
29027
29029
29031
29036
29038
29041
29043
29044
29045
29050
29054
29057
29059
29060
29061
29077
29078
29088
29091
29094
29095
29104
29107
29109
29110
29112
29113
29114
29115
29117
29118
29124
29127
29130
29131
29137
29138
29139
29143
29145
29147
29149
29150
29151
29156
29157
29163
29168
29171
29177
29180
29182
29185
29186
29188
29193
29197
29205
29206
29207
29210
29211
29213
29215
29216
29218
29227
29228
29238
29240
29245
29246
29249
29251
29252
29253
29260
29262
29265
29266
29267
29270
29271
29275
29277
29278
29281
29282
29283
29284
29285
29293
29298
29299
29300
29305
29306
29307
29310
29312
29313
29314
29318
29319
29323
29324
29330
29332
29335
29337
29340
29341
29343
29347
29348
29349
29351
29352
29354
29359
29363
29366
29386
29393
29398
29400
29402
29408
29411
29414
29416
29422
29425
29430
29431
29434
29437
29438
29440
29442
29448
29449
29451
29453
29461
29462
29464
29465
29469
29471
29475
29476
29479
29483
29484
29488
29492
29493
29495
29500
29501
29503
29506
29507
29508
29513
29516
29517
29521
29528
29532
29533
29534
29536
29538
29539
29541
29543
29549
29553
29554
29560
29561
29562
29564
29570
29572
29573
29575
29596
29599
29606
29610
29613
29615
29616
29617
29621
29622
29623
29628
29635
29641
29643
29644
29649
29654
29655
29658
29659
29661
29663
29664
29669
29670
29672
29673
29674
29675
29685
29687
29688
29690
29691
29692
29699
29702
29707
29715
29717
29725
29732
29736
29738
29741
29743
29744
29748
29751
29753
29754
29755
29757
29760
29769
29771
29786
29791
29792
29798
29801
29805
29809
29810
29811
29812
29816
29818
29820
29822
29823
29826
29827
29828
29833
29839
29840
29845
29846
29848
29849
29852
29853
29854
29855
29860
29861
29862
29863
29865
29867
29868
29874
29876
29877
29881
29882
29883
29887
29889
29892
29900
29903
29908
29909
29910
29911
29913
29915
29922
29924
29925
29926
29929
29930
29935
29936
29937
29941
29942
29945
29947
29950
29954
29955
29957
29958
29959
29961
29973
29976
29979
29982
29994
29998
30000
30003
30007
30011
30012
30013
30017
30018
30019
30020
30021
30024
30025
30027
30028
30038
30041
30044
30053
30056
30057
30059
30060
30062
30067
30075
30076
30082
30084
30086
30094
30097
30098
30100
30101
30104
30105
30109
30110
30113
30115
30119
30123
30124
30128
30130
30138
30140
30143
30144
30145
30147
30149
30151
30152
30153
30156
30158
30159
30160
30164
30167
30168
30170
30171
30172
30173
30178
30179
30180
30182
30183
30185
30196
30197
30200
30202
30207
30208
30210
30217
30219
30221
30222
30227
30231
30235
30237
30242
30244
30247
30252
30257
30258
30260
30262
30268
30269
30272
30277
30279
30282
30292
30293
30295
30297
30300
30301
30304
30305
30310
30311
30312
30313
30317
30318
30322
30324
30328
30329
30334
30335
30339
30345
30347
30349
30352
30354
30355
30360
30361
30368
30369
30370
30372
30373
30377
30378
30380
30383
30385
30389
30390
30391
30393
30395
30397
30400
30401
30403
30404
30406
30411
30413
30415
30417
30418
30420
30422
30424
30429
30432
30433
30437
30440
30442
30446
30450
30453
30455
30460
30462
30463
30466
30467
30468
30472
30482
30485
30486
30492
30493
30494
30497
30498
30499
30503
30504
30505
30507
30511
30513
30514
30515
30517
30520
30525
30528
30530
30533
30534
30537
30540
30541
30542
30543
30546
30547
30549
30550
30551
30553
30555
30557
30558
30559
30561
30562
30563
30566
30569
30571
30576
30577
30592
30593
30595
30596
30604
30605
30607
30610
30615
30616
30619
30620
30624
30627
30628
30636
30638
30641
30642
30650
30653
30655
30657
30663
30665
30667
30669
30673
30674
30676
30677
30682
30684
30685
30689
30697
30699
30702
30704
30706
30707
30714
30715
30718
30720
30723
30725
30738
30739
30740
30744
30746
30749
30750
30753
30755
30756
30758
30759
30779
30783
30785
30787
30789
30790
30792
30793
30794
30795
30796
30797
30799
30804
30806
30807
30808
30810
30813
30816
30819
30822
30823
30827
30828
30831
30832
30834
30836
30837
30838
30839
30843
30844
30845
30847
30848
30849
30851
30853
30854
30857
30858
30859
30864
30875
30878
30883
30884
30885
30887
30890
30892
30893
30895
30896
30897
30907
30908
30909
30911
30912
30917
30918
30922
30927
30928
30934
30935
30936
30942
30944
30951
30956
30958
30959
30961
30962
30964
30968
30971
30973
30976
30978
30981
30982
30984
30985
30990
30993
30995
30999
31000
31003
31004
31006
31007
31009
31013
31014
31015
31017
31020
31024
31025
31026
31030
31034
31042
31045
31048
31051
31052
31054
31057
31060
31061
31067
31069
31077
31080
31082
31084
31085
31098
31100
31106
31107
31110
31113
31116
31118
31121
31128
31129
31130
31131
31132
31136
31138
31139
31140
31141
31142
31144
31147
31148
31155
31161
31163
31164
31167
31172
31175
31176
31178
31181
31187
31191
31194
31197
31198
31205
31206
31207
31208
31211
31214
31215
31219
31224
31227
31229
31236
31238
31240
31244
31246
31247
31250
31252
31254
31256
31259
31261
31263
31269
31278
31284
31288
31290
31291
31292
31293
31299
31300
31301
31304
31307
31308
31311
31313
31314
31315
31316
31320
31322
31324
31328
31329
31330
31332
31333
31337
31341
31342
31343
31347
31351
31353
31356
31357
31358
31360
31361
31366
31367
31371
31374
31378
31380
31382
31383
31385
31386
31389
31395
31399
31400
31404
31410
31411
31413
31414
31415
31418
31419
31420
31424
31429
31430
31431
31434
31435
31440
31443
31444
31445
31446
31447
31452
31454
31456
31462
31466
31471
31474
31478
31483
31484
31490
31491
31496
31497
31499
31502
31504
31505
31507
31513
31514
31518
31521
31524
31525
31527
31529
31535
31537
31539
31547
31549
31551
31553
31555
31560
31566
31569
31572
31582
31584
31586
31588
31590
31592
31598
31607
31609
31613
31620
31624
31625
31626
31628
31629
31630
31631
31633
31637
31642
31644
31646
31650
31651
31654
31663
31669
31670
31672
31673
31676
31679
31690
31691
31692
31696
31697
31699
31701
31707
31709
31712
31715
31716
31719
31720
31722
31723
31724
31728
31731
31732
31733
31735
31737
31740
31749
31754
31755
31758
31759
31760
31762
31763
31764
31767
31768
31770
31773
31774
31775
31776
31781
31782
31784
31786
31788
31789
31790
31792
31797
31799
31803
31805
31806
31807
31812
31813
31814
31816
31827
31828
31832
31834
31840
31852
31854
31855
31859
31862
31863
31870
31872
31874
31878
31882
31884
31886
31887
31888
31890
31891
31897
31898
31899
31900
31903
31905
31910
31915
31918
31919
31923
31925
31927
31928
31935
31939
31940
31944
31949
31951
31958
31961
31962
31963
31968
31970
31974
31976
31978
31979
31980
31981
31988
31989
31992
31994
31997
31999
32005
32006
32008
32009
32020
32021
32022
32024
32025
32031
32038
32039
32051
32052
32054
32055
32056
32060
32061
32069
32074
32086
32091
32092
32093
32095
32099
32101
32103
32108
32112
32113
32117
32118
32119
32129
32131
32136
32139
32141
32163
32165
32167
32171
32180
32181
32187
32188
32189
32191
32193
32202
32206
32207
32208
32210
32215
32216
32220
32223
32224
32228
32232
32233
32241
32249
32251
32253
32254
32255
32258
32261
32263
32269
32273
32275
32281
32284
32287
32288
32289
32294
32298
32300
32304
32307
32309
32310
32311
32312
32316
32321
32323
32331
32333
32337
32339
32340
32342
32351
32353
32356
32359
32360
32362
32364
32366
32367
32370
32371
32373
32375
32383
32386
32389
32390
32393
32394
32399
32402
32407
32419
32421
32423
32425
32426
32427
32428
32429
32430
32433
32436
32437
32439
32441
32444
32446
32448
32449
32451
32456
32458
32460
32461
32463
32466
32472
32473
32474
32477
32479
32481
32487
32489
32490
32499
32500
32501
32502
32505
32512
32514
32515
32519
32521
32526
32527
32528
32531
32539
32541
32547
32549
32550
32552
32554
32555
32558
32561
32563
32565
32575
32577
32589
32590
32591
32593
32594
32595
32596
32597
32600
32602
32610
32611
32612
32613
32617
32620
32622
32626
32627
32630
32640
32642
32645
32646
32653
32656
32658
32662
32667
32674
32675
32681
32684
32685
32687
32691
32694
32697
32698
32703
32705
32707
32709
32713
32714
32716
32719
32720
32722
32728
32730
32731
32733
32734
32736
32738
32743
32744
32745
32749
32750
32752
32756
32763
32764
32765
32767
