15 3276
0
1
3
18
30
31
42
52
53
67
78
84
88
98
104
105
106
110
111
114
120
128
130
135
175
183
196
203
208
210
219
233
243
272
282
288
311
313
341
350
377
398
401
407
408
409
427
429
436
437
438
447
455
478
480
484
510
523
524
543
546
549
551
559
561
568
583
610
614
619
628
638
649
679
688
696
710
724
725
727
731
745
754
756
776
784
800
805
807
813
814
816
824
842
847
867
877
879
888
897
898
927
939
944
958
963
980
998
1005
1012
1016
1019
1027
1049
1054
1058
1067
1072
1074
1081
1087
1088
1102
1122
1128
1135
1145
1152
1162
1165
1195
1198
1199
1201
1208
1221
1227
1234
1244
1260
1264
1266
1278
1294
1307
1330
1339
1357
1372
1385
1392
1394
1407
1427
1445
1450
1462
1474
1500
1506
1507
1512
1518
1522
1528
1553
1560
1573
1591
1595
1600
1645
1652
1656
1670
1727
1728
1731
1748
1749
1764
1774
1779
1784
1785
1794
1798
1800
1811
1814
1817
1820
1828
1829
1831
1837
1851
1855
1857
1868
1880
1883
1893
1906
1908
1910
1913
1914
1929
1937
1961
1976
1978
1981
1985
2000
2007
2018
2033
2035
2037
2046
2053
2059
2070
2073
2079
2080
2082
2083
2095
2124
2139
2147
2154
2168
2172
2177
2180
2185
2186
2193
2210
2213
2221
2238
2245
2253
2255
2268
2283
2298
2327
2339
2340
2348
2351
2355
2371
2374
2399
2404
2449
2450
2452
2485
2495
2513
2514
2524
2525
2537
2550
2556
2560
2582
2586
2591
2603
2606
2609
2648
2651
2659
2667
2669
2678
2681
2685
2692
2699
2709
2715
2726
2735
2738
2739
2756
2768
2773
2780
2794
2811
2814
2816
2821
2825
2826
2832
2838
2840
2850
2852
2859
2862
2876
2925
2953
2956
2962
2978
2982
3008
3012
3032
3033
3037
3045
3053
3062
3093
3106
3111
3117
3122
3131
3138
3139
3156
3160
3172
3177
3183
3188
3191
3204
3210
3227
3229
3242
3257
3266
3286
3297
3314
3339
3356
3362
3367
3371
3379
3380
3386
3392
3402
3405
3420
3427
3431
3439
3440
3443
3473
3486
3493
3508
3510
3519
3527
3533
3534
3541
3542
3548
3549
3554
3570
3592
3594
3620
3626
3635
3642
3654
3657
3659
3661
3667
3688
3707
3742
3759
3781
3782
3788
3803
3817
3826
3828
3835
3839
3843
3845
3854
3855
3858
3859
3875
3878
3889
3896
3901
3911
3928
3942
3972
3973
3974
3980
3982
3997
3998
4001
4006
4012
4016
4035
4050
4052
4063
4066
4092
4093
4105
4112
4116
4124
4144
4159
4169
4175
4187
4197
4207
4217
4220
4223
4225
4229
4232
4250
4251
4252
4276
4280
4286
4290
4291
4299
4315
4321
4323
4330
4347
4373
4378
4390
4391
4401
4407
4417
4428
4433
4439
4446
4447
4471
4502
4520
4524
4541
4543
4551
4563
4589
4596
4609
4612
4625
4628
4629
4634
4639
4640
4647
4649
4652
4653
4654
4663
4669
4675
4685
4698
4719
4720
4721
4741
4769
4774
4779
4782
4784
4786
4793
4798
4804
4808
4814
4824
4830
4846
4853
4854
4862
4863
4905
4909
4920
4933
4941
4951
4955
4960
4983
5019
5020
5029
5030
5036
5039
5045
5048
5052
5054
5057
5072
5090
5100
5101
5105
5113
5128
5150
5158
5163
5187
5195
5198
5200
5206
5212
5225
5234
5236
5257
5272
5283
5285
5292
5296
5300
5305
5313
5325
5338
5340
5379
5384
5394
5400
5401
5410
5412
5427
5429
5433
5436
5440
5443
5448
5478
5492
5505
5522
5531
5537
5543
5545
5557
5563
5573
5575
5576
5585
5586
5589
5599
5605
5611
5620
5621
5634
5638
5640
5644
5650
5663
5682
5683
5685
5709
5719
5721
5732
5738
5745
5777
5782
5783
5788
5799
5818
5832
5840
5845
5909
5912
5921
5924
5949
5958
5969
5971
5973
5975
5979
5985
6006
6008
6028
6054
6055
6113
6151
6158
6162
6163
6167
6210
6222
6224
6233
6251
6252
6260
6267
6274
6276
6288
6289
6297
6324
6339
6340
6341
6342
6351
6373
6382
6385
6421
6448
6454
6460
6461
6485
6494
6501
6502
6503
6514
6531
6553
6572
6588
6596
6626
6630
6635
6640
6642
6660
6663
6680
6690
6701
6714
6723
6727
6744
6758
6766
6774
6791
6797
6800
6806
6807
6814
6820
6823
6826
6835
6840
6847
6861
6864
6870
6890
6901
6920
6947
6993
6994
7001
7005
7007
7010
7012
7025
7032
7036
7050
7054
7070
7097
7151
7168
7181
7187
7197
7201
7204
7217
7218
7227
7278
7291
7306
7333
7339
7350
7351
7361
7369
7384
7410
7428
7448
7452
7458
7459
7471
7499
7511
7519
7533
7535
7544
7549
7559
7563
7582
7606
7609
7614
7616
7654
7660
7663
7681
7682
7701
7704
7706
7722
7733
7734
7752
7788
7792
7807
7811
7824
7844
7849
7878
7903
7916
7927
7934
7943
7959
7961
7978
8016
8022
8034
8037
8040
8060
8079
8088
8102
8111
8114
8118
8135
8143
8158
8159
8168
8182
8184
8186
8188
8208
8216
8218
8223
8239
8255
8261
8264
8267
8309
8310
8322
8340
8366
8382
8386
8389
8397
8403
8406
8410
8422
8423
8440
8460
8475
8519
8530
8536
8549
8554
8556
8559
8570
8571
8578
8595
8622
8626
8664
8672
8690
8708
8723
8725
8726
8736
8737
8747
8749
8753
8761
8762
8770
8787
8801
8810
8811
8815
8822
8826
8843
8844
8845
8859
8862
8884
8888
8893
8908
8920
8940
8954
8979
8980
8983
9000
9017
9018
9019
9021
9034
9042
9043
9052
9059
9067
9074
9088
9100
9107
9114
9119
9123
9125
9137
9138
9148
9149
9152
9153
9169
9197
9199
9212
9216
9225
9227
9235
9239
9241
9254
9261
9264
9266
9276
9284
9286
9287
9297
9299
9301
9306
9316
9321
9331
9340
9369
9387
9395
9400
9402
9411
9416
9418
9419
9434
9440
9456
9460
9467
9479
9498
9514
9523
9527
9533
9546
9557
9562
9569
9584
9586
9587
9596
9597
9622
9625
9649
9669
9684
9689
9695
9707
9711
9712
9765
9771
9785
9804
9810
9822
9825
9830
9841
9844
9849
9884
9885
9892
9901
9906
9907
9908
9945
9953
9970
9991
10007
10020
10025
10028
10029
10033
10036
10037
10038
10042
10045
10069
10072
10082
10083
10084
10086
10087
10088
10103
10105
10106
10116
10118
10132
10169
10173
10176
10178
10184
10185
10203
10213
10216
10217
10218
10274
10282
10292
10297
10317
10322
10331
10340
10341
10356
10382
10385
10414
10415
10419
10426
10427
10428
10439
10451
10453
10454
10457
10458
10475
10488
10506
10507
10514
10524
10526
10533
10540
10558
10570
10577
10581
10593
10602
10625
10629
10638
10648
10652
10654
10662
10666
10674
10683
10698
10699
10701
10720
10722
10738
10750
10751
10756
10767
10775
10778
10782
10811
10817
10837
10841
10842
10848
10850
10854
10856
10866
10875
10881
10884
10888
10889
10891
10892
10899
10904
10917
10920
10922
10929
10961
10989
11009
11011
11016
11018
11023
11031
11058
11066
11072
11082
11088
11111
11115
11123
11127
11130
11139
11143
11144
11152
11162
11175
11206
11212
11213
11238
11248
11255
11256
11273
11280
11285
11286
11289
11294
11304
11324
11347
11368
11370
11380
11392
11404
11417
11419
11454
11465
11467
11482
11492
11495
11522
11528
11535
11543
11546
11552
11559
11567
11576
11586
11602
11626
11643
11651
11671
11673
11683
11688
11710
11716
11717
11731
11746
11747
11751
11757
11783
11792
11804
11805
11815
11819
11823
11826
11828
11829
11833
11840
11841
11843
11859
11864
11874
11892
11898
11900
11901
11929
11937
11946
11957
11958
11959
11975
11982
11983
11992
12004
12008
12009
12014
12017
12031
12051
12054
12061
12076
12086
12094
12096
12100
12122
12126
12137
12145
12148
12149
12152
12165
12168
12169
12172
12195
12202
12208
12221
12229
12232
12237
12242
12243
12278
12316
12326
12331
12344
12363
12368
12389
12391
12408
12414
12423
12425
12438
12462
12471
12475
12480
12486
12489
12528
12562
12563
12564
12567
12572
12578
12579
12583
12596
12608
12609
12613
12630
12644
12676
12681
12706
12711
12727
12730
12754
12766
12781
12783
12805
12807
12817
12847
12851
12852
12892
12896
12905
12918
12930
12932
12936
12955
12985
12990
13002
13024
13037
13040
13054
13069
13081
13119
13129
13156
13180
13189
13195
13198
13199
13200
13203
13221
13227
13234
13253
13257
13281
13302
13311
13328
13334
13337
13345
13351
13363
13372
13392
13403
13421
13445
13455
13464
13471
13482
13499
13514
13529
13532
13537
13546
13560
13566
13571
13582
13605
13607
13618
13627
13635
13636
13647
13666
13672
13676
13705
13707
13708
13717
13721
13722
13725
13730
13732
13753
13763
13765
13792
13814
13822
13829
13830
13832
13842
13845
13849
13851
13853
13875
13877
13880
13891
13898
13899
13902
13909
13954
13968
13982
13990
14008
14037
14066
14087
14104
14111
14114
14115
14120
14127
14143
14172
14177
14178
14207
14220
14223
14249
14274
14277
14282
14286
14291
14299
14301
14312
14331
14342
14350
14358
14369
14387
14388
14414
14446
14455
14460
14465
14478
14482
14502
14511
14514
14518
14529
14534
14537
14560
14565
14581
14599
14600
14602
14620
14628
14629
14633
14641
14653
14659
14663
14666
14671
14679
14680
14681
14685
14688
14691
14701
14703
14716
14720
14723
14745
14763
14765
14780
14787
14788
14794
14797
14801
14816
14819
14840
14856
14876
14877
14883
14886
14895
14922
14923
14937
14939
14944
14995
15025
15027
15038
15041
15044
15048
15062
15066
15070
15078
15083
15106
15120
15127
15130
15143
15177
15178
15185
15194
15196
15209
15212
15227
15244
15248
15263
15285
15294
15311
15314
15315
15319
15323
15326
15329
15333
15334
15342
15350
15363
15385
15403
15412
15418
15427
15440
15441
15476
15479
15497
15510
15525
15534
15540
15550
15565
15571
15572
15581
15596
15599
15619
15620
15625
15640
15647
15672
15696
15708
15718
15736
15741
15760
15761
15775
15776
15781
15793
15801
15808
15811
15812
15816
15822
15824
15827
15828
15837
15854
15866
15874
15882
15884
15902
15905
15927
15934
15937
15948
15954
15957
15971
15986
15997
16000
16001
16021
16022
16029
16031
16034
16038
16046
16057
16069
16071
16085
16087
16092
16108
16115
16120
16141
16152
16161
16177
16181
16231
16240
16241
16246
16253
16254
16263
16288
16298
16311
16336
16343
16358
16362
16372
16375
16392
16395
16420
16424
16438
16440
16441
16442
16445
16451
16454
16460
16480
16481
16494
16521
16526
16531
16536
16541
16547
16569
16572
16576
16580
16581
16582
16592
16603
16609
16618
16619
16621
16637
16652
16653
16668
16672
16673
16681
16682
16687
16688
16704
16711
16715
16716
16723
16725
16729
16744
16756
16770
16779
16783
16802
16810
16816
16821
16823
16828
16830
16845
16846
16847
16869
16882
16885
16894
16931
16934
16937
16938
16947
16976
16977
16995
16997
17001
17024
17026
17031
17034
17036
17038
17045
17097
17107
17112
17150
17180
17189
17221
17248
17260
17264
17265
17268
17274
17280
17281
17289
17294
17298
17299
17320
17345
17349
17375
17379
17393
17396
17400
17401
17403
17409
17417
17463
17485
17504
17510
17515
17548
17568
17574
17611
17617
17630
17632
17637
17644
17675
17678
17680
17688
17714
17726
17728
17742
17753
17759
17773
17777
17792
17805
17814
17818
17843
17844
17855
17873
17887
17890
17918
17930
17942
17952
17970
17977
17978
17989
17992
18013
18017
18019
18020
18023
18034
18037
18050
18059
18060
18064
18067
18083
18089
18111
18114
18119
18131
18135
18137
18142
18150
18154
18192
18197
18201
18203
18210
18216
18225
18231
18232
18283
18287
18289
18306
18308
18317
18323
18330
18332
18345
18349
18355
18370
18378
18379
18385
18395
18411
18412
18417
18425
18442
18447
18452
18459
18495
18497
18503
18508
18510
18517
18523
18526
18539
18541
18558
18564
18616
18619
18623
18624
18638
18647
18648
18649
18654
18665
18666
18676
18678
18683
18688
18699
18703
18709
18721
18722
18730
18758
18766
18785
18811
18835
18843
18846
18881
18893
18895
18896
18901
18903
18914
18939
18951
18954
18958
18966
18991
19004
19016
19053
19055
19057
19061
19066
19071
19080
19083
19087
19112
19114
19123
19129
19135
19136
19203
19216
19228
19234
19237
19242
19249
19269
19289
19297
19304
19310
19322
19343
19352
19359
19363
19370
19387
19402
19403
19411
19416
19418
19430
19431
19442
19451
19468
19474
19476
19489
19490
19506
19524
19545
19564
19580
19584
19591
19594
19597
19603
19604
19608
19614
19616
19622
19640
19650
19660
19667
19691
19695
19717
19726
19732
19748
19753
19764
19775
19782
19784
19792
19800
19814
19817
19832
19856
19865
19878
19884
19899
19913
19918
19929
19937
19983
19999
20009
20018
20019
20023
20032
20035
20037
20040
20060
20062
20067
20074
20075
20085
20086
20115
20116
20120
20127
20130
20135
20140
20149
20154
20164
20173
20182
20184
20190
20195
20196
20206
20223
20229
20235
20239
20260
20263
20272
20277
20281
20291
20300
20321
20325
20338
20341
20343
20353
20358
20361
20372
20383
20387
20395
20434
20444
20451
20463
20501
20514
20519
20525
20526
20540
20558
20566
20568
20576
20596
20600
20605
20608
20624
20637
20642
20655
20680
20689
20704
20705
20711
20712
20726
20727
20731
20733
20741
20758
20768
20769
20771
20775
20791
20820
20825
20833
20849
20850
20861
20868
20870
20876
20897
20898
20922
20959
20986
20990
20996
21023
21036
21041
21043
21048
21060
21066
21078
21094
21112
21119
21147
21156
21163
21179
21197
21209
21225
21235
21242
21257
21267
21281
21287
21338
21342
21376
21385
21386
21389
21404
21419
21427
21445
21458
21460
21463
21473
21478
21481
21488
21504
21506
21507
21524
21542
21551
21560
21590
21616
21620
21631
21638
21641
21646
21651
21667
21677
21681
21693
21698
21702
21708
21714
21724
21727
21742
21743
21745
21746
21780
21788
21793
21796
21807
21808
21817
21820
21832
21843
21849
21857
21874
21875
21880
21884
21893
21902
21906
21912
21930
21946
21948
21952
21987
21988
22002
22008
22038
22042
22047
22075
22078
22079
22084
22100
22107
22124
22125
22136
22156
22158
22165
22191
22214
22239
22241
22253
22255
22259
22277
22279
22291
22296
22307
22326
22327
22332
22338
22351
22357
22362
22382
22383
22409
22414
22419
22422
22431
22437
22439
22463
22486
22495
22497
22520
22529
22530
22541
22550
22559
22597
22605
22615
22617
22630
22632
22657
22664
22666
22668
22703
22706
22721
22732
22736
22756
22765
22780
22792
22816
22824
22828
22831
22850
22856
22884
22888
22903
22915
22931
22933
23004
23009
23016
23030
23033
23043
23048
23052
23060
23066
23069
23095
23108
23109
23119
23136
23141
23143
23155
23157
23167
23191
23241
23259
23273
23296
23297
23298
23315
23325
23338
23346
23350
23352
23361
23362
23370
23392
23395
23419
23447
23456
23457
23466
23476
23496
23504
23509
23518
23521
23527
23531
23592
23627
23637
23650
23651
23657
23669
23690
23712
23724
23740
23748
23758
23819
23821
23823
23836
23856
23861
23871
23894
23906
23907
23922
23926
23931
23953
23977
23982
23989
23998
23999
24004
24005
24018
24030
24049
24066
24071
24077
24082
24091
24093
24109
24118
24123
24126
24161
24171
24174
24227
24229
24230
24232
24236
24248
24250
24254
24262
24265
24269
24291
24297
24305
24308
24315
24317
24321
24336
24341
24356
24401
24404
24410
24414
24431
24491
24499
24505
24512
24514
24525
24530
24534
24544
24568
24585
24605
24617
24618
24681
24693
24714
24721
24723
24741
24760
24763
24766
24767
24773
24782
24783
24793
24798
24813
24818
24826
24862
24869
24875
24879
24884
24894
24899
24919
24926
24934
24947
24951
24956
24960
24962
24975
24977
24982
24986
24987
25005
25017
25026
25081
25087
25088
25091
25098
25101
25122
25127
25133
25151
25156
25157
25187
25191
25196
25204
25228
25233
25249
25270
25274
25296
25310
25315
25316
25319
25331
25346
25347
25356
25367
25373
25383
25386
25388
25392
25401
25403
25407
25415
25441
25444
25450
25456
25481
25482
25486
25488
25499
25507
25516
25522
25541
25551
25552
25555
25565
25576
25603
25608
25610
25617
25628
25633
25636
25645
25654
25661
25698
25700
25707
25714
25716
25743
25749
25751
25772
25787
25789
25791
25802
25806
25824
25853
25861
25868
25876
25895
25898
25907
25909
25924
25927
25931
25941
25950
25951
25953
25955
25970
25979
25995
26006
26010
26029
26032
26036
26044
26070
26087
26108
26112
26123
26128
26131
26133
26183
26188
26201
26207
26211
26214
26227
26246
26250
26291
26294
26314
26325
26334
26357
26377
26392
26400
26403
26440
26444
26479
26487
26505
26511
26521
26527
26533
26535
26539
26555
26563
26564
26567
26590
26599
26640
26644
26657
26664
26667
26672
26721
26734
26739
26793
26801
26804
26814
26830
26832
26841
26843
26863
26889
26897
26899
26900
26914
26925
26931
26932
26945
26958
26964
26974
26978
26982
26985
27016
27028
27030
27034
27035
27044
27049
27070
27073
27085
27086
27108
27124
27161
27167
27175
27201
27202
27216
27220
27234
27237
27259
27264
27271
27302
27305
27309
27352
27357
27365
27369
27374
27390
27400
27411
27421
27431
27468
27477
27488
27497
27505
27521
27538
27539
27562
27575
27587
27607
27613
27621
27644
27651
27652
27654
27657
27661
27686
27691
27699
27738
27740
27744
27745
27767
27790
27800
27810
27829
27832
27834
27838
27840
27856
27861
27867
27879
27881
27883
27902
27904
27905
27907
27926
27928
27932
27947
27952
27959
27964
27980
27983
28008
28010
28017
28019
28035
28049
28058
28067
28084
28090
28127
28132
28146
28151
28154
28156
28159
28176
28179
28182
28183
28197
28206
28210
28224
28248
28252
28253
28267
28281
28296
28304
28305
28319
28320
28326
28338
28340
28344
28346
28362
28409
28421
28431
28436
28473
28477
28496
28498
28500
28501
28512
28514
28523
28534
28540
28548
28595
28596
28638
28653
28672
28678
28692
28710
28726
28732
28738
28748
28772
28780
28783
28797
28801
28814
28843
28859
28865
28870
28881
28887
28891
28896
28897
28898
28910
28940
28975
28984
29006
29021
29022
29024
29025
29043
29044
29045
29057
29077
29078
29095
29104
29115
29149
29151
29156
29163
29171
29180
29188
29193
29215
29227
29238
29245
29265
29278
29305
29306
29340
29341
29347
29352
29354
29386
29416
29431
29434
29438
29451
29461
29469
29476
29479
29495
29506
29507
29532
29533
29534
29539
29564
29615
29616
29622
29628
29635
29641
29649
29655
29658
29670
29699
29702
29707
29715
29738
29744
29748
29754
29769
29786
29791
29792
29809
29810
29816
29823
29833
29849
29854
29855
29865
29867
29900
29909
29911
29926
29945
29947
29954
29958
29959
30007
30017
30021
30027
30056
30075
30076
30082
30110
30113
30123
30147
30149
30152
30156
30158
30164
30182
30183
30202
30207
30217
30260
30282
30292
30293
30297
30311
30312
30318
30324
30329
30334
30345
30349
30355
30361
30373
30400
30415
30420
30422
30433
30440
30472
30492
30493
30498
30503
30507
30513
30517
30530
30540
30542
30543
30559
30562
30566
30571
30596
30610
30619
30627
30642
30653
30657
30663
30673
30676
30697
30699
30723
30746
30783
30785
30787
30790
30792
30797
30819
30822
30834
30837
30843
30844
30853
30854
30878
30883
30887
30890
30892
30897
30907
30908
30922
30927
30928
30956
30962
30971
31015
31026
31034
31080
31084
31110
31113
31116
31130
31131
31136
31167
31172
31175
31176
31178
31191
31207
31211
31238
31259
31278
31284
31290
31291
31293
31299
31300
31308
31313
31314
31333
31342
31347
31353
31357
31374
31386
31389
31395
31400
31410
31434
31435
31444
31454
31484
31490
31513
31569
31582
31592
31613
31628
31631
31633
31650
31663
31670
31673
31676
31679
31691
31697
31707
31712
31715
31716
31722
31737
31749
31755
31759
31760
31764
31767
31770
31775
31776
31782
31784
31788
31792
31807
31813
31840
31852
31870
31884
31891
31897
31910
31927
31963
31968
31974
31981
31988
31992
31999
32005
32008
32009
32038
32039
32051
32056
32060
32061
32093
32101
32112
32131
32139
32171
32187
32207
32263
32284
32304
32307
32312
32331
32339
32353
32360
32367
32371
32375
32383
32386
32389
32393
32399
32421
32425
32428
32446
32456
32458
32460
32461
32473
32490
32512
32515
32519
32528
32531
32549
32552
32563
32597
32600
32602
32611
32620
32627
32658
32662
32667
32703
32707
32709
32713
32714
32719
32730
32733
32743
32744
32763
