15 6553
0
1
3
4
12
18
30
31
34
38
42
52
53
59
67
68
78
84
88
91
98
104
105
106
110
111
114
120
127
128
130
131
132
135
137
144
146
164
175
183
196
203
208
210
219
220
228
233
237
243
250
256
261
272
279
281
282
286
288
297
300
308
311
313
314
319
324
327
330
338
339
341
345
350
359
370
374
377
379
381
398
401
403
405
407
408
409
411
415
416
427
429
432
436
437
438
439
447
453
455
477
478
479
480
484
487
488
493
497
498
507
510
522
523
524
525
533
543
545
546
549
551
552
557
558
559
560
561
568
572
573
577
580
583
588
590
608
610
611
613
614
618
619
625
628
630
638
647
649
665
666
676
679
688
693
696
701
710
713
724
725
726
727
729
731
745
747
754
756
759
765
776
784
795
796
797
798
800
805
807
808
813
814
816
817
824
832
842
847
852
855
867
876
877
879
888
889
893
897
898
902
916
919
927
939
940
944
952
953
958
963
965
980
994
996
998
1005
1012
1016
1018
1019
1027
1039
1044
1049
1052
1054
1058
1067
1072
1074
1080
1081
1086
1087
1088
1091
1099
1102
1105
1122
1124
1128
1135
1139
1145
1152
1155
1162
1165
1169
1195
1198
1199
1201
1206
1208
1213
1214
1221
1223
1227
1229
1230
1234
1244
1245
1260
1264
1266
1269
1270
1278
1282
1294
1302
1304
1307
1330
1337
1339
1340
1341
1357
1358
1359
1363
1367
1369
1372
1385
1388
1390
1392
1394
1396
1407
1409
1413
1427
1435
1445
1450
1455
1462
1474
1483
1486
1494
1500
1506
1507
1511
1512
1518
1521
1522
1524
1528
1541
1545
1551
1552
1553
1558
1560
1569
1573
1591
1594
1595
1598
1600
1609
1627
1630
1645
1652
1656
1662
1670
1673
1701
1715
1716
1719
1727
1728
1729
1730
1731
1745
1748
1749
1752
1759
1764
1774
1779
1784
1785
1790
1793
1794
1797
1798
1800
1801
1807
1811
1814
1817
1820
1828
1829
1831
1837
1851
1854
1855
1857
1859
1863
1868
1873
1874
1880
1883
1893
1902
1906
1908
1910
1913
1914
1929
1937
1955
1959
1961
1976
1978
1981
1984
1985
1994
2000
2002
2007
2013
2018
2032
2033
2035
2037
2040
2042
2046
2053
2059
2061
2070
2072
2073
2079
2080
2081
2082
2083
2085
2091
2095
2101
2105
2110
2120
2124
2127
2133
2139
2147
2154
2156
2162
2168
2170
2171
2172
2173
2177
2180
2183
2184
2185
2186
2193
2208
2210
2212
2213
2218
2221
2227
2229
2233
2238
2245
2253
2255
2263
2268
2277
2283
2285
2286
2293
2297
2298
2327
2339
2340
2348
2351
2354
2355
2368
2371
2374
2390
2391
2399
2404
2410
2413
2424
2432
2441
2443
2449
2450
2452
2455
2464
2470
2472
2473
2481
2482
2485
2490
2495
2508
2513
2514
2524
2525
2530
2532
2537
2546
2547
2549
2550
2553
2556
2560
2561
2568
2581
2582
2585
2586
2591
2603
2606
2609
2624
2640
2648
2651
2653
2654
2657
2659
2661
2667
2669
2678
2681
2685
2686
2689
2692
2699
2709
2711
2715
2726
2735
2738
2739
2742
2743
2746
2751
2756
2765
2768
2773
2780
2785
2794
2807
2811
2814
2816
2817
2821
2825
2826
2832
2836
2838
2840
2850
2852
2859
2862
2866
2876
2883
2890
2910
2925
2950
2953
2956
2959
2962
2976
2978
2979
2980
2982
2985
2986
2988
2993
2999
3008
3010
3012
3020
3027
3031
3032
3033
3035
3037
3045
3053
3056
3062
3063
3074
3075
3077
3090
3093
3097
3099
3101
3106
3111
3117
3122
3128
3131
3138
3139
3149
3156
3160
3163
3165
3172
3177
3180
3183
3188
3191
3198
3203
3204
3207
3210
3216
3227
3229
3238
3239
3242
3257
3266
3283
3285
3286
3297
3314
3317
3335
3339
3345
3351
3356
3360
3362
3363
3367
3371
3379
3380
3386
3392
3394
3397
3402
3405
3420
3425
3427
3430
3431
3439
3440
3443
3444
3448
3462
3463
3464
3473
3474
3482
3486
3487
3489
3491
3493
3505
3508
3510
3512
3519
3521
3522
3527
3529
3533
3534
3541
3542
3548
3549
3554
3566
3570
3580
3590
3592
3594
3602
3606
3608
3620
3625
3626
3630
3631
3635
3636
3642
3654
3657
3659
3661
3662
3667
3675
3676
3688
3707
3719
3728
3731
3734
3737
3742
3752
3759
3763
3781
3782
3784
3788
3803
3807
3808
3811
3817
3825
3826
3828
3835
3839
3843
3845
3854
3855
3856
3858
3859
3864
3867
3875
3878
3889
3893
3894
3896
3901
3911
3919
3928
3942
3945
3968
3970
3972
3973
3974
3979
3980
3982
3984
3994
3997
3998
4001
4006
4012
4016
4017
4032
4033
4035
4036
4044
4050
4051
4052
4063
4066
4067
4070
4076
4078
4090
4092
4093
4105
4106
4112
4113
4116
4118
4121
4124
4144
4159
4164
4169
4175
4182
4187
4188
4190
4197
4202
4207
4208
4210
4215
4217
4220
4223
4225
4229
4230
4232
4238
4240
4243
4250
4251
4252
4257
4261
4265
4268
4272
4275
4276
4280
4285
4286
4290
4291
4293
4294
4295
4297
4299
4302
4311
4315
4321
4323
4327
4330
4333
4335
4347
4348
4358
4369
4371
4372
4373
4378
4390
4391
4401
4407
4417
4425
4428
4433
4439
4443
4446
4447
4448
4456
4460
4465
4471
4472
4474
4475
4476
4477
4500
4501
4502
4504
4510
4512
4520
4521
4524
4529
4541
4543
4551
4559
4563
4579
4589
4593
4596
4605
4609
4612
4614
4617
4620
4625
4628
4629
4632
4634
4639
4640
4647
4649
4652
4653
4654
4663
4669
4671
4674
4675
4677
4682
4685
4688
4689
4691
4697
4698
4699
4708
4715
4719
4720
4721
4729
4741
4754
4758
4765
4769
4774
4779
4782
4784
4786
4788
4793
4798
4804
4808
4811
4814
4824
4830
4832
4833
4842
4846
4853
4854
4855
4861
4862
4863
4877
4881
4893
4898
4904
4905
4909
4920
4933
4934
4935
4941
4951
4954
4955
4960
4980
4983
5000
5004
5017
5019
5020
5023
5029
5030
5036
5039
5045
5048
5052
5054
5057
5062
5069
5072
5079
5088
5090
5092
5093
5100
5101
5102
5105
5113
5117
5128
5129
5132
5140
5143
5145
5150
5158
5163
5180
5187
5194
5195
5198
5200
5206
5212
5215
5225
5228
5234
5236
5244
5257
5263
5269
5272
5275
5283
5285
5288
5289
5292
5296
5300
5305
5308
5310
5313
5319
5325
5328
5338
5340
5379
5384
5388
5394
5395
5400
5401
5402
5410
5412
5414
5417
5419
5427
5429
5433
5435
5436
5440
5443
5444
5446
5448
5457
5466
5469
5478
5481
5487
5491
5492
5495
5505
5511
5516
5517
5522
5525
5526
5531
5537
5540
5543
5545
5557
5560
5563
5565
5567
5573
5574
5575
5576
5585
5586
5589
5599
5602
5605
5607
5611
5620
5621
5630
5634
5638
5640
5644
5645
5650
5663
5664
5669
5682
5683
5685
5696
5700
5709
5719
5721
5728
5730
5732
5738
5740
5741
5742
5745
5750
5762
5764
5772
5775
5777
5782
5783
5785
5788
5799
5818
5824
5832
5840
5845
5868
5869
5893
5895
5897
5899
5904
5909
5912
5913
5921
5924
5927
5928
5932
5945
5948
5949
5950
5958
5959
5969
5971
5973
5975
5979
5985
5986
5994
6005
6006
6008
6028
6029
6049
6054
6055
6063
6067
6068
6077
6081
6083
6092
6102
6105
6113
6118
6122
6124
6126
6135
6136
6137
6139
6140
6147
6151
6155
6158
6159
6162
6163
6167
6169
6181
6184
6185
6198
6210
6222
6224
6230
6233
6242
6249
6251
6252
6260
6267
6274
6276
6288
6289
6292
6293
6297
6300
6321
6324
6329
6331
6339
6340
6341
6342
6351
6358
6359
6365
6366
6373
6382
6385
6393
6395
6399
6402
6403
6407
6416
6421
6442
6447
6448
6454
6457
6458
6460
6461
6478
6485
6494
6501
6502
6503
6506
6514
6531
6542
6543
6546
6547
6553
6568
6572
6588
6593
6596
6607
6626
6630
6635
6640
6642
6643
6657
6658
6660
6663
6665
6680
6685
6686
6690
6701
6703
6714
6718
6723
6727
6729
6735
6739
6742
6744
6757
6758
6760
6766
6774
6778
6791
6794
6797
6800
6803
6806
6807
6812
6814
6819
6820
6823
6826
6828
6835
6840
6843
6847
6848
6855
6858
6859
6861
6864
6870
6878
6890
6894
6896
6899
6901
6920
6923
6936
6947
6951
6955
6974
6978
6993
6994
6998
7001
7004
7005
7007
7009
7010
7012
7022
7025
7032
7036
7037
7047
7050
7053
7054
7060
7066
7070
7073
7075
7088
7095
7097
7108
7127
7134
7137
7151
7152
7154
7168
7171
7172
7180
7181
7186
7187
7196
7197
7201
7204
7208
7216
7217
7218
7224
7227
7234
7237
7240
7245
7261
7262
7271
7276
7278
7282
7283
7287
7291
7297
7300
7302
7306
7321
7326
7328
7330
7333
7337
7339
7350
7351
7359
7361
7366
7369
7377
7384
7386
7388
7393
7408
7409
7410
7428
7445
7448
7452
7457
7458
7459
7460
7471
7482
7491
7499
7503
7511
7515
7516
7519
7526
7533
7535
7538
7543
7544
7549
7553
7559
7563
7564
7566
7582
7583
7588
7590
7594
7599
7606
7609
7611
7614
7616
7619
7621
7626
7633
7639
7643
7654
7660
7663
7670
7671
7681
7682
7686
7691
7700
7701
7702
7704
7706
7722
7733
7734
7742
7752
7757
7764
7788
7790
7792
7794
7799
7802
7807
7811
7814
7824
7826
7844
7847
7849
7851
7856
7878
7880
7886
7894
7903
7908
7916
7918
7927
7934
7940
7943
7959
7961
7962
7963
7974
7978
7993
8003
8015
8016
8022
8024
8034
8037
8040
8042
8046
8059
8060
8079
8088
8091
8094
8101
8102
8111
8112
8114
8118
8125
8126
8133
8135
8137
8143
8146
8150
8158
8159
8168
8179
8182
8184
8186
8188
8195
8208
8209
8210
8216
8218
8222
8223
8230
8237
8239
8255
8261
8264
8267
8272
8278
8279
8308
8309
8310
8322
8340
8345
8366
8378
8381
8382
8385
8386
8389
8394
8397
8398
8403
8405
8406
8410
8422
8423
8426
8433
8440
8460
8475
8478
8484
8486
8500
8502
8509
8519
8524
8530
8534
8536
8538
8549
8554
8556
8559
8570
8571
8572
8576
8578
8593
8594
8595
8599
8622
8624
8626
8633
8640
8643
8664
8672
8683
8690
8704
8707
8708
8709
8723
8725
8726
8736
8737
8740
8746
8747
8749
8753
8761
8762
8766
8767
8769
8770
8782
8787
8801
8804
8808
8810
8811
8815
8816
8819
8822
8825
8826
8834
8840
8841
8843
8844
8845
8849
8859
8862
8863
8865
8883
8884
8885
8888
8890
8893
8895
8898
8900
8908
8912
8917
8920
8923
8925
8930
8939
8940
8954
8963
8970
8978
8979
8980
8983
8995
8998
9000
9004
9008
9009
9014
9017
9018
9019
9021
9024
9034
9035
9042
9043
9044
9052
9059
9067
9070
9074
9080
9087
9088
9094
9099
9100
9107
9112
9114
9117
9119
9123
9125
9128
9137
9138
9148
9149
9152
9153
9154
9155
9160
9169
9178
9187
9197
9199
9200
9205
9212
9216
9218
9225
9227
9233
9234
9235
9239
9240
9241
9243
9244
9254
9255
9261
9264
9266
9267
9276
9280
9281
9284
9286
9287
9290
9292
9297
9299
9301
9306
9316
9321
9331
9337
9340
9341
9342
9357
9369
9372
9378
9387
9393
9395
9398
9400
9402
9411
9416
9418
9419
9424
9434
9440
9456
9457
9458
9460
9465
9467
9469
9471
9478
9479
9482
9483
9495
9496
9497
9498
9503
9506
9512
9514
9519
9523
9527
9533
9535
9538
9546
9556
9557
9562
9564
9569
9573
9576
9579
9581
9584
9586
9587
9589
9596
9597
9609
9613
9622
9625
9642
9649
9660
9669
9672
9675
9678
9684
9689
9692
9693
9695
9701
9707
9708
9711
9712
9714
9717
9720
9725
9731
9733
9745
9757
9758
9763
9765
9768
9771
9773
9785
9790
9791
9799
9802
9804
9810
9814
9815
9822
9825
9827
9830
9833
9841
9842
9844
9849
9850
9856
9861
9872
9880
9884
9885
9892
9897
9899
9901
9904
9906
9907
9908
9945
9953
9956
9961
9970
9972
9976
9991
9995
10000
10007
10010
10014
10020
10024
10025
10028
10029
10032
10033
10036
10037
10038
10042
10045
10046
10047
10054
10058
10059
10069
10072
10080
10082
10083
10084
10086
10087
10088
10093
10103
10105
10106
10110
10111
10116
10118
10123
10132
10142
10152
10155
10165
10169
10173
10176
10177
10178
10180
10182
10183
10184
10185
10187
10196
10203
10206
10207
10212
10213
10216
10217
10218
10268
10270
10274
10276
10278
10281
10282
10292
10297
10298
10301
10317
10322
10331
10332
10340
10341
10342
10356
10362
10375
10382
10385
10387
10396
10407
10414
10415
10417
10419
10423
10424
10426
10427
10428
10439
10451
10453
10454
10457
10458
10475
10478
10488
10499
10501
10506
10507
10514
10517
10524
10526
10533
10537
10540
10551
10554
10558
10565
10570
10571
10574
10577
10578
10581
10593
10602
10625
10629
10638
10642
10646
10648
10652
10654
10662
10664
10666
10670
10671
10674
10677
10683
10698
10699
10701
10712
10718
10720
10722
10724
10729
10733
10738
10750
10751
10756
10762
10765
10767
10771
10772
10775
10778
10782
10810
10811
10817
10837
10839
10841
10842
10848
10850
10854
10856
10866
10872
10875
10880
10881
10884
10888
10889
10891
10892
10895
10899
10904
10915
10917
10920
10922
10923
10929
10933
10961
10968
10970
10989
10995
10999
11000
11009
11011
11016
11018
11023
11029
11031
11036
11039
11044
11054
11055
11058
11061
11066
11069
11071
11072
11082
11086
11087
11088
11111
11115
11116
11120
11123
11124
11126
11127
11130
11131
11139
11143
11144
11147
11151
11152
11159
11162
11163
11165
11175
11190
11195
11197
11206
11208
11212
11213
11215
11216
11238
11240
11241
11246
11248
11255
11256
11271
11273
11277
11280
11285
11286
11287
11289
11294
11297
11299
11304
11305
11313
11318
11323
11324
11327
11332
11337
11338
11345
11347
11351
11361
11368
11370
11376
11380
11386
11389
11392
11399
11403
11404
11417
11419
11428
11430
11449
11450
11454
11460
11465
11467
11478
11482
11492
11495
11513
11516
11517
11519
11522
11523
11528
11535
11536
11543
11544
11546
11552
11554
11559
11563
11567
11568
11569
11572
11576
11577
11579
11586
11587
11599
11602
11622
11626
11629
11639
11642
11643
11651
11661
11662
11663
11666
11671
11673
11675
11683
11688
11700
11705
11710
11716
11717
11718
11725
11726
11731
11735
11737
11743
11746
11747
11751
11757
11783
11784
11792
11797
11799
11804
11805
11815
11818
11819
11821
11823
11826
11827
11828
11829
11833
11840
11841
11843
11848
11859
11864
11865
11874
11882
11892
11893
11898
11900
11901
11902
11904
11911
11925
11929
11937
11942
11944
11946
11957
11958
11959
11970
11975
11977
11982
11983
11985
11989
11992
11999
12002
12004
12008
12009
12014
12017
12020
12031
12035
12040
12041
12051
12054
12060
12061
12072
12076
12081
12086
12090
12094
12096
12099
12100
12116
12122
12124
12126
12133
12136
12137
12144
12145
12148
12149
12152
12154
12162
12164
12165
12167
12168
12169
12172
12188
12190
12195
12198
12200
12202
12208
12213
12221
12229
12230
12232
12234
12237
12239
12242
12243
12257
12260
12264
12270
12278
12283
12293
12299
12310
12314
12316
12326
12330
12331
12342
12344
12345
12350
12355
12362
12363
12365
12368
12370
12371
12384
12385
12389
12391
12397
12408
12409
12414
12423
12425
12427
12437
12438
12451
12462
12471
12473
12475
12480
12486
12489
12494
12507
12527
12528
12534
12544
12545
12546
12551
12554
12562
12563
12564
12567
12572
12578
12579
12583
12585
12592
12595
12596
12608
12609
12613
12616
12627
12630
12644
12656
12657
12669
12671
12676
12681
12687
12702
12703
12706
12711
12712
12721
12727
12728
12730
12732
12735
12739
12752
12754
12763
12766
12781
12783
12785
12790
12793
12794
12802
12805
12807
12812
12817
12820
12827
12836
12840
12846
12847
12851
12852
12858
12864
12892
12896
12901
12905
12912
12914
12917
12918
12930
12932
12936
12955
12969
12972
12973
12980
12981
12984
12985
12987
12990
12995
13002
13005
13024
13037
13040
13049
13054
13065
13066
13069
13077
13081
13088
13093
13099
13112
13119
13129
13134
13136
13156
13162
13166
13172
13175
13179
13180
13182
13189
13195
13198
13199
13200
13203
13205
13213
13221
13223
13227
13230
13234
13250
13253
13257
13266
13271
13281
13282
13302
13305
13311
13325
13328
13334
13337
13341
13345
13351
13363
13372
13376
13389
13392
13401
13403
13419
13421
13445
13455
13464
13471
13477
13482
13491
13497
13499
13504
13507
13511
13512
13514
13515
13520
13529
13531
13532
13537
13545
13546
13553
13557
13560
13566
13568
13569
13571
13582
13586
13605
13607
13608
13615
13618
13627
13635
13636
13642
13647
13664
13665
13666
13671
13672
13674
13676
13678
13689
13691
13704
13705
13707
13708
13717
13721
13722
13725
13729
13730
13732
13737
13742
13747
13753
13762
13763
13765
13768
13772
13777
13781
13792
13793
13807
13813
13814
13822
13828
13829
13830
13831
13832
13842
13845
13849
13850
13851
13853
13859
13861
13875
13877
13880
13891
13898
13899
13902
13909
13954
13959
13968
13982
13988
13989
13990
14008
14012
14013
14014
14037
14049
14053
14066
14072
14075
14087
14104
14105
14107
14111
14114
14115
14119
14120
14127
14131
14143
14172
14177
14178
14207
14214
14220
14223
14238
14246
14247
14249
14270
14272
14273
14274
14277
14282
14286
14290
14291
14299
14301
14312
14318
14331
14342
14343
14344
14350
14352
14358
14369
14378
14387
14388
14392
14406
14414
14415
14421
14422
14431
14440
14442
14443
14446
14454
14455
14460
14462
14465
14468
14477
14478
14482
14492
14493
14502
14511
14514
14518
14519
14529
14531
14534
14537
14542
14546
14558
14560
14565
14576
14580
14581
14585
14594
14599
14600
14602
14605
14609
14610
14613
14616
14617
14620
14622
14628
14629
14633
14637
14641
14646
14653
14658
14659
14663
14664
14666
14668
14671
14672
14679
14680
14681
14685
14687
14688
14690
14691
14697
14701
14703
14716
14717
14720
14723
14729
14738
14745
14748
14751
14763
14765
14780
14787
14788
14794
14797
14801
14806
14816
14818
14819
14826
14832
14838
14840
14852
14855
14856
14870
14876
14877
14883
14884
14885
14886
14890
14895
14910
14922
14923
14927
14935
14937
14939
14944
14948
14951
14957
14974
14981
14984
14995
15005
15015
15022
15025
15027
15038
15041
15044
15046
15048
15051
15056
15061
15062
15066
15070
15073
15074
15078
15083
15085
15089
15091
15101
15105
15106
15113
15118
15120
15123
15126
15127
15130
15143
15149
15167
15177
15178
15183
15185
15193
15194
15195
15196
15198
15199
15200
15201
15207
15209
15212
15225
15227
15228
15231
15244
15246
15248
15253
15257
15263
15285
15286
15294
15299
15301
15303
15307
15309
15311
15314
15315
15317
15319
15323
15326
15329
15333
15334
15338
15339
15342
15344
15350
15351
15363
15371
15373
15374
15375
15383
15385
15396
15400
15403
15404
15412
15418
15427
15431
15439
15440
15441
15445
15447
15460
15472
15475
15476
15479
15482
15497
15503
15509
15510
15522
15523
15525
15532
15534
15540
15546
15550
15556
15558
15559
15564
15565
15566
15567
15571
15572
15576
15577
15580
15581
15583
15584
15590
15596
15597
15598
15599
15604
15616
15619
15620
15625
15640
15647
15663
15665
15670
15671
15672
15682
15695
15696
15708
15711
15714
15718
15721
15726
15727
15728
15732
15736
15740
15741
15743
15744
15748
15750
15753
15760
15761
15768
15775
15776
15781
15787
15792
15793
15801
15802
15807
15808
15811
15812
15815
15816
15819
15822
15824
15827
15828
15833
15836
15837
15838
15854
15856
15866
15870
15874
15882
15884
15886
15889
15890
15892
15896
15902
15904
15905
15909
15914
15915
15927
15932
15934
15937
15948
15954
15957
15961
15966
15971
15975
15986
15997
16000
16001
16014
16019
16021
16022
16029
16031
16034
16035
16038
16041
16046
16057
16069
16071
16075
16085
16087
16088
16092
16095
16098
16102
16108
16115
16120
16122
16131
16136
16141
16152
16159
16161
16177
16181
16200
16205
16213
16231
16237
16240
16241
16246
16247
16253
16254
16256
16260
16263
16284
16287
16288
16290
16298
16306
16310
16311
16316
16321
16324
16334
16336
16339
16343
16358
16362
16368
16372
16375
16378
16384
16392
16395
16406
16408
16414
16417
16419
16420
16423
16424
16425
16438
16440
16441
16442
16445
16447
16450
16451
16454
16460
16477
16479
16480
16481
16486
16494
16498
16518
16521
16526
16531
16536
16541
16544
16547
16552
16554
16564
16566
16569
16572
16576
16580
16581
16582
16592
16601
16603
16609
16617
16618
16619
16621
16622
16624
16633
16637
16641
16646
16652
16653
16659
16660
16668
16672
16673
16678
16681
16682
16687
16688
16695
16699
16704
16711
16712
16713
16715
16716
16723
16725
16729
16741
16744
16751
16752
16753
16754
16756
16760
16761
16770
16773
16774
16779
16783
16788
16797
16798
16800
16802
16810
16815
16816
16817
16820
16821
16823
16828
16830
16839
16845
16846
16847
16854
16869
16875
16882
16885
16889
16890
16894
16915
16931
16934
16937
16938
16947
16956
16965
16972
16976
16977
16978
16979
16983
16988
16995
16997
16999
17000
17001
17003
17005
17006
17008
17024
17026
17031
17034
17036
17038
17043
17045
17046
17051
17054
17057
17060
17066
17087
17097
17103
17107
17112
17118
17123
17150
17164
17166
17170
17180
17189
17201
17221
17248
17250
17260
17263
17264
17265
17268
17270
17272
17273
17274
17278
17280
17281
17283
17289
17294
17298
17299
17314
17317
17319
17320
17328
17329
17334
17339
17342
17345
17349
17352
17353
17355
17366
17375
17379
17380
17393
17394
17396
17400
17401
17403
17405
17409
17410
17417
17422
17429
17436
17444
17461
17463
17471
17485
17488
17493
17494
17502
17504
17510
17513
17515
17516
17533
17540
17541
17548
17549
17567
17568
17574
17579
17581
17586
17591
17606
17611
17612
17617
17619
17629
17630
17632
17637
17644
17650
17654
17660
17670
17675
17678
17679
17680
17688
17689
17713
17714
17723
17726
17728
17738
17742
17753
17759
17764
17768
17770
17773
17774
17776
17777
17781
17782
17783
17785
17791
17792
17794
17795
17805
17806
17814
17818
17842
17843
17844
17851
17855
17857
17873
17883
17885
17887
17889
17890
17896
17901
17904
17909
17914
17918
17930
17932
17938
17942
17949
17952
17956
17970
17971
17977
17978
17989
17992
17998
18013
18017
18019
18020
18023
18032
18033
18034
18035
18037
18050
18059
18060
18064
18067
18068
18074
18079
18083
18084
18089
18111
18114
18119
18124
18131
18133
18135
18137
18142
18150
18154
18173
18189
18192
18197
18200
18201
18202
18203
18207
18210
18216
18225
18231
18232
18239
18241
18260
18266
18274
18277
18283
18286
18287
18289
18296
18297
18306
18308
18317
18323
18327
18330
18332
18343
18345
18349
18352
18354
18355
18358
18370
18374
18378
18379
18381
18385
18395
18398
18401
18410
18411
18412
18417
18422
18423
18425
18435
18440
18442
18446
18447
18451
18452
18459
18460
18464
18478
18486
18495
18497
18500
18503
18508
18510
18517
18523
18526
18538
18539
18541
18558
18564
18574
18586
18593
18608
18612
18616
18618
18619
18623
18624
18628
18633
18638
18640
18647
18648
18649
18653
18654
18657
18663
18665
18666
18676
18677
18678
18683
18686
18687
18688
18690
18693
18699
18702
18703
18708
18709
18713
18716
18721
18722
18724
18725
18730
18732
18734
18736
18740
18741
18758
18766
18767
18777
18785
18788
18796
18803
18811
18835
18843
18846
18873
18879
18881
18885
18893
18895
18896
18898
18900
18901
18903
18905
18909
18913
18914
18934
18939
18951
18954
18958
18961
18966
18971
18972
18973
18982
18983
18991
18994
18997
19004
19012
19016
19020
19029
19034
19044
19046
19047
19051
19053
19055
19057
19061
19066
19071
19080
19083
19087
19098
19104
19111
19112
19114
19123
19125
19127
19129
19133
19135
19136
19155
19158
19189
19203
19214
19216
19218
19227
19228
19234
19237
19241
19242
19244
19249
19267
19269
19272
19276
19282
19286
19288
19289
19297
19302
19304
19305
19310
19314
19315
19322
19325
19328
19330
19332
19341
19343
19352
19359
19363
19368
19370
19373
19377
19378
19380
19387
19397
19399
19402
19403
19410
19411
19416
19418
19421
19425
19430
19431
19437
19442
19446
19451
19457
19459
19468
19470
19474
19476
19478
19479
19489
19490
19505
19506
19524
19528
19531
19533
19545
19553
19556
19558
19559
19564
19569
19575
19577
19580
19584
19586
19591
19594
19597
19598
19599
19603
19604
19606
19607
19608
19614
19616
19622
19632
19640
19650
19653
19660
19662
19667
19671
19683
19684
19688
19690
19691
19692
19695
19699
19700
19701
19703
19717
19721
19722
19725
19726
19732
19743
19745
19747
19748
19750
19753
19757
19764
19766
19775
19782
19784
19788
19792
19798
19800
19806
19814
19817
19822
19824
19825
19832
19843
19847
19850
19856
19861
19865
19866
19868
19875
19878
19879
19884
19899
19903
19909
19913
19918
19923
19929
19935
19937
19941
19948
19951
19969
19975
19983
19999
20009
20013
20014
20015
20018
20019
20023
20032
20034
20035
20037
20038
20040
20044
20045
20058
20059
20060
20062
20067
20074
20075
20084
20085
20086
20089
20095
20099
20103
20105
20106
20113
20115
20116
20120
20125
20127
20128
20130
20135
20140
20149
20154
20155
20159
20161
20164
20173
20174
20179
20182
20183
20184
20187
20190
20195
20196
20206
20208
20215
20223
20229
20233
20235
20239
20250
20251
20254
20257
20260
20263
20272
20277
20281
20289
20291
20293
20294
20300
20321
20325
20338
20340
20341
20343
20353
20358
20361
20363
20365
20371
20372
20383
20387
20395
20434
20442
20444
20451
20463
20474
20478
20481
20490
20491
20501
20504
20514
20516
20519
20525
20526
20530
20531
20540
20557
20558
20560
20561
20566
20568
20575
20576
20594
20596
20598
20600
20605
20607
20608
20614
20623
20624
20625
20627
20636
20637
20639
20642
20648
20650
20655
20661
20675
20677
20680
20687
20689
20704
20705
20711
20712
20718
20726
20727
20731
20733
20734
20737
20741
20742
20758
20761
20768
20769
20771
20775
20790
20791
20820
20821
20825
20833
20835
20841
20842
20845
20847
20849
20850
20861
20867
20868
20870
20872
20876
20888
20891
20897
20898
20915
20922
20936
20951
20953
20958
20959
20964
20972
20974
20986
20989
20990
20996
21000
21010
21014
21015
21021
21023
21033
21036
21041
21043
21048
21059
21060
21066
21078
21082
21086
21088
21094
21101
21102
21103
21106
21112
21118
21119
21128
21134
21147
21156
21163
21168
21172
21175
21179
21194
21197
21209
21218
21225
21231
21235
21236
21238
21239
21242
21243
21244
21257
21258
21267
21270
21276
21279
21281
21286
21287
21293
21310
21318
21321
21338
21342
21354
21363
21376
21380
21385
21386
21389
21390
21404
21411
21419
21424
21427
21437
21441
21445
21447
21453
21455
21458
21459
21460
21463
21464
21466
21471
21472
21473
21478
21481
21482
21488
21490
21503
21504
21506
21507
21513
21524
21528
21542
21546
21547
21549
21551
21560
21568
21572
21590
21596
21605
21610
21613
21614
21616
21619
21620
21631
21638
21639
21641
21644
21646
21651
21658
21667
21668
21676
21677
21681
21682
21683
21688
21693
21695
21698
21702
21708
21711
21713
21714
21721
21724
21727
21730
21734
21742
21743
21745
21746
21766
21768
21770
21774
21778
21780
21788
21793
21796
21799
21803
21807
21808
21810
21815
21817
21818
21820
21831
21832
21834
21842
21843
21847
21849
21857
21871
21874
21875
21880
21884
21893
21901
21902
21906
21909
21912
21918
21922
21930
21937
21945
21946
21948
21950
21952
21957
21961
21966
21977
21982
21987
21988
21991
22002
22008
22009
22011
22038
22039
22042
22047
22074
22075
22078
22079
22084
22100
22106
22107
22115
22124
22125
22129
22130
22136
22149
22150
22156
22158
22161
22165
22171
22173
22175
22191
22206
22209
22214
22239
22241
22245
22253
22255
22259
22261
22263
22269
22271
22277
22279
22291
22292
22296
22297
22303
22306
22307
22309
22310
22323
22326
22327
22330
22332
22338
22345
22348
22351
22354
22355
22356
22357
22362
22379
22382
22383
22404
22409
22414
22419
22422
22430
22431
22437
22439
22444
22446
22448
22463
22468
22469
22476
22482
22486
22487
22494
22495
22497
22498
22504
22505
22508
22518
22520
22529
22530
22533
22541
22550
22553
22558
22559
22565
22576
22582
22586
22596
22597
22604
22605
22615
22617
22623
22627
22630
22632
22641
22657
22662
22664
22666
22668
22690
22701
22703
22706
22721
22732
22735
22736
22756
22759
22765
22770
22780
22789
22792
22793
22794
22796
22801
22809
22816
22824
22827
22828
22830
22831
22837
22838
22840
22849
22850
22851
22856
22861
22862
22872
22884
22886
22888
22889
22900
22903
22911
22915
22921
22923
22926
22931
22933
22937
22972
22981
22990
22999
23002
23004
23009
23010
23016
23024
23029
23030
23032
23033
23043
23048
23050
23052
23059
23060
23066
23069
23072
23076
23080
23087
23095
23097
23108
23109
23119
23120
23136
23139
23141
23143
23144
23152
23153
23154
23155
23157
23167
23172
23189
23191
23198
23201
23214
23235
23240
23241
23255
23257
23258
23259
23263
23270
23273
23293
23296
23297
23298
23310
23315
23320
23325
23332
23338
23340
23342
23346
23350
23352
23361
23362
23370
23377
23383
23392
23395
23396
23405
23415
23419
23428
23434
23438
23441
23447
23456
23457
23460
23461
23466
23476
23482
23487
23492
23496
23498
23504
23508
23509
23518
23519
23521
23525
23527
23531
23537
23546
23555
23560
23565
23574
23580
23589
23592
23607
23609
23610
23619
23627
23632
23637
23639
23649
23650
23651
23657
23669
23675
23690
23691
23697
23712
23722
23724
23740
23748
23758
23772
23789
23796
23799
23800
23819
23821
23823
23827
23836
23847
23850
23856
23861
23871
23872
23879
23894
23897
23905
23906
23907
23909
23912
23922
23926
23931
23938
23948
23950
23953
23958
23967
23969
23974
23977
23982
23989
23998
23999
24003
24004
24005
24008
24011
24018
24027
24030
24033
24034
24043
24049
24062
24066
24071
24072
24077
24081
24082
24086
24087
24091
24093
24109
24118
24119
24123
24126
24131
24150
24161
24171
24173
24174
24190
24198
24206
24207
24209
24217
24221
24227
24229
24230
24232
24233
24236
24248
24249
24250
24254
24262
24263
24265
24269
24273
24284
24291
24297
24305
24308
24315
24317
24319
24321
24329
24333
24336
24341
24349
24356
24357
24363
24366
24374
24377
24398
24401
24404
24405
24408
24409
24410
24413
24414
24431
24446
24456
24457
24465
24476
24481
24491
24492
24496
24499
24505
24508
24510
24512
24514
24525
24527
24530
24534
24544
24563
24565
24568
24569
24580
24585
24592
24605
24607
24617
24618
24640
24642
24648
24652
24655
24657
24681
24684
24693
24699
24714
24721
24722
24723
24729
24739
24741
24754
24760
24763
24766
24767
24769
24773
24779
24782
24783
24784
24788
24790
24791
24792
24793
24794
24798
24807
24813
24818
24826
24834
24840
24845
24847
24852
24862
24864
24869
24875
24879
24884
24885
24886
24894
24895
24898
24899
24901
24916
24919
24921
24925
24926
24931
24934
24937
24940
24947
24951
24952
24956
24960
24962
24975
24977
24979
24982
24983
24985
24986
24987
25005
25012
25017
25018
25021
25025
25026
25030
25041
25059
25064
25065
25067
25071
25081
25087
25088
25089
25091
25092
25095
25098
25101
25106
25119
25122
25127
25129
25133
25134
25136
25143
25147
25151
25154
25156
25157
25182
25186
25187
25188
25191
25192
25196
25197
25204
25205
25226
25228
25233
25236
25239
25243
25244
25249
25254
25261
25270
25274
25283
25287
25288
25296
25297
25298
25300
25310
25311
25315
25316
25319
25331
25337
25346
25347
25356
25364
25367
25373
25374
25383
25386
25388
25392
25400
25401
25402
25403
25407
25415
25425
25427
25435
25438
25441
25442
25444
25447
25450
25456
25475
25481
25482
25483
25486
25487
25488
25499
25505
25507
25511
25516
25522
25540
25541
25546
25551
25552
25555
25556
25562
25565
25576
25593
25594
25603
25608
25609
25610
25612
25615
25617
25623
25625
25628
25633
25636
25644
25645
25652
25654
25655
25661
25684
25694
25696
25698
25700
25702
25703
25704
25707
25714
25715
25716
25720
25743
25749
25751
25767
25772
25785
25787
25789
25791
25795
25802
25806
25811
25820
25824
25835
25847
25848
25853
25854
25859
25861
25868
25876
25878
25881
25895
25896
25898
25900
25907
25909
25915
25920
25921
25924
25925
25927
25930
25931
25941
25950
25951
25953
25955
25956
25963
25970
25975
25979
25980
25984
25987
25993
25995
25996
26006
26010
26011
26024
26025
26029
26030
26031
26032
26036
26044
26046
26047
26048
26049
26067
26070
26087
26088
26108
26112
26116
26123
26128
26131
26133
26135
26137
26150
26151
26152
26153
26174
26177
26183
26188
26201
26207
26211
26214
26226
26227
26240
26246
26247
26250
26254
26258
26261
26280
26281
26282
26285
26291
26294
26306
26311
26314
26317
26322
26325
26330
26334
26345
26348
26349
26355
26357
26360
26373
26377
26384
26387
26391
26392
26398
26400
26403
26416
26428
26440
26444
26449
26455
26458
26460
26479
26484
26487
26505
26511
26521
26525
26527
26530
26533
26535
26539
26555
26560
26563
26564
26567
26568
26572
26577
26590
26593
26599
26619
26630
26640
26644
26648
26657
26662
26663
26664
26667
26672
26673
26676
26685
26691
26698
26718
26720
26721
26734
26738
26739
26762
26766
26769
26772
26773
26776
26779
26793
26798
26799
26801
26804
26805
26814
26815
26825
26826
26830
26832
26841
26843
26844
26845
26847
26848
26863
26865
26872
26878
26879
26889
26897
26898
26899
26900
26908
26914
26924
26925
26926
26931
26932
26935
26945
26946
26957
26958
26963
26964
26966
26974
26975
26977
26978
26982
26985
27002
27003
27007
27008
27009
27016
27020
27028
27030
27034
27035
27036
27037
27042
27044
27045
27047
27048
27049
27069
27070
27073
27080
27085
27086
27089
27093
27106
27108
27112
27124
27132
27135
27150
27151
27155
27157
27161
27167
27169
27171
27175
27181
27201
27202
27210
27216
27220
27221
27227
27229
27231
27232
27234
27237
27259
27264
27269
27270
27271
27274
27280
27286
27289
27292
27302
27305
27309
27311
27314
27334
27339
27352
27357
27365
27366
27369
27374
27378
27390
27394
27400
27411
27419
27421
27429
27430
27431
27432
27437
27439
27447
27451
27458
27466
27468
27477
27488
27493
27497
27498
27502
27504
27505
27517
27521
27538
27539
27543
27549
27552
27562
27567
27569
27575
27587
27604
27606
27607
27613
27621
27630
27634
27636
27644
27651
27652
27654
27657
27661
27662
27666
27683
27686
27691
27693
27697
27699
27702
27707
27711
27733
27735
27738
27740
27744
27745
27751
27753
27767
27778
27790
27792
27796
27800
27801
27807
27810
27811
27828
27829
27832
27834
27835
27838
27839
27840
27853
27856
27857
27861
27865
27867
27879
27881
27883
27896
27902
27904
27905
27907
27916
27926
27928
27931
27932
27947
27948
27952
27959
27964
27980
27982
27983
27993
28008
28010
28017
28019
28025
28029
28033
28035
28049
28050
28051
28058
28067
28070
28082
28084
28090
28108
28119
28121
28124
28127
28132
28138
28145
28146
28151
28154
28156
28159
28174
28176
28179
28182
28183
28184
28193
28197
28206
28207
28210
28217
28224
28231
28236
28248
28252
28253
28255
28267
28281
28282
28296
28300
28304
28305
28306
28317
28319
28320
28326
28338
28340
28344
28346
28347
28357
28362
28366
28389
28403
28408
28409
28416
28421
28431
28436
28461
28462
28466
28469
28473
28477
28484
28496
28498
28500
28501
28512
28513
28514
28517
28518
28523
28534
28540
28544
28547
28548
28583
28584
28595
28596
28600
28606
28623
28624
28625
28633
28638
28653
28657
28661
28666
28667
28671
28672
28673
28678
28687
28692
28702
28709
28710
28717
28724
28726
28730
28732
28738
28748
28767
28768
28769
28772
28774
28778
28779
28780
28783
28789
28790
28792
28795
28797
28801
28802
28814
28816
28819
28829
28831
28837
28840
28843
28851
28859
28865
28869
28870
28871
28878
28881
28885
28887
28891
28894
28896
28897
28898
28910
28918
28937
28940
28951
28959
28962
28968
28969
28975
28984
28986
28990
28994
29003
29006
29007
29010
29013
29016
29017
29021
29022
29024
29025
29031
29036
29038
29041
29043
29044
29045
29050
29054
29057
29060
29077
29078
29095
29104
29110
29114
29115
29117
29118
29145
29149
29150
29151
29156
29157
29163
29171
29180
29185
29186
29188
29193
29205
29207
29215
29227
29238
29240
29245
29251
29253
29265
29266
29278
29284
29299
29305
29306
29310
29314
29318
29319
29324
29330
29340
29341
29343
29347
29348
29349
29352
29354
29359
29363
29386
29400
29408
29411
29416
29430
29431
29434
29438
29442
29449
29451
29453
29461
29465
29469
29476
29479
29488
29492
29495
29506
29507
29513
29517
29521
29532
29533
29534
29539
29553
29562
29564
29572
29615
29616
29622
29623
29628
29635
29641
29649
29654
29655
29658
29661
29663
29670
29672
29673
29675
29687
29688
29690
29691
29692
29699
29702
29707
29715
29725
29732
29738
29741
29743
29744
29748
29751
29754
29757
29769
29771
29786
29791
29792
29798
29809
29810
29816
29820
29823
29833
29845
29846
29848
29849
29853
29854
29855
29861
29865
29867
29868
29877
29883
29887
29900
29908
29909
29911
29922
29925
29926
29929
29936
29942
29945
29947
29954
29955
29957
29958
29959
29973
29976
29979
29994
30000
30003
30007
30012
30013
30017
30021
30027
30041
30056
30057
30062
30067
30075
30076
30082
30084
30097
30098
30104
30110
30113
30119
30123
30124
30138
30143
30144
30145
30147
30149
30152
30156
30158
30159
30164
30167
30170
30173
30179
30180
30182
30183
30196
30197
30202
30207
30217
30235
30237
30244
30247
30257
30258
30260
30262
30272
30282
30292
30293
30297
30304
30311
30312
30313
30317
30318
30322
30324
30329
30334
30339
30345
30349
30352
30355
30360
30361
30368
30369
30370
30372
30373
30377
30383
30393
30400
30403
30415
30420
30422
30424
30429
30433
30440
30455
30463
30472
30492
30493
30497
30498
30503
30507
30511
30513
30514
30517
30520
30528
30530
30533
30534
30537
30540
30541
30542
30543
30549
30551
30558
30559
30561
30562
30566
30569
30571
30577
30592
30595
30596
30607
30610
30615
30616
30619
30624
30627
30628
30636
30641
30642
30650
30653
30657
30663
30673
30674
30676
30677
30682
30689
30697
30699
30707
30720
30723
30740
30746
30750
30753
30755
30758
30779
30783
30785
30787
30790
30792
30797
30799
30804
30807
30810
30816
30819
30822
30831
30832
30834
30836
30837
30838
30839
30843
30844
30845
30853
30854
30864
30878
30883
30884
30887
30890
30892
30893
30896
30897
30907
30908
30911
30912
30917
30922
30927
30928
30942
30951
30956
30958
30959
30962
30971
30973
30976
30981
30982
30993
30995
31000
31004
31009
31013
31014
31015
31017
31025
31026
31030
31034
31051
31052
31057
31069
31080
31084
31085
31110
31113
31116
31121
31130
31131
31132
31136
31140
31144
31155
31167
31172
31175
31176
31178
31191
31197
31198
31205
31207
31211
31215
31238
31240
31246
31247
31259
31261
31269
31278
31284
31290
31291
31293
31299
31300
31301
31308
31313
31314
31316
31322
31333
31337
31341
31342
31347
31353
31356
31357
31358
31360
31361
31374
31385
31386
31389
31395
31400
31410
31411
31413
31414
31418
31429
31434
31435
31440
31444
31447
31452
31454
31462
31471
31478
31484
31490
31502
31505
31507
31513
31518
31524
31529
31535
31539
31555
31566
31569
31582
31584
31590
31592
31607
31613
31625
31628
31631
31633
31637
31644
31650
31651
31654
31663
31670
31672
31673
31676
31679
31690
31691
31696
31697
31701
31707
31709
31712
31715
31716
31719
31720
31722
31737
31749
31754
31755
31759
31760
31762
31764
31767
31768
31770
31773
31775
31776
31781
31782
31784
31788
31792
31803
31807
31813
31827
31828
31832
31840
31852
31862
31870
31884
31888
31891
31897
31899
31903
31910
31919
31923
31925
31927
31928
31961
31962
31963
31968
31974
31976
31978
31979
31981
31988
31989
31992
31997
31999
32005
32006
32008
32009
32020
32025
32038
32039
32051
32056
32060
32061
32074
32093
32099
32101
32103
32112
32119
32131
32136
32139
32165
32167
32171
32180
32187
32188
32191
32193
32202
32206
32207
32216
32220
32223
32228
32232
32261
32263
32273
32281
32284
32289
32294
32298
32300
32304
32307
32311
32312
32323
32331
32337
32339
32340
32353
32360
32367
32371
32375
32383
32386
32389
32390
32393
32399
32419
32421
32425
32427
32428
32429
32430
32437
32439
32446
32451
32456
32458
32460
32461
32466
32473
32474
32490
32499
32501
32502
32512
32514
32515
32519
32526
32527
32528
32531
32539
32547
32549
32552
32555
32563
32589
32591
32597
32600
32602
32611
32613
32620
32627
32630
32646
32653
32658
32662
32667
32694
32698
32703
32707
32709
32713
32714
32716
32719
32730
32731
32733
32743
32744
32745
32750
32756
32763
