17 13107
0
11
25
30
34
52
54
57
78
91
110
120
126
130
132
135
158
179
184
207
219
228
229
234
237
243
250
279
283
300
303
309
321
327
338
339
345
359
370
373
374
379
385
387
407
447
453
472
484
487
488
497
504
507
508
514
517
522
532
543
552
572
608
619
637
640
666
693
696
724
728
731
735
747
749
755
756
768
796
798
808
813
828
830
835
855
889
917
927
944
952
973
978
980
994
996
1018
1041
1043
1046
1054
1080
1086
1090
1095
1099
1100
1105
1106
1108
1119
1122
1135
1137
1162
1164
1181
1198
1244
1249
1252
1254
1269
1278
1282
1307
1329
1340
1345
1363
1372
1382
1385
1388
1390
1409
1410
1450
1474
1483
1490
1507
1518
1524
1532
1545
1553
1557
1585
1591
1594
1597
1617
1641
1647
1652
1656
1662
1673
1687
1701
1728
1737
1745
1748
1778
1779
1794
1797
1801
1811
1814
1817
1820
1831
1836
1838
1841
1853
1855
1857
1859
1902
1903
1908
1917
1944
1948
1959
2002
2018
2045
2053
2061
2064
2065
2070
2072
2073
2078
2079
2081
2082
2102
2110
2113
2147
2148
2154
2159
2171
2180
2181
2183
2184
2185
2210
2231
2236
2248
2252
2255
2268
2276
2279
2284
2293
2313
2326
2327
2334
2348
2356
2391
2432
2449
2450
2452
2455
2468
2470
2473
2533
2581
2585
2586
2587
2597
2603
2635
2638
2639
2661
2681
2682
2686
2697
2699
2709
2726
2735
2738
2739
2742
2749
2768
2773
2780
2826
2832
2840
2844
2850
2862
2889
2890
2932
2962
2976
2985
2990
2999
3008
3010
3012
3020
3027
3031
3032
3033
3048
3051
3066
3079
3090
3098
3100
3117
3122
3128
3135
3149
3160
3163
3177
3188
3191
3212
3216
3227
3239
3266
3283
3303
3317
3339
3351
3358
3362
3366
3367
3405
3418
3425
3449
3464
3472
3482
3489
3491
3504
3508
3521
3529
3533
3536
3541
3548
3566
3584
3590
3592
3605
3625
3626
3645
3664
3668
3676
3695
3717
3719
3752
3759
3765
3779
3784
3786
3788
3803
3808
3817
3825
3826
3837
3839
3840
3859
3867
3875
3897
3913
3928
3942
3970
3972
3978
4017
4035
4036
4050
4052
4063
4112
4115
4120
4158
4163
4175
4187
4188
4197
4217
4223
4225
4229
4230
4236
4255
4258
4265
4268
4275
4282
4293
4300
4302
4309
4312
4313
4339
4353
4355
4369
4370
4393
4401
4416
4434
4448
4465
4473
4476
4477
4498
4501
4502
4504
4512
4520
4521
4524
4526
4529
4555
4556
4568
4575
4585
4589
4592
4596
4606
4609
4612
4617
4628
4640
4649
4651
4669
4671
4677
4682
4687
4697
4698
4699
4716
4726
4729
4740
4754
4769
4770
4776
4780
4788
4793
4796
4798
4837
4846
4858
4862
4863
4890
4895
4904
4909
4920
4926
4935
4940
4951
4954
4970
4983
4996
5002
5017
5028
5039
5044
5052
5062
5072
5075
5079
5089
5092
5093
5128
5140
5143
5163
5178
5182
5200
5206
5208
5209
5222
5225
5237
5246
5254
5289
5290
5300
5305
5308
5310
5312
5313
5334
5338
5343
5364
5384
5395
5401
5402
5406
5412
5414
5429
5433
5435
5436
5444
5468
5469
5484
5511
5514
5516
5526
5531
5552
5565
5567
5571
5589
5602
5611
5617
5620
5627
5632
5640
5641
5662
5663
5664
5672
5680
5682
5685
5687
5711
5719
5730
5736
5738
5750
5752
5767
5773
5782
5788
5799
5804
5824
5845
5853
5869
5893
5899
5928
5952
5970
5979
5985
5994
6005
6025
6049
6078
6110
6113
6126
6135
6137
6139
6147
6151
6162
6163
6165
6180
6188
6207
6224
6236
6246
6260
6276
6293
6313
6342
6349
6358
6359
6371
6385
6393
6403
6416
6417
6420
6445
6447
6448
6451
6453
6455
6461
6462
6469
6471
6478
6487
6502
6503
6506
6518
6531
6533
6540
6545
6546
6547
6558
6560
6571
6575
6590
6596
6605
6607
6646
6656
6660
6674
6690
6691
6701
6716
6723
6726
6729
6730
6744
6754
6758
6767
6786
6794
6800
6814
6815
6819
6830
6835
6840
6843
6844
6861
6864
6885
6890
6899
6901
6934
6936
6947
6974
6994
7005
7018
7022
7028
7030
7037
7045
7051
7053
7054
7066
7067
7070
7073
7097
7127
7134
7139
7166
7168
7173
7181
7187
7201
7202
7208
7216
7217
7242
7259
7282
7297
7300
7326
7334
7337
7339
7353
7359
7361
7371
7387
7393
7410
7414
7428
7430
7432
7445
7448
7452
7458
7465
7471
7485
7495
7499
7541
7543
7553
7559
7563
7570
7583
7585
7594
7614
7633
7639
7643
7660
7666
7691
7700
7702
7707
7708
7722
7727
7741
7752
7764
7771
7788
7799
7802
7803
7810
7811
7812
7851
7892
7894
7899
7948
7978
7994
8003
8004
8015
8016
8034
8037
8046
8055
8058
8060
8077
8079
8125
8133
8137
8144
8148
8150
8156
8158
8168
8182
8184
8188
8193
8208
8209
8230
8258
8260
8261
8263
8264
8272
8279
8285
8304
8322
8334
8352
8366
8381
8388
8389
8397
8403
8405
8426
8468
8502
8506
8524
8528
8529
8532
8536
8538
8541
8553
8556
8558
8567
8570
8573
8583
8617
8622
8626
8635
8660
8689
8690
8696
8700
8725
8731
8736
8737
8746
8749
8753
8754
8758
8767
8770
8786
8802
8804
8808
8811
8819
8822
8834
8847
8849
8852
8859
8862
8863
8866
8880
8883
8890
8893
8897
8923
8939
8951
8956
8960
8963
8968
8978
8979
8980
8983
8990
8998
9000
9004
9014
9021
9029
9052
9069
9081
9099
9112
9117
9119
9121
9133
9137
9151
9153
9169
9175
9178
9187
9196
9199
9202
9216
9227
9230
9231
9254
9290
9292
9299
9316
9328
9331
9342
9351
9369
9372
9387
9393
9397
9434
9440
9451
9457
9471
9479
9482
9483
9496
9519
9541
9546
9556
9564
9576
9584
9587
9625
9648
9649
9656
9660
9668
9672
9689
9692
9693
9701
9707
9711
9714
9717
9720
9721
9730
9731
9745
9747
9757
9773
9790
9814
9815
9827
9830
9833
9848
9861
9872
9880
9883
9885
9897
9900
9904
9933
9938
9953
10007
10010
10020
10025
10029
10040
10045
10047
10053
10058
10060
10084
10086
10087
10088
10092
10108
10111
10124
10132
10139
10142
10150
10176
10177
10184
10185
10187
10201
10217
10218
10226
10227
10233
10236
10242
10268
10277
10282
10300
10304
10317
10319
10332
10340
10344
10357
10388
10396
10415
10417
10425
10451
10458
10459
10478
10499
10501
10507
10514
10517
10549
10551
10557
10565
10571
10578
10581
10589
10597
10604
10617
10620
10622
10659
10662
10664
10666
10668
10670
10677
10683
10696
10718
10750
10765
10775
10815
10817
10839
10841
10854
10866
10875
10891
10895
10922
10929
10933
10939
10945
10961
10966
10968
10989
10992
10999
11023
11048
11066
11067
11071
11072
11074
11075
11082
11115
11116
11123
11126
11132
11135
11140
11142
11157
11190
11191
11194
11195
11196
11203
11216
11227
11238
11255
11260
11270
11271
11277
11286
11289
11297
11299
11304
11305
11323
11327
11332
11345
11375
11378
11384
11399
11404
11422
11430
11450
11454
11460
11495
11513
11519
11521
11528
11535
11543
11567
11568
11576
11577
11587
11602
11614
11620
11622
11640
11643
11670
11675
11681
11713
11717
11722
11731
11737
11746
11747
11757
11778
11784
11786
11791
11792
11793
11819
11821
11826
11830
11831
11833
11837
11857
11859
11882
11889
11892
11893
11897
11900
11901
11911
11913
11937
11941
11942
11946
11968
11975
11982
11985
12002
12004
12012
12040
12060
12081
12094
12100
12106
12126
12133
12136
12144
12148
12149
12162
12198
12200
12204
12230
12232
12234
12242
12264
12270
12281
12282
12283
12292
12295
12323
12326
12344
12365
12370
12384
12385
12389
12393
12400
12423
12425
12437
12449
12472
12473
12480
12505
12507
12524
12527
12528
12534
12541
12545
12562
12563
12564
12567
12592
12600
12608
12613
12616
12638
12657
12666
12669
12681
12687
12704
12706
12709
12711
12713
12730
12748
12751
12758
12763
12768
12779
12785
12807
12819
12820
12840
12857
12912
12918
12926
12943
12969
12970
12973
12981
12985
12987
12995
13027
13029
13040
13054
13065
13077
13081
13083
13099
13127
13134
13144
13172
13180
13193
13198
13199
13203
13205
13213
13216
13225
13230
13235
13238
13253
13281
13283
13288
13301
13302
13305
13318
13321
13328
13341
13357
13363
13372
13389
13401
13403
13410
13419
13421
13430
13445
13447
13491
13501
13503
13514
13521
13526
13532
13545
13546
13553
13557
13562
13571
13580
13582
13586
13589
13627
13634
13666
13669
13670
13676
13682
13725
13729
13748
13772
13777
13780
13782
13792
13807
13813
13832
13849
13850
13851
13853
13877
13891
13898
13899
13909
13913
13922
13959
13964
13971
14001
14007
14010
14013
14016
14025
14028
14029
14049
14066
14072
14075
14082
14090
14101
14104
14105
14114
14115
14119
14125
14127
14173
14190
14214
14225
14226
14244
14258
14263
14281
14286
14287
14290
14309
14318
14322
14323
14331
14348
14350
14358
14364
14368
14369
14387
14391
14392
14400
14410
14414
14415
14440
14460
14463
14497
14499
14511
14519
14521
14529
14547
14550
14560
14566
14576
14581
14585
14594
14599
14600
14604
14616
14617
14637
14646
14653
14659
14662
14668
14672
14685
14690
14695
14697
14701
14720
14745
14746
14755
14756
14763
14765
14788
14794
14797
14801
14809
14816
14819
14826
14832
14851
14876
14886
14891
14895
14899
14902
14911
14928
14944
14947
15048
15056
15062
15066
15073
15074
15085
15111
15113
15118
15122
15126
15127
15136
15167
15170
15178
15187
15201
15207
15225
15232
15244
15246
15256
15276
15295
15309
15314
15319
15322
15326
15333
15334
15341
15342
15344
15355
15363
15403
15427
15439
15441
15448
15468
15472
15475
15482
15486
15493
15497
15502
15503
15510
15532
15534
15546
15556
15558
15577
15580
15584
15596
15597
15609
15616
15623
15640
15642
15647
15676
15683
15686
15687
15726
15732
15736
15747
15755
15767
15787
15807
15812
15820
15824
15828
15862
15869
15872
15907
15918
15931
15932
15945
15948
15953
15967
15990
15991
16019
16022
16026
16029
16034
16045
16046
16069
16085
16087
16088
16091
16120
16136
16138
16159
16183
16188
16189
16195
16199
16201
16208
16212
16213
16221
16231
16241
16262
16266
16284
16298
16301
16311
16316
16326
16348
16372
16384
16400
16414
16423
16441
16445
16452
16460
16488
16489
16519
16521
16526
16531
16541
16546
16547
16567
16569
16572
16576
16609
16615
16617
16618
16622
16637
16647
16653
16656
16660
16668
16687
16695
16699
16713
16715
16729
16751
16752
16754
16756
16761
16770
16774
16779
16788
16794
16796
16797
16808
16825
16828
16834
16840
16847
16854
16885
16893
16895
16929
16945
16947
16988
16994
17003
17008
17026
17027
17029
17046
17054
17060
17081
17087
17091
17092
17170
17193
17260
17264
17265
17272
17278
17280
17281
17283
17289
17301
17317
17319
17324
17329
17334
17366
17379
17393
17394
17396
17409
17429
17459
17461
17476
17479
17485
17486
17488
17493
17514
17531
17533
17537
17567
17572
17582
17591
17612
17617
17619
17620
17632
17637
17644
17663
17675
17678
17679
17680
17688
17713
17714
17726
17729
17734
17742
17747
17753
17769
17770
17772
17783
17789
17792
17803
17834
17838
17844
17896
17901
17904
17909
17918
17920
17930
17932
17940
17949
17978
17989
17991
18012
18013
18019
18027
18033
18037
18050
18053
18055
18064
18074
18080
18089
18091
18099
18101
18119
18133
18137
18142
18150
18152
18154
18164
18168
18175
18183
18189
18201
18203
18204
18216
18221
18225
18239
18241
18250
18270
18273
18289
18293
18308
18316
18318
18339
18344
18345
18348
18352
18358
18361
18378
18381
18401
18412
18422
18447
18449
18454
18460
18487
18492
18494
18519
18523
18537
18560
18586
18591
18593
18607
18608
18619
18620
18648
18654
18666
18676
18677
18678
18688
18690
18702
18722
18731
18732
18736
18744
18766
18777
18785
18786
18788
18792
18796
18835
18843
18847
18873
18893
18894
18896
18905
18909
18914
18936
18954
18956
18966
18978
18983
18994
19033
19039
19051
19055
19060
19071
19077
19079
19080
19081
19089
19107
19125
19127
19133
19172
19173
19189
19204
19216
19231
19241
19242
19249
19282
19286
19287
19291
19302
19305
19309
19314
19315
19322
19328
19343
19347
19359
19368
19375
19377
19380
19399
19403
19416
19446
19451
19470
19476
19484
19485
19489
19490
19506
19524
19553
19556
19564
19569
19591
19597
19598
19599
19604
19605
19608
19629
19633
19639
19660
19662
19667
19676
19688
19692
19695
19701
19712
19715
19728
19747
19751
19756
19757
19768
19784
19787
19788
19792
19800
19814
19843
19847
19850
19861
19868
19878
19888
19899
19913
19918
19947
19948
19949
19953
19975
19992
19999
20015
20023
20035
20037
20067
20089
20092
20093
20095
20099
20108
20125
20127
20135
20149
20154
20161
20173
20190
20195
20197
20229
20235
20238
20251
20260
20261
20265
20277
20281
20305
20311
20312
20329
20333
20338
20343
20358
20361
20363
20371
20383
20394
20395
20410
20424
20462
20478
20489
20491
20525
20526
20530
20531
20535
20540
20560
20562
20571
20576
20580
20608
20614
20627
20638
20639
20648
20650
20655
20656
20666
20677
20680
20705
20726
20731
20734
20769
20771
20781
20790
20791
20792
20818
20821
20825
20835
20850
20857
20863
20873
20888
20891
20925
20936
20951
20958
20961
20964
20967
20974
20985
20989
20990
20999
21041
21067
21071
21075
21078
21093
21102
21119
21125
21134
21140
21147
21209
21215
21236
21257
21258
21267
21269
21278
21286
21306
21318
21332
21339
21354
21361
21370
21375
21376
21386
21404
21427
21444
21445
21453
21458
21464
21468
21472
21478
21488
21498
21503
21504
21507
21518
21524
21546
21547
21551
21568
21574
21575
21590
21592
21594
21613
21620
21631
21641
21647
21651
21667
21676
21677
21680
21681
21682
21691
21693
21694
21696
21706
21711
21714
21727
21734
21743
21768
21780
21793
21802
21803
21807
21814
21817
21820
21828
21837
21849
21857
21869
21870
21881
21893
21918
21930
21946
21948
21951
21952
21961
21967
21979
21987
21990
21992
21999
22009
22014
22039
22046
22067
22078
22106
22113
22114
22142
22144
22147
22150
22161
22165
22178
22191
22214
22245
22255
22269
22277
22310
22320
22326
22338
22345
22356
22357
22378
22383
22388
22398
22439
22446
22467
22472
22486
22501
22512
22516
22520
22521
22548
22553
22558
22563
22572
22586
22605
22608
22627
22632
22662
22684
22714
22721
22722
22736
22759
22762
22766
22788
22789
22792
22828
22837
22838
22850
22858
22861
22873
22874
22884
22886
22889
22900
22931
22933
22951
22958
22962
22972
23004
23024
23026
23030
23033
23048
23060
23063
23065
23072
23076
23077
23087
23092
23093
23108
23109
23139
23141
23143
23153
23157
23172
23229
23241
23255
23257
23263
23273
23277
23281
23296
23297
23298
23310
23312
23326
23327
23338
23348
23350
23362
23367
23370
23374
23383
23392
23415
23460
23461
23466
23501
23521
23524
23525
23546
23547
23567
23574
23575
23585
23592
23619
23627
23637
23639
23657
23660
23663
23665
23678
23697
23703
23708
23712
23717
23722
23724
23740
23754
23758
23779
23780
23787
23796
23821
23843
23850
23855
23869
23907
23912
23923
23926
23933
23938
23948
23950
23967
23973
23989
23998
24004
24008
24027
24034
24043
24049
24071
24076
24077
24079
24081
24083
24085
24086
24091
24094
24109
24114
24116
24118
24133
24141
24151
24161
24162
24171
24190
24198
24207
24209
24227
24248
24250
24254
24256
24265
24276
24293
24305
24317
24336
24338
24341
24349
24366
24377
24398
24404
24408
24410
24411
24413
24431
24432
24456
24461
24462
24464
24465
24475
24481
24491
24501
24512
24514
24535
24537
24540
24544
24552
24568
24569
24572
24601
24606
24620
24649
24657
24671
24676
24682
24714
24721
24722
24730
24753
24754
24766
24768
24773
24779
24782
24784
24788
24792
24798
24813
24818
24831
24845
24852
24862
24875
24877
24899
24901
24916
24919
24925
24927
24934
24937
24951
24954
24962
24987
25005
25012
25017
25018
25030
25041
25056
25060
25088
25119
25143
25147
25157
25178
25194
25195
25196
25204
25233
25239
25258
25286
25305
25311
25312
25313
25331
25337
25347
25348
25392
25400
25401
25402
25403
25407
25415
25438
25444
25447
25480
25486
25516
25522
25552
25553
25562
25565
25603
25615
25635
25636
25639
25644
25654
25677
25682
25694
25696
25697
25698
25704
25707
25728
25743
25759
25772
25789
25791
25797
25800
25809
25824
25835
25842
25859
25863
25869
25871
25875
25876
25877
25886
25893
25895
25915
25929
25943
25953
25970
25975
25980
25983
25984
26006
26011
26024
26046
26048
26049
26061
26068
26078
26088
26112
26123
26131
26135
26137
26146
26167
26183
26184
26188
26189
26201
26203
26226
26240
26246
26250
26261
26265
26282
26301
26303
26306
26322
26323
26325
26334
26360
26361
26362
26369
26376
26384
26387
26391
26417
26449
26458
26467
26468
26473
26479
26493
26504
26542
26555
26565
26568
26572
26577
26590
26618
26630
26648
26662
26672
26676
26685
26693
26700
26703
26720
26721
26735
26799
26801
26804
26808
26814
26815
26832
26841
26866
26877
26886
26892
26897
26898
26899
26925
26926
26931
26957
26958
26969
26978
26985
26987
26995
27002
27030
27032
27038
27039
27048
27054
27060
27072
27089
27098
27102
27112
27132
27150
27156
27160
27161
27176
27237
27241
27252
27256
27257
27259
27269
27274
27286
27293
27302
27334
27342
27352
27354
27357
27365
27371
27372
27388
27390
27418
27421
27425
27429
27430
27445
27458
27462
27464
27468
27477
27493
27505
27509
27510
27521
27575
27577
27587
27606
27613
27618
27623
27640
27648
27652
27658
27666
27699
27702
27707
27711
27744
27752
27753
27790
27792
27810
27834
27853
27867
27873
27892
27896
27905
27907
27908
27927
27932
27935
27947
27955
27961
27964
27982
27983
27993
27994
28017
28024
28027
28048
28050
28054
28056
28062
28068
28070
28072
28094
28108
28119
28121
28125
28127
28132
28146
28151
28156
28176
28197
28200
28248
28252
28285
28287
28295
28300
28304
28306
28320
28323
28326
28340
28347
28367
28384
28389
28392
28409
28419
28442
28453
28462
28466
28473
28485
28518
28520
28534
28544
28548
28558
28583
28595
28596
28610
28624
28632
28633
28649
28667
28671
28672
28675
28678
28690
28710
28712
28721
28726
28730
28748
28761
28772
28774
28779
28780
28783
28789
28831
28841
28843
28859
28862
28890
28918
28940
28962
28968
28975
28987
28990
29003
29011
29016
29017
29021
29024
29044
29050
29057
29077
29095
29104
29112
29117
29127
29150
29151
29163
29168
29177
29205
29207
29210
29227
29246
29260
29270
29275
29277
29278
29293
29310
29313
29319
29335
29340
29348
29359
29414
29430
29437
29438
29469
29493
29495
29501
29507
29533
29539
29641
29644
29649
29654
29659
29674
29675
29699
29738
29744
29798
29816
29820
29840
29846
29853
29854
29860
29867
29874
29877
29883
29900
29908
29913
29922
29926
29957
29959
30017
30021
30025
30027
30041
30084
30109
30119
30123
30124
30144
30171
30173
30183
30202
30210
30231
30235
30258
30272
30279
30292
30312
30313
30322
30328
30329
30335
30339
30377
30395
30403
30411
30424
30429
30432
30440
30462
30482
30494
30503
30507
30511
30514
30528
30546
30555
30557
30559
30593
30596
30610
30616
30619
30624
30628
30641
30642
30657
30665
30667
30673
30676
30697
30707
30718
30758
30759
30783
30790
30794
30795
30797
30813
30819
30823
30827
30883
30884
30896
30897
30909
30911
30912
30922
30927
30928
30936
30944
30951
30959
30962
30971
30978
30984
31003
31009
31024
31034
31054
31113
31116
31118
31130
31136
31138
31140
31141
31161
31163
31175
31178
31191
31198
31205
31207
31219
31236
31238
31244
31259
31269
31284
31288
31290
31291
31292
31299
31300
31308
31314
31315
31316
31322
31329
31332
31333
31342
31343
31358
31360
31366
31374
31382
31386
31395
31435
31440
31443
31445
31452
31491
31496
31504
31535
31572
31582
31588
31592
31609
31651
31654
31663
31673
31676
31699
31707
31722
31733
31749
31755
31758
31759
31762
31767
31768
31770
31775
31776
31789
31812
31834
31852
31854
31859
31870
31874
31887
31897
31903
31923
31940
31949
31951
31962
31963
31970
31974
31978
31980
31992
31997
32025
32038
32052
32060
32069
32091
32095
32117
32119
32139
32165
32180
32188
32189
32191
32215
32220
32223
32224
32232
32241
32249
32251
32253
32254
32269
32289
32294
32298
32310
32321
32333
32337
32340
32351
32362
32364
32370
32373
32375
32383
32419
32430
32433
32439
32463
32472
32473
32479
32481
32487
32500
32519
32526
32541
32563
32565
32591
32595
32620
32642
32645
32662
32667
32684
32694
32698
32703
32728
32730
32744
32745
32750
32765
32772
32789
32791
32798
32802
32810
32837
32846
32866
32874
32879
32893
32896
32912
32918
32941
32943
32964
32971
32988
33001
33010
33065
33076
33082
33087
33095
33126
33144
33175
33176
33177
33179
33183
33184
33204
33205
33207
33223
33247
33256
33268
33282
33291
33292
33294
33301
33304
33314
33326
33336
33339
33351
33369
33379
33399
33408
33415
33430
33433
33445
33448
33456
33462
33463
33465
33491
33496
33511
33515
33527
33533
33539
33541
33559
33573
33575
33582
33585
33589
33602
33606
33610
33620
33631
33645
33647
33656
33659
33661
33665
33670
33689
33693
33707
33748
33780
33807
33826
33849
33855
33856
33870
33873
33894
33923
33930
33957
33961
33963
33971
33980
33995
34002
34012
34017
34026
34028
34032
34034
34041
34050
34067
34070
34080
34099
34107
34109
34121
34123
34125
34127
34140
34147
34151
34158
34160
34164
34170
34175
34181
34193
34195
34203
34210
34235
34242
34262
34268
34269
34296
34306
34312
34326
34328
34334
34340
34347
34353
34363
34372
34381
34393
34397
34398
34407
34419
34426
34427
34447
34483
34494
34495
34496
34510
34511
34526
34542
34547
34552
34553
34575
34584
34590
34605
34606
34617
34619
34629
34631
34636
34642
34646
34661
34671
34690
34707
34729
34739
34744
34768
34775
34781
34784
34793
34800
34803
34808
34829
34834
34848
34849
34851
34855
34859
34867
34869
34924
34927
34930
34936
34940
34952
34954
34955
34980
34981
34986
34994
34997
34998
35006
35026
35031
35053
35063
35066
35073
35098
35119
35122
35123
35136
35142
35155
35167
35172
35178
35181
35200
35218
35219
35228
35241
35249
35250
35253
35263
35281
35282
35293
35305
35314
35318
35324
35329
35333
35339
35350
35370
35392
35453
35454
35472
35494
35501
35510
35514
35524
35531
35541
35551
35553
35566
35575
35581
35582
35584
35595
35597
35606
35623
35644
35645
35653
35693
35707
35720
35730
35748
35761
35768
35771
35800
35803
35806
35819
35835
35855
35857
35859
35867
35899
35907
35915
35920
35945
35966
35972
35978
35991
36010
36021
36022
36026
36028
36054
36056
36065
36082
36103
36104
36128
36130
36139
36140
36148
36160
36165
36170
36195
36205
36208
36212
36230
36240
36243
36254
36280
36287
36290
36320
36322
36334
36348
36353
36370
36374
36393
36408
36410
36427
36430
36436
36465
36473
36475
36483
36499
36502
36505
36510
36526
36527
36531
36535
36549
36571
36576
36596
36603
36607
36622
36623
36643
36645
36652
36660
36678
36682
36687
36713
36740
36748
36755
36756
36766
36780
36800
36810
36812
36819
36823
36830
36831
36836
36864
36873
36874
36881
36882
36884
36886
36889
36912
36919
36937
36964
36970
36978
36988
36993
37000
37019
37035
37037
37040
37044
37048
37052
37053
37054
37058
37059
37062
37063
37065
37067
37077
37088
37089
37093
37115
37116
37126
37139
37159
37163
37165
37188
37193
37196
37201
37222
37236
37277
37294
37297
37304
37311
37327
37331
37359
37373
37382
37388
37393
37397
37410
37429
37431
37439
37450
37453
37456
37457
37472
37489
37492
37493
37509
37514
37533
37547
37554
37556
37559
37566
37576
37594
37599
37610
37614
37621
37622
37623
37629
37638
37658
37661
37690
37702
37751
37759
37762
37772
37787
37788
37791
37813
37816
37822
37825
37849
37856
37858
37862
37870
37877
37885
37894
37897
37900
37913
37918
37924
37926
37930
37963
37983
37993
37996
38004
38012
38024
38025
38035
38037
38057
38064
38075
38081
38093
38105
38106
38111
38143
38148
38152
38154
38168
38185
38187
38192
38201
38204
38236
38238
38242
38246
38255
38260
38275
38311
38313
38328
38353
38355
38362
38371
38375
38377
38389
38397
38400
38412
38435
38437
38446
38464
38477
38478
38496
38500
38502
38509
38513
38515
38522
38524
38540
38554
38567
38586
38606
38622
38631
38672
38680
38713
38716
38717
38727
38737
38747
38749
38751
38752
38754
38776
38797
38827
38836
38843
38845
38849
38851
38857
38859
38879
38886
38892
38901
38904
38914
38923
38925
38926
38927
38930
38952
38958
38973
38974
38976
38978
38984
38987
39010
39017
39032
39035
39047
39056
39068
39087
39089
39092
39093
39099
39108
39119
39141
39142
39143
39154
39160
39170
39175
39176
39178
39189
39192
39226
39236
39250
39262
39269
39270
39283
39291
39310
39311
39315
39329
39336
39349
39358
39394
39406
39410
39422
39426
39431
39454
39468
39470
39473
39480
39486
39489
39491
39495
39507
39508
39523
39527
39553
39561
39571
39574
39580
39591
39603
39616
39623
39638
39645
39655
39662
39671
39688
39691
39719
39723
39746
39755
39761
39765
39766
39775
39781
39790
39795
39800
39818
39830
39835
39843
39851
39905
39919
39920
39923
39926
39929
39937
39941
39944
39961
39965
39979
39985
39986
39989
39995
40002
40005
40008
40013
40018
40021
40035
40039
40066
40094
40096
40098
40107
40127
40133
40137
40140
40145
40155
40162
40177
40178
40179
40202
40225
40228
40231
40239
40250
40251
40279
40283
40306
40309
40312
40317
40332
40335
40347
40348
40351
40356
40361
40371
40374
40377
40379
40389
40411
40414
40428
40439
40443
40450
40454
40467
40469
40493
40495
40562
40574
40575
40578
40592
40596
40612
40615
40627
40639
40671
40676
40684
40686
40724
40731
40761
40764
40780
40782
40790
40806
40810
40813
40827
40846
40850
40855
40879
40880
40888
40892
40906
40914
40917
40929
40947
40969
40998
41005
41023
41032
41035
41046
41060
41077
41078
41113
41114
41121
41134
41136
41146
41150
41153
41154
41168
41174
41190
41191
41243
41268
41287
41304
41317
41318
41321
41339
41340
41357
41363
41367
41385
41407
41411
41424
41440
41458
41468
41473
41475
41500
41508
41530
41542
41555
41558
41569
41576
41578
41580
41584
41590
41599
41609
41612
41618
41629
41653
41658
41659
41670
41680
41688
41693
41698
41708
41710
41722
41735
41740
41745
41761
41763
41770
41776
41787
41798
41803
41811
41812
41833
41835
41838
41842
41856
41875
41881
41891
41893
41896
41905
41916
41917
41920
41922
41942
41944
41946
41990
42003
42007
42009
42034
42042
42053
42060
42134
42135
42146
42162
42170
42187
42202
42203
42235
42237
42263
42267
42274
42280
42325
42347
42354
42355
42363
42364
42365
42381
42410
42437
42460
42475
42479
42488
42502
42507
42513
42517
42525
42532
42533
42536
42552
42566
42570
42578
42598
42618
42621
42652
42658
42666
42669
42694
42700
42717
42724
42729
42738
42759
42792
42797
42800
42804
42805
42813
42814
42822
42823
42827
42840
42848
42852
42855
42857
42858
42861
42868
42869
42874
42886
42902
42910
42920
42922
42937
42941
42952
42955
42963
42974
42975
42981
42984
42993
43000
43008
43024
43027
43044
43049
43060
43062
43069
43086
43092
43095
43098
43120
43124
43130
43153
43176
43182
43187
43191
43194
43195
43203
43207
43221
43222
43241
43243
43255
43263
43265
43274
43278
43294
43301
43305
43322
43329
43334
43338
43341
43342
43348
43354
43370
43392
43401
43405
43416
43433
43434
43452
43455
43459
43479
43480
43488
43490
43491
43492
43497
43499
43502
43519
43527
43540
43574
43593
43594
43595
43608
43610
43616
43634
43643
43648
43649
43652
43660
43677
43683
43691
43700
43734
43768
43786
43797
43799
43807
43812
43818
43822
43831
43837
43854
43855
43856
43858
43892
43898
43899
43912
43927
43930
43934
43943
43947
43965
43968
43974
43981
44023
44034
44038
44076
44086
44091
44095
44105
44106
44129
44136
44144
44157
44160
44175
44178
44185
44202
44208
44212
44233
44235
44246
44250
44264
44270
44284
44289
44314
44320
44327
44330
44340
44354
44363
44394
44399
44400
44419
44429
44434
44441
44462
44465
44478
44480
44486
44493
44494
44500
44511
44516
44519
44538
44560
44561
44563
44570
44574
44580
44583
44589
44591
44596
44597
44600
44606
44611
44616
44669
44670
44683
44685
44697
44704
44714
44726
44735
44738
44740
44745
44753
44761
44769
44776
44777
44790
44798
44802
44803
44806
44807
44829
44844
44849
44854
44867
44890
44905
44911
44913
44929
44931
44932
44933
44936
44938
44943
44982
44997
45000
45011
45016
45061
45067
45078
45084
45094
45106
45110
45113
45118
45130
45131
45132
45139
45159
45167
45218
45222
45230
45243
45263
45275
45302
45306
45312
45314
45322
45330
45353
45360
45364
45437
45439
45444
45458
45470
45479
45480
45482
45489
45500
45512
45522
45541
45576
45580
45595
45608
45650
45660
45669
45673
45682
45698
45700
45716
45719
45727
45740
45742
45752
45758
45763
45770
45776
45791
45796
45803
45823
45837
45880
45887
45895
45924
45927
45934
45942
45947
45950
45968
45975
45995
45996
46002
46025
46034
46039
46061
46072
46086
46102
46105
46106
46113
46119
46144
46151
46223
46229
46237
46263
46267
46278
46282
46287
46299
46305
46328
46334
46337
46350
46376
46383
46386
46389
46404
46415
46432
46436
46446
46449
46450
46457
46475
46476
46487
46498
46510
46511
46530
46531
46533
46534
46542
46558
46561
46574
46579
46582
46590
46596
46598
46610
46613
46620
46627
46629
46637
46642
46663
46670
46680
46707
46715
46722
46724
46750
46756
46791
46805
46806
46821
46830
46839
46841
46847
46854
46867
46873
46888
46895
46899
46975
46996
47001
47015
47017
47037
47038
47040
47044
47045
47048
47066
47073
47080
47086
47091
47101
47110
47111
47116
47122
47128
47134
47143
47160
47199
47203
47208
47222
47223
47233
47236
47241
47245
47250
47270
47296
47297
47310
47324
47348
47353
47356
47377
47378
47384
47402
47404
47405
47409
47411
47426
47431
47439
47440
47463
47485
47489
47510
47516
47537
47555
47586
47592
47602
47606
47617
47620
47624
47635
47638
47641
47643
47645
47648
47652
47669
47678
47691
47707
47712
47716
47719
47727
47737
47746
47752
47770
47772
47773
47780
47790
47793
47795
47806
47808
47809
47812
47829
47830
47834
47851
47873
47899
47906
47911
47914
47925
47945
47951
47953
47963
47968
47969
47979
47980
47993
47996
47998
48019
48021
48031
48043
48054
48060
48067
48079
48095
48097
48107
48110
48112
48119
48125
48129
48132
48141
48142
48164
48168
48172
48180
48189
48215
48231
48244
48251
48271
48273
48276
48278
48290
48292
48293
48303
48326
48333
48334
48335
48344
48348
48349
48357
48358
48372
48374
48387
48406
48412
48415
48431
48440
48450
48463
48479
48486
48488
48489
48495
48496
48521
48530
48537
48539
48543
48560
48579
48588
48598
48605
48606
48612
48622
48624
48625
48637
48641
48642
48650
48673
48674
48679
48683
48702
48707
48712
48734
48737
48743
48753
48760
48768
48829
48842
48866
48883
48888
48897
48899
48906
48945
48950
48970
48988
48996
49007
49008
49014
49022
49056
49058
49064
49089
49100
49102
49109
49115
49117
49121
49126
49134
49135
49157
49160
49163
49164
49166
49167
49174
49176
49182
49187
49208
49210
49213
49219
49254
49262
49286
49298
49304
49309
49310
49320
49322
49327
49334
49350
49351
49360
49369
49376
49383
49387
49391
49392
49396
49398
49401
49405
49409
49427
49444
49446
49449
49450
49471
49473
49484
49491
49493
49497
49512
49525
49541
49544
49545
49563
49570
49572
49584
49591
49598
49611
49614
49615
49620
49627
49630
49637
49638
49643
49658
49682
49684
49699
49702
49706
49724
49731
49733
49740
49742
49744
49745
49747
49751
49777
49799
49802
49804
49806
49813
49819
49825
49855
49871
49880
49891
49900
49907
49932
49934
49935
49952
49970
50013
50016
50061
50062
50066
50069
50082
50088
50096
50113
50120
50123
50126
50150
50169
50171
50173
50178
50184
50185
50187
50191
50212
50227
50255
50258
50262
50275
50281
50283
50300
50316
50336
50354
50358
50360
50374
50397
50412
50418
50433
50435
50446
50457
50480
50491
50494
50506
50524
50534
50536
50542
50544
50545
50551
50586
50591
50610
50611
50646
50653
50657
50673
50688
50700
50706
50718
50720
50728
50729
50738
50739
50747
50749
50753
50766
50779
50788
50791
50796
50803
50828
50856
50866
50879
50882
50887
50896
50901
50941
50950
50961
50968
50978
50993
51006
51012
51033
51034
51051
51065
51074
51091
51092
51100
51109
51117
51122
51147
51153
51191
51203
51214
51239
51240
51246
51263
51265
51272
51285
51295
51365
51384
51386
51388
51392
51398
51406
51410
51414
51417
51421
51431
51433
51454
51456
51461
51476
51481
51484
51498
51500
51508
51514
51517
51526
51545
51571
51579
51588
51594
51603
51609
51647
51649
51653
51663
51668
51669
51702
51704
51726
51738
51740
51741
51765
51814
51815
51816
51848
51851
51872
51912
51946
51968
51982
51984
52010
52012
52032
52035
52045
52054
52093
52099
52100
52109
52129
52131
52136
52146
52170
52178
52179
52196
52205
52225
52227
52238
52246
52252
52273
52274
52276
52292
52296
52313
52315
52352
52394
52400
52408
52421
52430
52459
52466
52468
52489
52490
52494
52508
52515
52519
52533
52534
52550
52566
52585
52592
52593
52595
52602
52631
52632
52633
52634
52646
52655
52673
52677
52691
52703
52709
52719
52770
52790
52794
52803
52805
52813
52827
52830
52838
52842
52843
52846
52853
52863
52873
52875
52883
52884
52891
52898
52903
52908
52911
52923
52927
52931
52939
52942
52945
52955
52975
52983
52996
52999
53007
53029
53031
53032
53040
53042
53049
53052
53057
53083
53092
53108
53128
53145
53155
53163
53175
53195
53235
53258
53269
53271
53282
53287
53293
53300
53323
53326
53329
53343
53344
53353
53362
53391
53407
53410
53423
53452
53453
53472
53486
53495
53501
53510
53536
53540
53543
53547
53568
53569
53593
53601
53607
53610
53613
53614
53615
53618
53629
53634
53659
53660
53665
53676
53690
53725
53727
53737
53758
53764
53778
53783
53785
53791
53798
53802
53811
53831
53834
53869
53871
53886
53887
53896
53915
53931
53936
53940
53943
53947
53963
53965
53986
53998
54006
54077
54078
54087
54110
54115
54123
54128
54131
54137
54148
54152
54157
54158
54164
54165
54181
54215
54223
54231
54246
54249
54256
54258
54272
54274
54297
54309
54328
54340
54373
54383
54392
54399
54402
54403
54434
54436
54442
54456
54457
54459
54473
54476
54489
54493
54498
54513
54534
54541
54544
54546
54547
54548
54550
54554
54575
54583
54599
54602
54615
54625
54638
54642
54646
54653
54667
54670
54674
54677
54680
54682
54683
54688
54690
54697
54703
54704
54715
54725
54734
54745
54748
54750
54755
54774
54779
54806
54808
54815
54820
54842
54850
54868
54883
54897
54899
54917
54943
54946
54951
54974
54984
55007
55038
55047
55064
55073
55077
55083
55116
55119
55126
55130
55137
55161
55166
55173
55190
55197
55198
55199
55205
55212
55214
55216
55231
55237
55238
55244
55250
55255
55256
55257
55262
55266
55276
55286
55288
55293
55298
55303
55310
55317
55318
55350
55352
55355
55358
55365
55367
55372
55385
55391
55400
55411
55432
55434
55436
55441
55442
55474
55500
55503
55504
55513
55523
55532
55533
55534
55535
55538
55539
55548
55552
55557
55561
55562
55569
55577
55578
55580
55592
55598
55607
55617
55619
55624
55627
55640
55654
55656
55678
55679
55683
55694
55701
55718
55749
55767
55770
55777
55778
55797
55818
55820
55827
55833
55844
55847
55855
55863
55865
55886
55912
55918
55923
55925
55932
55935
55939
55955
55957
55969
55970
55999
56017
56054
56061
56064
56066
56080
56088
56100
56108
56120
56129
56131
56146
56173
56181
56222
56224
56225
56229
56289
56307
56314
56323
56328
56332
56333
56339
56348
56351
56352
56357
56377
56400
56407
56417
56418
56428
56437
56449
56468
56480
56492
56516
56540
56564
56579
56580
56591
56595
56604
56640
56662
56665
56666
56673
56674
56675
56689
56699
56721
56726
56744
56745
56755
56761
56762
56773
56779
56781
56784
56786
56791
56801
56834
56850
56863
56867
56868
56877
56899
56916
56939
56942
56951
56963
56969
56971
56973
56974
56990
56999
57001
57005
57006
57017
57019
57022
57026
57027
57031
57041
57044
57052
57059
57070
57073
57076
57097
57101
57125
57131
57142
57143
57150
57156
57160
57176
57181
57182
57193
57195
57219
57235
57263
57264
57269
57273
57292
57293
57298
57321
57333
57348
57373
57384
57404
57420
57424
57467
57484
57507
57509
57525
57540
57556
57558
57559
57562
57575
57601
57602
57613
57615
57622
57638
57643
57662
57663
57666
57668
57669
57708
57734
57743
57745
57750
57753
57754
57755
57770
57773
57777
57794
57833
57835
57839
57859
57860
57863
57874
57887
57890
57892
57899
57904
57915
57924
57946
57950
57955
57956
57958
57964
57965
57992
57998
58011
58012
58022
58027
58032
58042
58056
58064
58078
58087
58115
58118
58132
58142
58154
58159
58169
58171
58189
58195
58196
58198
58208
58218
58228
58234
58239
58249
58251
58255
58267
58273
58279
58286
58323
58324
58325
58328
58361
58377
58378
58380
58382
58398
58413
58423
58429
58438
58439
58452
58468
58488
58506
58524
58531
58535
58550
58579
58615
58636
58649
58664
58668
58675
58688
58692
58698
58718
58722
58724
58734
58736
58763
58800
58803
58804
58817
58835
58843
58884
58901
58911
58920
58942
58969
58975
59008
59010
59022
59025
59026
59053
59059
59063
59071
59076
59082
59085
59087
59123
59153
59155
59160
59166
59170
59183
59184
59186
59206
59208
59223
59255
59266
59271
59273
59281
59298
59303
59328
59331
59332
59340
59344
59350
59365
59387
59412
59422
59431
59435
59440
59441
59466
59488
59489
59506
59512
59542
59547
59564
59582
59598
59608
59612
59616
59631
59638
59642
59647
59666
59674
59700
59703
59713
59715
59731
59734
59742
59743
59750
59761
59767
59768
59771
59776
59784
59788
59805
59812
59817
59839
59840
59855
59859
59871
59886
59892
59903
59908
59923
59928
59929
59932
59943
59949
59970
59977
59978
59988
59989
59995
59999
60002
60005
60006
60017
60032
60035
60057
60059
60060
60084
60085
60095
60148
60159
60160
60161
60162
60167
60168
60179
60200
60206
60207
60215
60234
60270
60275
60281
60282
60285
60310
60311
60330
60335
60340
60341
60344
60345
60349
60372
60381
60396
60402
60411
60412
60425
60434
60451
60459
60468
60470
60479
60486
60512
60533
60553
60555
60558
60575
60588
60596
60597
60600
60608
60610
60619
60633
60649
60670
60673
60684
60696
60697
60699
60716
60745
60748
60761
60787
60793
60803
60808
60817
60818
60819
60832
60850
60881
60892
60897
60913
60924
60931
60938
60950
60951
60975
60985
60991
60992
61004
61011
61028
61029
61035
61039
61043
61044
61050
61064
61071
61073
61087
61105
61113
61134
61135
61176
61177
61184
61187
61225
61231
61245
61252
61260
61266
61273
61281
61282
61306
61308
61315
61351
61352
61356
61368
61391
61399
61425
61428
61434
61447
61455
61478
61494
61507
61510
61521
61531
61537
61563
61569
61570
61582
61585
61587
61588
61597
61614
61619
61629
61633
61641
61662
61664
61665
61678
61679
61686
61688
61694
61705
61708
61727
61734
61737
61743
61754
61755
61758
61760
61762
61774
61781
61795
61797
61804
61811
61825
61859
61862
61878
61892
61906
61924
61931
61939
61956
61961
61965
61974
61986
62013
62034
62035
62052
62053
62086
62115
62154
62166
62168
62170
62179
62190
62202
62216
62229
62230
62233
62243
62251
62252
62268
62296
62302
62306
62311
62322
62328
62329
62330
62343
62383
62384
62385
62390
62396
62423
62429
62456
62458
62493
62500
62509
62516
62523
62528
62539
62554
62560
62569
62573
62577
62579
62586
62594
62614
62617
62633
62636
62644
62649
62657
62660
62671
62683
62692
62703
62704
62713
62715
62741
62744
62747
62750
62768
62787
62788
62792
62806
62812
62821
62825
62830
62835
62844
62891
62896
62898
62906
62913
62915
62917
62921
62924
62926
62935
62965
62975
62985
62990
63010
63025
63028
63030
63040
63050
63063
63072
63123
63129
63136
63140
63141
63151
63159
63169
63181
63190
63218
63221
63234
63250
63253
63260
63261
63262
63266
63272
63275
63279
63281
63293
63301
63309
63321
63326
63329
63331
63337
63344
63345
63360
63373
63395
63396
63404
63421
63437
63442
63445
63450
63453
63470
63491
63507
63508
63514
63517
63524
63557
63558
63560
63564
63576
63590
63591
63596
63599
63607
63612
63616
63617
63619
63622
63632
63643
63646
63653
63655
63658
63661
63676
63685
63726
63736
63741
63749
63750
63753
63763
63768
63813
63820
63829
63853
63866
63875
63878
63889
63896
63910
63932
63935
63940
63944
63949
63974
63983
63995
63997
64006
64015
64022
64029
64069
64072
64079
64088
64098
64105
64109
64126
64129
64150
64157
64168
64182
64187
64215
64224
64230
64234
64246
64258
64273
64275
64289
64295
64307
64315
64350
64352
64354
64366
64375
64381
64392
64393
64401
64412
64414
64418
64419
64438
64458
64464
64483
64500
64503
64531
64550
64552
64554
64558
64560
64567
64574
64575
64581
64595
64608
64640
64646
64654
64658
64668
64673
64687
64695
64696
64707
64712
64717
64756
64773
64792
64807
64829
64860
64861
64867
64869
64881
64885
64886
64904
64909
64961
64970
64975
65026
65029
65031
65049
65052
65068
65080
65084
65091
65107
65121
65139
65154
65157
65170
65189
65191
65196
65197
65212
65214
65216
65217
65224
65228
65245
65255
65258
65267
65269
65270
65273
65280
65283
65287
65296
65299
65315
65320
65326
65358
65361
65368
65370
65381
65398
65408
65421
65443
65455
65459
65473
65484
65501
65504
65506
65513
65517
65520
65524
65531
65535
65545
65548
65564
65566
65588
65603
65605
65624
65641
65644
65650
65663
65671
65673
65682
65716
65732
65779
65794
65797
65822
65847
65860
65917
65937
65943
65947
65965
65971
65973
65992
66013
66020
66021
66023
66029
66044
66046
66081
66085
66087
66093
66096
66097
66107
66109
66113
66124
66146
66147
66155
66185
66215
66227
66230
66246
66249
66255
66259
66262
66276
66284
66312
66315
66319
66323
66331
66341
66365
66368
66369
66373
66379
66383
66405
66407
66413
66418
66434
66450
66455
66489
66492
66494
66515
66533
66534
66548
66552
66556
66574
66585
66588
66608
66610
66615
66628
66629
66660
66664
66688
66704
66705
66721
66742
66744
66749
66757
66765
66766
66771
66776
66779
66787
66796
66837
66841
66856
66866
66871
66879
66894
66903
66930
66971
66991
66998
67022
67042
67071
67077
67087
67088
67090
67105
67127
67135
67136
67145
67153
67163
67166
67181
67200
67203
67213
67226
67236
67255
67265
67285
67288
67292
67321
67326
67335
67336
67346
67356
67365
67369
67422
67432
67442
67444
67446
67449
67450
67465
67470
67495
67496
67497
67512
67521
67536
67545
67558
67570
67582
67609
67615
67616
67619
67627
67644
67656
67660
67663
67669
67675
67701
67706
67709
67713
67716
67724
67726
67730
67741
67744
67757
67783
67831
67846
67850
67855
67875
67887
67903
67907
67910
67935
67969
67977
67979
67986
68000
68008
68011
68026
68041
68044
68045
68063
68104
68113
68117
68136
68149
68153
68184
68187
68189
68193
68195
68205
68212
68214
68219
68220
68225
68226
68239
68250
68274
68284
68287
68301
68313
68330
68346
68347
68352
68353
68368
68372
68373
68376
68380
68384
68388
68395
68402
68419
68434
68438
68446
68478
68480
68486
68489
68492
68495
68511
68514
68515
68518
68537
68544
68545
68548
68556
68557
68571
68573
68589
68592
68598
68610
68613
68614
68628
68629
68633
68642
68648
68654
68674
68688
68690
68692
68701
68708
68716
68719
68725
68739
68743
68747
68776
68783
68787
68817
68820
68821
68822
68827
68876
68877
68886
68887
68899
68915
68930
68933
68941
68948
68968
68994
69004
69009
69010
69023
69041
69046
69056
69057
69065
69078
69085
69099
69125
69144
69147
69156
69171
69172
69178
69184
69185
69193
69197
69210
69211
69224
69235
69242
69255
69264
69265
69267
69269
69277
69282
69290
69293
69299
69301
69305
69317
69318
69343
69367
69368
69374
69379
69392
69394
69400
69404
69425
69429
69430
69455
69457
69476
69480
69501
69509
69515
69518
69530
69533
69536
69537
69552
69565
69572
69597
69603
69606
69614
69629
69649
69660
69695
69697
69700
69715
69718
69743
69765
69774
69776
69779
69782
69787
69805
69808
69813
69851
69866
69869
69876
69908
69914
69924
69926
69953
69969
69980
69982
69983
69984
69987
69992
69996
69999
70007
70011
70037
70038
70046
70048
70072
70078
70087
70093
70166
70170
70175
70180
70185
70189
70210
70211
70213
70221
70244
70251
70253
70255
70258
70303
70314
70318
70320
70334
70350
70360
70363
70369
70382
70390
70434
70457
70461
70465
70469
70477
70517
70532
70536
70551
70554
70555
70565
70575
70636
70641
70649
70658
70665
70689
70699
70723
70731
70732
70744
70748
70753
70761
70764
70765
70770
70790
70795
70799
70808
70819
70821
70824
70825
70837
70840
70855
70861
70864
70865
70870
70876
70886
70915
70924
70930
70944
70963
70965
70978
70982
70984
70999
71002
71004
71027
71041
71053
71058
71060
71061
71070
71073
71076
71088
71093
71099
71110
71121
71122
71123
71127
71135
71141
71143
71151
71170
71174
71184
71186
71219
71221
71226
71236
71250
71257
71272
71278
71284
71298
71300
71308
71311
71354
71359
71373
71387
71404
71431
71433
71447
71449
71457
71463
71464
71468
71484
71485
71491
71494
71509
71522
71528
71534
71542
71552
71563
71573
71590
71591
71592
71600
71603
71641
71647
71658
71674
71691
71694
71696
71703
71705
71710
71717
71719
71721
71734
71743
71766
71769
71779
71788
71790
71804
71814
71820
71829
71842
71878
71887
71892
71893
71898
71928
71935
71972
71990
71997
71999
72014
72029
72037
72038
72067
72068
72089
72097
72108
72118
72119
72124
72129
72144
72166
72171
72176
72184
72195
72201
72216
72221
72227
72237
72250
72272
72275
72292
72293
72302
72311
72321
72327
72333
72339
72362
72383
72409
72414
72428
72437
72472
72476
72483
72492
72528
72545
72546
72572
72586
72606
72616
72624
72629
72664
72690
72707
72716
72725
72732
72740
72742
72752
72765
72771
72779
72781
72798
72806
72812
72814
72819
72827
72829
72835
72838
72857
72869
72880
72883
72885
72886
72887
72902
72903
72917
72920
72922
72944
72949
72956
72961
72969
72976
72987
72993
72995
73027
73039
73045
73047
73052
73062
73066
73069
73071
73080
73085
73087
73095
73122
73132
73135
73152
73155
73162
73166
73176
73184
73199
73202
73214
73222
73235
73278
73293
73297
73300
73337
73347
73350
73362
73363
73364
73377
73391
73399
73404
73414
73416
73422
73463
73479
73502
73540
73546
73550
73568
73576
73624
73630
73637
73647
73654
73671
73688
73719
73723
73731
73752
73754
73759
73760
73766
73775
73780
73796
73797
73864
73876
73898
73904
73926
73930
73954
73958
73969
73976
73996
74007
74012
74014
74018
74022
74027
74038
74045
74056
74066
74070
74072
74082
74100
74107
74112
74114
74116
74130
74135
74157
74160
74168
74172
74176
74200
74204
74212
74219
74235
74239
74244
74247
74272
74277
74302
74305
74314
74318
74325
74337
74354
74359
74361
74362
74395
74401
74417
74424
74431
74439
74441
74444
74453
74464
74468
74472
74474
74476
74495
74496
74504
74506
74514
74545
74553
74555
74563
74570
74571
74585
74588
74598
74614
74616
74623
74636
74641
74643
74653
74659
74661
74667
74671
74673
74674
74685
74688
74710
74736
74741
74744
74749
74756
74761
74763
74767
74776
74779
74793
74800
74803
74818
74820
74823
74834
74837
74873
74874
74877
74893
74931
74934
74938
74954
74960
74971
74992
74993
74994
74995
74996
75001
75013
75014
75019
75032
75033
75039
75063
75069
75082
75093
75100
75105
75125
75145
75149
75161
75193
75214
75220
75231
75241
75250
75266
75269
75276
75281
75294
75307
75321
75327
75335
75340
75358
75361
75366
75377
75381
75383
75385
75391
75392
75401
75404
75410
75416
75428
75431
75433
75435
75438
75442
75443
75444
75481
75512
75536
75550
75555
75561
75562
75564
75574
75578
75596
75603
75605
75607
75618
75639
75642
75652
75654
75687
75712
75713
75714
75718
75719
75720
75727
75731
75732
75743
75752
75806
75810
75813
75841
75858
75864
75872
75877
75893
75909
75911
75918
75923
75941
75951
75960
75964
75971
75978
75985
75994
75998
76014
76021
76024
76076
76087
76092
76102
76129
76160
76161
76164
76168
76174
76184
76188
76207
76209
76234
76235
76274
76278
76292
76307
76311
76318
76320
76330
76338
76346
76347
76361
76377
76388
76392
76400
76405
76408
76424
76432
76435
76440
76453
76465
76470
76477
76497
76506
76531
76535
76545
76550
76552
76572
76585
76591
76594
76597
76601
76613
76615
76618
76619
76656
76659
76679
76683
76686
76688
76697
76698
76701
76705
76707
76713
76721
76728
76734
76748
76751
76776
76782
76784
76792
76797
76816
76818
76823
76830
76831
76832
76841
76845
76849
76860
76871
76883
76887
76898
76901
76907
76910
76916
76922
76955
76959
76985
76990
76992
77029
77037
77038
77041
77053
77058
77059
77061
77072
77080
77090
77099
77108
77112
77125
77150
77166
77176
77178
77179
77200
77207
77216
77219
77224
77236
77239
77240
77248
77262
77271
77275
77287
77316
77319
77326
77331
77335
77340
77341
77351
77362
77363
77378
77395
77401
77408
77413
77417
77421
77446
77453
77455
77478
77480
77488
77493
77495
77509
77525
77549
77550
77565
77567
77575
77590
77596
77597
77615
77625
77632
77636
77652
77665
77677
77690
77692
77694
77695
77705
77708
77731
77744
77749
77757
77759
77768
77775
77796
77866
77867
77878
77891
77903
77904
77911
77917
77920
77921
77933
77944
77950
77960
77974
77982
77987
78003
78016
78022
78025
78030
78054
78056
78065
78066
78081
78099
78114
78119
78123
78145
78149
78163
78165
78180
78195
78205
78208
78217
78226
78230
78234
78239
78242
78246
78250
78263
78266
78271
78275
78280
78302
78309
78317
78326
78336
78338
78341
78353
78354
78356
78361
78369
78372
78388
78400
78409
78418
78432
78453
78465
78472
78491
78498
78509
78511
78518
78560
78579
78582
78585
78596
78602
78617
78624
78629
78640
78649
78665
78670
78672
78674
78700
78703
78704
78711
78718
78723
78725
78728
78749
78757
78763
78779
78802
78810
78817
78818
78821
78838
78847
78852
78854
78877
78890
78926
78946
78952
78961
78963
78964
78988
78991
78996
79000
79007
79010
79018
79021
79040
79042
79043
79047
79048
79051
79063
79065
79067
79075
79082
79085
79090
79108
79109
79122
79143
79154
79171
79185
79192
79201
79205
79207
79210
79225
79241
79244
79249
79253
79257
79258
79263
79273
79283
79289
79298
79313
79363
79364
79365
79407
79413
79429
79438
79457
79466
79490
79526
79530
79544
79548
79587
79592
79596
79639
79643
79655
79662
79669
79686
79713
79756
79759
79782
79790
79808
79809
79810
79818
79827
79835
79837
79839
79845
79862
79879
79880
79888
79893
79905
79942
79944
79948
79957
79958
79963
79996
79998
80001
80010
80012
80014
80028
80047
80050
80054
80059
80067
80070
80073
80084
80091
80129
80131
80149
80156
80186
80187
80194
80200
80215
80216
80217
80223
80224
80227
80248
80265
80274
80280
80287
80297
80299
80305
80316
80323
80331
80337
80341
80358
80362
80378
80391
80392
80398
80413
80421
80458
80462
80471
80480
80493
80502
80513
80517
80520
80528
80530
80531
80538
80551
80594
80618
80623
80625
80637
80642
80650
80656
80659
80666
80677
80704
80721
80730
80735
80738
80745
80752
80783
80784
80793
80819
80821
80830
80837
80839
80840
80843
80850
80851
80852
80853
80878
80882
80885
80886
80887
80893
80905
80907
80919
80921
80922
80928
80932
80935
80954
80967
80976
80981
80994
80996
81002
81015
81033
81038
81045
81047
81058
81061
81076
81077
81087
81092
81095
81103
81117
81127
81134
81135
81155
81162
81167
81201
81207
81219
81223
81224
81228
81232
81247
81250
81262
81276
81279
81282
81283
81284
81286
81294
81306
81311
81312
81337
81338
81343
81344
81358
81365
81369
81381
81386
81406
81409
81410
81411
81420
81428
81438
81445
81454
81463
81469
81473
81493
81494
81497
81498
81506
81507
81509
81529
81533
81534
81545
81553
81557
81563
81566
81567
81573
81574
81576
81579
81582
81605
81607
81611
81619
81625
81628
81632
81638
81644
81645
81651
81658
81677
81688
81694
81721
81736
81767
81772
81773
81775
81783
81789
81792
81796
81799
81846
81847
81849
81875
81879
81888
81889
81898
81899
81911
81925
81926
81942
81948
81953
81955
81960
81974
81976
81978
81983
81986
81987
81990
82013
82015
82016
82017
82026
82035
82071
82111
82116
82117
82141
82147
82157
82170
82172
82173
82188
82189
82196
82208
82215
82217
82219
82220
82236
82240
82241
82247
82265
82296
82298
82319
82334
82346
82356
82357
82366
82375
82425
82427
82440
82453
82473
82509
82514
82517
82531
82533
82535
82537
82574
82579
82591
82593
82599
82610
82633
82641
82647
82681
82684
82686
82713
82716
82721
82725
82736
82737
82786
82792
82799
82802
82810
82819
82822
82834
82835
82842
82875
82876
82878
82884
82891
82895
82908
82915
82921
82965
82972
82994
82997
82999
83004
83038
83042
83073
83076
83077
83094
83110
83115
83127
83155
83168
83190
83196
83214
83216
83226
83228
83248
83252
83264
83295
83304
83306
83318
83321
83330
83331
83341
83342
83354
83363
83364
83365
83376
83387
83391
83393
83407
83415
83419
83420
83422
83423
83426
83432
83450
83468
83471
83479
83492
83493
83513
83527
83528
83559
83571
83572
83586
83595
83598
83603
83604
83619
83647
83660
83662
83667
83671
83678
83699
83728
83734
83737
83738
83743
83746
83756
83767
83768
83771
83775
83796
83804
83811
83813
83819
83823
83838
83866
83887
83891
83899
83901
83948
83976
83978
83986
83988
83995
84013
84022
84032
84039
84042
84046
84062
84074
84075
84077
84078
84079
84094
84105
84112
84174
84183
84200
84205
84219
84223
84227
84235
84237
84241
84248
84257
84260
84261
84286
84296
84297
84303
84322
84348
84382
84395
84417
84434
84437
84439
84449
84475
84479
84487
84505
84507
84518
84540
84548
84552
84556
84576
84580
84582
84597
84618
84624
84647
84648
84656
84659
84665
84671
84672
84694
84702
84710
84712
84739
84743
84746
84749
84754
84764
84773
84810
84812
84833
84840
84861
84862
84876
84886
84888
84895
84906
84910
84912
84913
84914
84953
84954
84958
84966
84967
84978
84985
84989
85004
85010
85015
85026
85061
85067
85071
85088
85106
85111
85116
85122
85130
85139
85143
85150
85183
85186
85189
85200
85207
85217
85220
85235
85239
85253
85255
85260
85268
85279
85280
85281
85284
85289
85291
85295
85310
85311
85344
85358
85363
85384
85392
85400
85415
85420
85422
85439
85444
85445
85457
85466
85473
85477
85478
85484
85505
85511
85514
85557
85568
85570
85574
85580
85594
85595
85596
85622
85625
85635
85638
85639
85642
85649
85666
85670
85708
85718
85719
85720
85726
85744
85776
85790
85793
85817
85826
85830
85836
85857
85874
85876
85877
85894
85913
85915
85921
85935
85936
85937
85939
85960
85969
85970
85978
85987
86005
86010
86013
86061
86062
86067
86071
86092
86093
86104
86105
86119
86132
86143
86144
86155
86160
86173
86175
86177
86186
86197
86202
86206
86213
86241
86248
86273
86282
86294
86308
86318
86331
86357
86358
86374
86385
86389
86392
86403
86408
86411
86433
86453
86489
86490
86495
86526
86536
86557
86572
86592
86595
86599
86627
86640
86642
86648
86650
86670
86698
86699
86708
86720
86733
86756
86767
86771
86779
86793
86806
86817
86830
86838
86854
86857
86859
86870
86874
86882
86899
86900
86954
86955
86960
86972
86973
86977
86981
86983
86995
86996
86999
87002
87008
87013
87018
87029
87031
87051
87059
87072
87073
87078
87101
87103
87108
87109
87115
87119
87132
87141
87146
87150
87152
87159
87167
87171
87175
87194
87197
87200
87218
87219
87229
87231
87252
87255
87260
87266
87278
87279
87289
87306
87316
87346
87353
87367
87368
87378
87379
87384
87407
87411
87416
87429
87437
87442
87445
87447
87466
87473
87481
87483
87484
87523
87524
87538
87544
87549
87578
87581
87611
87620
87642
87643
87647
87656
87677
87689
87690
87698
87745
87777
87785
87793
87795
87797
87799
87800
87807
87827
87828
87833
87835
87841
87842
87845
87850
87853
87859
87866
87868
87870
87874
87881
87886
87898
87915
87918
87940
87950
87967
87973
87976
87980
87990
87998
88001
88031
88033
88042
88047
88056
88077
88084
88095
88101
88112
88120
88152
88153
88157
88161
88166
88172
88174
88175
88177
88178
88185
88226
88244
88256
88275
88284
88318
88332
88334
88336
88352
88361
88376
88399
88429
88453
88457
88464
88541
88552
88555
88560
88568
88586
88591
88602
88644
88666
88675
88698
88711
88716
88721
88722
88727
88740
88741
88750
88762
88776
88794
88795
88813
88843
88861
88874
88878
88882
88886
88888
88934
88935
88964
88977
88983
88994
89012
89032
89034
89041
89045
89054
89055
89063
89076
89101
89117
89143
89144
89146
89163
89170
89186
89191
89193
89211
89226
89227
89236
89249
89268
89294
89299
89308
89309
89325
89334
89355
89371
89386
89399
89403
89415
89426
89427
89468
89500
89518
89521
89550
89575
89585
89598
89606
89623
89629
89631
89638
89654
89659
89665
89701
89709
89745
89753
89757
89765
89766
89767
89778
89786
89799
89801
89809
89814
89841
89844
89846
89851
89855
89899
89933
89937
89945
89992
89993
90012
90020
90037
90055
90063
90070
90073
90099
90116
90121
90128
90153
90191
90193
90229
90261
90265
90268
90271
90275
90278
90296
90299
90326
90329
90351
90364
90368
90383
90398
90400
90410
90415
90420
90422
90433
90438
90457
90467
90484
90490
90495
90506
90511
90515
90541
90549
90557
90561
90577
90593
90617
90623
90631
90637
90642
90658
90665
90667
90669
90670
90684
90687
90693
90706
90728
90741
90757
90762
90764
90800
90815
90819
90828
90832
90834
90836
90852
90855
90864
90888
90892
90898
90903
90909
90924
90938
90952
90960
90961
90971
90977
90978
90989
90999
91011
91018
91042
91051
91052
91077
91080
91087
91112
91124
91126
91130
91139
91144
91146
91153
91159
91161
91164
91169
91177
91182
91188
91199
91238
91239
91245
91287
91331
91345
91356
91383
91388
91390
91414
91423
91433
91437
91442
91445
91457
91461
91463
91465
91467
91482
91486
91487
91499
91515
91520
91521
91523
91542
91546
91560
91561
91566
91567
91582
91584
91586
91602
91606
91621
91623
91637
91640
91648
91669
91673
91686
91687
91689
91713
91732
91747
91750
91777
91783
91807
91817
91818
91830
91835
91847
91861
91866
91870
91901
91913
91922
91936
91939
91982
91994
92020
92023
92053
92063
92068
92089
92090
92103
92104
92135
92155
92159
92170
92176
92193
92209
92214
92227
92252
92257
92270
92278
92305
92309
92329
92334
92341
92361
92373
92377
92379
92383
92384
92385
92399
92401
92408
92422
92425
92444
92450
92460
92499
92500
92502
92528
92543
92559
92564
92571
92575
92583
92590
92606
92612
92616
92621
92625
92629
92642
92653
92663
92664
92671
92675
92680
92693
92703
92705
92707
92740
92755
92806
92810
92816
92817
92838
92841
92845
92850
92852
92877
92891
92893
92905
92917
92919
92920
92923
92952
92955
92973
92974
92984
92987
92998
93020
93033
93034
93038
93040
93065
93101
93103
93105
93123
93143
93159
93166
93190
93197
93198
93201
93233
93238
93240
93243
93246
93269
93271
93274
93278
93281
93289
93291
93303
93314
93347
93354
93370
93371
93373
93374
93375
93377
93393
93401
93405
93408
93431
93443
93462
93467
93484
93495
93544
93565
93618
93623
93626
93647
93674
93678
93690
93710
93712
93720
93729
93735
93746
93803
93808
93832
93833
93870
93871
93880
93893
93939
93947
93951
93957
93971
93974
93979
93987
93997
94024
94032
94036
94053
94076
94080
94095
94131
94132
94142
94153
94157
94160
94174
94178
94197
94209
94214
94245
94260
94261
94268
94289
94293
94295
94304
94306
94314
94326
94328
94329
94333
94338
94349
94362
94365
94404
94406
94407
94417
94423
94427
94429
94434
94446
94450
94478
94487
94492
94500
94505
94520
94530
94548
94557
94561
94579
94581
94590
94595
94596
94597
94614
94643
94654
94667
94673
94675
94679
94681
94692
94707
94716
94721
94722
94729
94749
94774
94787
94788
94801
94817
94819
94841
94843
94848
94854
94859
94860
94866
94873
94885
94936
94944
94967
94976
94984
95001
95007
95012
95020
95024
95028
95044
95049
95069
95070
95072
95085
95100
95108
95109
95132
95135
95142
95146
95149
95153
95157
95159
95179
95185
95190
95211
95223
95228
95238
95253
95279
95287
95293
95305
95327
95346
95352
95359
95364
95369
95375
95389
95391
95398
95418
95419
95436
95445
95446
95447
95461
95465
95473
95477
95486
95491
95494
95497
95509
95543
95548
95554
95560
95592
95596
95611
95618
95622
95633
95634
95641
95646
95651
95676
95679
95692
95694
95696
95704
95714
95716
95732
95744
95753
95757
95763
95780
95783
95805
95813
95818
95828
95829
95836
95837
95840
95846
95860
95908
95913
95919
95925
95927
95929
95936
95942
95951
95969
95978
95982
95991
95999
96003
96008
96028
96051
96053
96073
96077
96078
96079
96086
96098
96099
96102
96131
96132
96140
96155
96156
96163
96174
96177
96186
96199
96213
96225
96233
96235
96251
96261
96286
96289
96291
96315
96319
96321
96323
96340
96342
96370
96372
96373
96374
96375
96381
96383
96389
96419
96423
96426
96428
96431
96443
96444
96470
96471
96478
96492
96500
96512
96529
96535
96542
96551
96553
96561
96562
96587
96596
96605
96618
96621
96665
96667
96676
96684
96691
96703
96711
96730
96747
96760
96782
96783
96786
96788
96792
96799
96849
96860
96878
96883
96889
96914
96922
96946
96949
96951
96954
96965
96970
96982
96990
96998
97007
97010
97020
97035
97038
97049
97050
97061
97075
97085
97087
97096
97105
97143
97162
97164
97165
97173
97205
97208
97227
97228
97232
97233
97245
97248
97255
97256
97259
97260
97264
97267
97276
97291
97294
97295
97309
97312
97317
97328
97341
97349
97352
97391
97395
97398
97399
97418
97420
97434
97435
97471
97504
97510
97512
97517
97525
97542
97557
97587
97592
97622
97635
97665
97667
97707
97723
97744
97746
97752
97759
97787
97809
97811
97823
97824
97843
97857
97867
97878
97896
97902
97903
97922
97926
97929
97961
97963
97965
97972
97973
97977
97982
97994
98002
98036
98050
98062
98067
98075
98088
98090
98091
98094
98097
98113
98125
98130
98132
98133
98146
98163
98198
98210
98221
98243
98245
98250
98258
98270
98279
98305
98307
98322
98335
98342
98357
98363
98372
98375
98388
98390
98408
98415
98417
98418
98424
98430
98435
98468
98487
98491
98512
98514
98543
98560
98562
98572
98576
98583
98585
98586
98592
98603
98610
98613
98615
98617
98623
98624
98631
98634
98643
98645
98654
98655
98662
98667
98673
98679
98681
98695
98698
98699
98702
98707
98709
98725
98731
98736
98742
98761
98779
98782
98784
98801
98802
98814
98829
98843
98852
98863
98882
98884
98894
98917
98918
98920
98922
98923
98929
98932
98934
98935
98940
98942
98954
98980
99005
99013
99014
99017
99020
99029
99031
99033
99043
99049
99057
99058
99074
99088
99089
99101
99104
99117
99120
99128
99135
99138
99143
99149
99157
99166
99171
99180
99201
99220
99244
99248
99255
99260
99262
99266
99267
99269
99274
99275
99298
99309
99323
99329
99330
99331
99332
99345
99348
99365
99371
99394
99395
99409
99443
99446
99449
99463
99469
99479
99483
99503
99505
99518
99527
99547
99549
99572
99574
99580
99598
99608
99641
99663
99673
99681
99685
99713
99718
99736
99743
99749
99777
99815
99816
99824
99825
99826
99828
99830
99844
99846
99847
99848
99851
99857
99858
99868
99877
99897
99902
99919
99928
99949
99953
99961
99966
99974
99977
99992
100005
100020
100023
100031
100032
100034
100035
100063
100068
100097
100098
100102
100106
100132
100153
100155
100158
100159
100177
100184
100187
100240
100241
100257
100259
100282
100285
100288
100298
100300
100328
100337
100341
100344
100346
100356
100363
100365
100389
100395
100399
100409
100418
100434
100442
100471
100475
100484
100497
100506
100509
100517
100525
100526
100531
100537
100549
100554
100557
100567
100581
100585
100587
100590
100601
100644
100664
100693
100694
100716
100728
100752
100753
100759
100763
100772
100776
100786
100797
100804
100820
100824
100828
100829
100834
100836
100842
100847
100851
100853
100855
100857
100864
100872
100885
100887
100895
100910
100913
100934
100944
100958
100963
100971
100978
100984
100990
100992
100996
101011
101015
101019
101025
101039
101047
101098
101102
101118
101125
101129
101144
101156
101158
101160
101163
101191
101195
101236
101261
101266
101274
101290
101292
101310
101327
101329
101349
101365
101367
101370
101374
101379
101405
101415
101438
101496
101505
101507
101533
101542
101561
101593
101611
101649
101655
101660
101664
101683
101690
101724
101731
101734
101735
101743
101747
101752
101764
101767
101768
101780
101797
101818
101831
101838
101844
101867
101874
101879
101892
101898
101932
101934
101935
101958
101971
101996
102005
102006
102011
102014
102060
102071
102084
102114
102115
102149
102159
102176
102179
102182
102197
102200
102204
102205
102215
102220
102226
102231
102232
102257
102272
102278
102284
102288
102292
102304
102310
102331
102337
102344
102348
102356
102358
102370
102380
102381
102386
102388
102394
102396
102415
102426
102439
102464
102494
102512
102515
102519
102533
102543
102554
102556
102561
102565
102579
102582
102585
102595
102615
102620
102627
102631
102634
102639
102646
102675
102676
102677
102678
102705
102711
102721
102729
102732
102743
102746
102747
102750
102752
102775
102776
102778
102804
102806
102825
102831
102832
102841
102845
102850
102854
102855
102876
102883
102897
102912
102913
102916
102936
102951
102956
102958
102978
102995
103024
103036
103062
103069
103078
103090
103097
103102
103108
103115
103116
103128
103131
103134
103136
103181
103185
103209
103211
103232
103243
103244
103259
103264
103284
103286
103318
103334
103340
103366
103373
103378
103380
103405
103408
103414
103423
103460
103484
103498
103502
103510
103531
103568
103579
103582
103589
103596
103603
103610
103618
103621
103642
103644
103660
103678
103689
103699
103702
103714
103725
103731
103744
103747
103761
103770
103785
103799
103805
103808
103827
103838
103839
103864
103868
103869
103870
103871
103877
103879
103880
103890
103898
103906
103923
103925
103934
103949
103967
103984
103992
104036
104039
104042
104043
104044
104053
104068
104081
104087
104089
104102
104134
104136
104144
104157
104168
104178
104207
104213
104219
104222
104228
104236
104253
104254
104275
104279
104283
104312
104320
104332
104358
104367
104381
104385
104386
104396
104398
104399
104406
104414
104428
104444
104478
104526
104529
104555
104557
104571
104573
104578
104593
104594
104595
104596
104601
104602
104633
104638
104643
104645
104669
104670
104686
104699
104746
104749
104761
104764
104782
104784
104789
104798
104805
104806
104818
104835
104839
104849
104853
104856
104871
104926
104935
104947
104961
104962
104982
104990
104994
104996
105007
105018
105034
105035
105039
105044
105046
105064
105078
105082
105104
105105
105111
105124
105132
105144
105162
105163
105167
105168
105193
105198
105200
105257
105275
105282
105305
105308
105309
105311
105316
105320
105329
105351
105364
105370
105376
105377
105399
105412
105431
105447
105476
105484
105490
105491
105500
105508
105528
105544
105565
105580
105589
105591
105604
105610
105623
105690
105692
105697
105699
105701
105728
105732
105749
105752
105775
105795
105804
105817
105823
105827
105836
105848
105863
105870
105886
105894
105901
105910
105916
105958
105963
105970
105974
105985
105992
106006
106008
106010
106037
106038
106082
106094
106096
106111
106116
106134
106141
106153
106160
106162
106190
106192
106205
106222
106238
106241
106244
106263
106265
106266
106278
106305
106328
106340
106341
106358
106363
106389
106395
106406
106409
106418
106424
106430
106447
106452
106453
106461
106463
106470
106474
106476
106482
106488
106490
106493
106505
106514
106526
106568
106571
106581
106583
106612
106632
106641
106655
106663
106665
106672
106678
106702
106714
106725
106728
106741
106756
106762
106774
106775
106788
106796
106823
106853
106858
106863
106875
106897
106915
106922
106937
106939
106940
106944
106964
106969
106983
106996
107008
107013
107015
107027
107030
107036
107045
107051
107065
107081
107112
107119
107129
107136
107144
107147
107149
107154
107188
107201
107202
107204
107265
107314
107322
107324
107328
107346
107363
107379
107398
107403
107404
107418
107421
107425
107447
107455
107457
107459
107464
107485
107501
107504
107514
107516
107522
107533
107535
107536
107537
107538
107543
107548
107559
107561
107563
107565
107567
107580
107581
107584
107585
107588
107590
107601
107608
107609
107610
107617
107625
107633
107644
107662
107691
107699
107704
107714
107715
107720
107740
107741
107760
107783
107785
107792
107802
107818
107827
107829
107839
107842
107856
107866
107868
107877
107879
107883
107885
107906
107915
107924
107926
107934
107946
107979
107988
108008
108012
108015
108016
108029
108033
108042
108050
108061
108067
108096
108110
108119
108146
108148
108152
108166
108178
108181
108186
108231
108257
108265
108271
108276
108278
108299
108307
108311
108337
108338
108356
108358
108364
108387
108390
108409
108414
108427
108459
108469
108481
108484
108487
108489
108507
108516
108517
108524
108535
108548
108555
108582
108601
108602
108603
108604
108611
108626
108635
108646
108665
108688
108703
108709
108711
108723
108732
108736
108761
108808
108811
108828
108862
108866
108881
108885
108895
108933
108942
108946
108950
108958
108969
108978
108979
108981
108987
109005
109011
109029
109034
109037
109046
109064
109066
109071
109073
109075
109082
109103
109129
109141
109146
109152
109154
109156
109160
109177
109178
109192
109193
109197
109221
109224
109242
109251
109272
109293
109315
109334
109358
109415
109431
109432
109434
109443
109451
109455
109457
109459
109467
109478
109485
109498
109512
109520
109545
109557
109575
109577
109589
109597
109603
109627
109631
109641
109674
109697
109707
109725
109732
109739
109745
109748
109787
109796
109818
109834
109841
109851
109856
109858
109866
109868
109871
109873
109877
109882
109883
109903
109910
109920
109933
109943
109955
109966
109967
109978
109998
110000
110001
110009
110016
110020
110021
110026
110052
110066
110087
110097
110100
110101
110115
110122
110134
110143
110144
110145
110157
110168
110178
110189
110202
110208
110213
110229
110254
110273
110279
110287
110288
110296
110303
110312
110321
110324
110345
110355
110362
110376
110382
110394
110428
110435
110437
110441
110456
110468
110471
110491
110492
110494
110501
110506
110510
110529
110533
110541
110561
110581
110582
110588
110602
110615
110617
110618
110624
110626
110667
110673
110674
110681
110693
110710
110713
110718
110731
110739
110766
110769
110774
110775
110780
110812
110840
110852
110853
110855
110876
110883
110899
110902
110911
110934
110947
110960
110964
110972
110973
110986
111010
111032
111038
111056
111067
111076
111085
111087
111089
111097
111098
111109
111116
111138
111144
111150
111151
111155
111162
111170
111172
111175
111200
111202
111218
111226
111275
111284
111293
111309
111326
111341
111358
111369
111394
111397
111399
111423
111449
111466
111486
111499
111509
111515
111527
111531
111538
111540
111550
111554
111561
111580
111609
111612
111616
111623
111629
111646
111696
111699
111707
111709
111768
111781
111789
111801
111824
111833
111841
111861
111871
111872
111898
111899
111904
111906
111907
111909
111912
111918
111920
111935
111946
111976
111980
111993
111995
112008
112011
112022
112026
112033
112036
112064
112067
112070
112072
112076
112085
112111
112114
112133
112134
112135
112161
112170
112179
112184
112186
112201
112224
112237
112255
112263
112272
112290
112293
112318
112355
112379
112389
112391
112415
112431
112447
112454
112476
112477
112482
112491
112511
112527
112542
112560
112565
112566
112567
112598
112606
112617
112654
112673
112682
112683
112689
112692
112714
112727
112746
112747
112750
112764
112775
112780
112782
112797
112805
112834
112838
112850
112860
112862
112866
112869
112877
112906
112909
112922
112926
112932
112933
112937
112945
112967
112970
112975
112980
112983
112994
112995
113005
113007
113008
113011
113020
113027
113045
113052
113088
113110
113144
113151
113156
113169
113187
113194
113202
113231
113241
113242
113243
113255
113259
113261
113264
113278
113288
113299
113312
113331
113338
113339
113345
113350
113355
113374
113382
113395
113404
113425
113426
113450
113453
113472
113497
113500
113502
113511
113513
113528
113531
113535
113538
113568
113592
113598
113627
113638
113642
113663
113666
113673
113679
113680
113688
113718
113746
113794
113806
113814
113827
113835
113850
113854
113863
113868
113875
113876
113879
113885
113887
113893
113921
113923
113924
113926
113929
113974
113994
113998
114012
114034
114045
114048
114064
114065
114072
114083
114085
114097
114106
114115
114119
114120
114122
114123
114128
114131
114136
114140
114143
114158
114170
114188
114190
114193
114194
114200
114208
114218
114220
114241
114258
114290
114303
114305
114318
114330
114334
114339
114342
114345
114357
114361
114364
114384
114386
114391
114396
114399
114426
114465
114469
114475
114477
114485
114489
114509
114517
114530
114536
114542
114548
114558
114567
114577
114591
114599
114610
114612
114628
114638
114640
114641
114654
114672
114682
114724
114727
114729
114734
114735
114744
114761
114762
114764
114785
114798
114802
114811
114830
114848
114865
114868
114871
114873
114892
114907
114913
114950
114957
114966
114968
114977
114979
114981
114987
114992
115016
115045
115057
115059
115068
115080
115083
115093
115102
115104
115117
115119
115121
115125
115126
115149
115151
115186
115189
115196
115198
115219
115226
115238
115246
115283
115290
115299
115304
115309
115310
115328
115330
115337
115344
115347
115361
115370
115375
115411
115416
115422
115443
115454
115474
115486
115523
115524
115525
115532
115535
115567
115572
115574
115577
115587
115618
115625
115629
115632
115653
115656
115657
115660
115662
115679
115684
115698
115699
115704
115713
115725
115726
115733
115735
115741
115742
115775
115788
115808
115814
115819
115820
115836
115853
115858
115885
115887
115915
115916
115925
115934
115936
115948
115974
115981
116027
116045
116046
116057
116068
116074
116077
116078
116085
116095
116097
116118
116119
116134
116148
116152
116177
116185
116222
116223
116246
116256
116261
116265
116273
116275
116278
116282
116321
116336
116338
116353
116364
116371
116378
116381
116383
116388
116423
116434
116459
116488
116493
116501
116512
116517
116536
116537
116552
116554
116564
116567
116578
116590
116600
116607
116621
116631
116647
116663
116666
116674
116678
116685
116699
116702
116705
116714
116715
116716
116721
116729
116747
116755
116763
116765
116768
116770
116783
116787
116799
116801
116804
116812
116830
116843
116857
116867
116868
116870
116878
116913
116916
116927
116932
116937
116944
116951
116957
116961
116969
116976
116979
117005
117007
117008
117013
117029
117035
117038
117045
117072
117089
117091
117100
117106
117128
117133
117136
117143
117147
117190
117200
117202
117204
117265
117277
117286
117295
117312
117315
117322
117326
117333
117336
117338
117357
117361
117370
117375
117381
117383
117385
117389
117391
117393
117399
117402
117406
117412
117418
117431
117439
117440
117459
117480
117518
117521
117531
117532
117538
117573
117576
117578
117592
117593
117614
117621
117626
117628
117634
117642
117656
117667
117672
117677
117684
117691
117701
117705
117725
117729
117732
117734
117742
117743
117765
117791
117793
117837
117838
117857
117861
117862
117863
117880
117881
117894
117910
117911
117920
117926
117946
117961
117963
117964
117987
117992
117994
117996
118007
118029
118054
118068
118096
118110
118126
118132
118136
118143
118159
118160
118172
118179
118181
118190
118233
118269
118280
118287
118295
118313
118317
118318
118322
118323
118336
118338
118339
118344
118348
118375
118388
118424
118431
118432
118442
118461
118468
118480
118483
118485
118491
118500
118510
118527
118531
118535
118537
118539
118552
118554
118561
118593
118595
118597
118619
118621
118624
118629
118639
118657
118662
118665
118669
118676
118679
118680
118681
118691
118702
118725
118730
118748
118759
118767
118774
118776
118785
118794
118807
118808
118812
118820
118827
118848
118858
118870
118872
118879
118902
118904
118909
118924
118929
118940
118943
118967
118979
118984
118991
118993
118996
119009
119015
119024
119037
119045
119063
119065
119066
119088
119089
119094
119109
119115
119116
119124
119137
119141
119145
119146
119149
119165
119172
119174
119180
119181
119197
119202
119219
119237
119241
119264
119265
119276
119278
119290
119304
119318
119337
119345
119347
119352
119355
119363
119364
119370
119380
119386
119390
119392
119393
119398
119424
119438
119443
119448
119451
119460
119489
119498
119529
119531
119543
119546
119547
119548
119552
119557
119580
119583
119591
119597
119677
119689
119691
119698
119715
119723
119728
119742
119747
119757
119775
119777
119783
119810
119817
119825
119828
119832
119850
119853
119862
119863
119872
119907
119920
119923
119925
119930
119933
119942
119948
119950
120001
120002
120006
120013
120015
120017
120036
120047
120050
120053
120066
120068
120072
120078
120082
120092
120100
120103
120112
120122
120161
120188
120215
120223
120230
120231
120254
120266
120269
120295
120343
120378
120379
120383
120428
120429
120434
120440
120442
120454
120460
120462
120475
120477
120481
120538
120557
120559
120576
120600
120601
120607
120611
120612
120628
120630
120631
120633
120640
120655
120658
120659
120661
120685
120708
120713
120714
120723
120734
120738
120743
120748
120753
120764
120772
120778
120803
120805
120808
120809
120820
120822
120833
120835
120837
120853
120854
120862
120865
120882
120900
120919
120923
120961
121005
121007
121009
121010
121017
121020
121028
121035
121036
121060
121105
121106
121128
121131
121135
121141
121166
121179
121207
121227
121241
121244
121294
121313
121332
121347
121352
121364
121373
121381
121384
121391
121397
121401
121415
121423
121424
121440
121443
121444
121446
121455
121456
121458
121471
121476
121495
121502
121505
121527
121539
121557
121574
121613
121619
121638
121650
121681
121686
121699
121700
121723
121728
121731
121734
121738
121741
121742
121743
121750
121752
121761
121774
121786
121791
121796
121805
121808
121812
121831
121835
121841
121860
121868
121872
121878
121883
121896
121909
121943
121953
121955
121958
121962
121966
121973
121974
121978
122024
122028
122039
122062
122085
122100
122103
122104
122151
122153
122158
122160
122162
122165
122175
122182
122183
122197
122210
122211
122213
122226
122233
122241
122259
122273
122278
122282
122284
122286
122303
122307
122308
122334
122339
122366
122376
122381
122383
122394
122399
122416
122422
122423
122430
122431
122437
122442
122454
122494
122495
122533
122535
122536
122540
122554
122562
122566
122573
122600
122601
122619
122625
122637
122642
122660
122676
122704
122706
122709
122712
122714
122750
122757
122771
122772
122774
122777
122796
122799
122803
122804
122812
122814
122834
122848
122874
122881
122884
122911
122921
122922
122927
122929
122944
122946
122948
122952
122965
122985
122988
122990
123018
123021
123027
123033
123043
123053
123071
123073
123080
123087
123130
123133
123144
123156
123159
123173
123177
123189
123230
123245
123251
123252
123256
123260
123264
123287
123299
123313
123325
123343
123349
123356
123360
123363
123365
123368
123383
123393
123402
123431
123447
123455
123458
123490
123495
123508
123531
123532
123540
123553
123565
123574
123578
123591
123601
123604
123615
123619
123631
123635
123641
123650
123657
123687
123692
123702
123705
123760
123767
123771
123779
123788
123792
123800
123804
123811
123815
123844
123850
123864
123880
123949
124018
124019
124020
124021
124029
124042
124050
124053
124055
124076
124081
124089
124091
124106
124110
124135
124139
124152
124157
124165
124201
124202
124205
124213
124224
124233
124237
124243
124245
124259
124271
124297
124300
124329
124333
124348
124351
124353
124385
124392
124412
124416
124432
124437
124449
124487
124505
124512
124515
124531
124555
124558
124584
124610
124615
124619
124646
124649
124652
124653
124661
124668
124674
124677
124688
124702
124703
124708
124732
124734
124744
124748
124764
124794
124796
124811
124815
124822
124825
124829
124831
124837
124843
124852
124853
124897
124925
124968
124970
124972
124999
125001
125012
125022
125025
125042
125043
125053
125066
125070
125076
125080
125102
125130
125136
125144
125149
125158
125161
125182
125191
125194
125201
125203
125204
125224
125234
125250
125281
125282
125313
125317
125318
125324
125331
125338
125340
125346
125349
125372
125373
125374
125377
125383
125390
125392
125393
125412
125413
125448
125451
125455
125457
125481
125494
125505
125520
125533
125536
125538
125555
125561
125572
125575
125615
125642
125643
125651
125656
125670
125678
125682
125690
125697
125706
125729
125735
125740
125742
125749
125751
125753
125758
125759
125770
125771
125783
125792
125809
125824
125829
125835
125842
125843
125853
125856
125867
125879
125925
125940
125941
125955
125978
125988
125990
125997
126011
126037
126044
126051
126055
126080
126100
126104
126105
126111
126144
126160
126165
126179
126183
126187
126208
126253
126256
126283
126309
126314
126321
126326
126337
126348
126362
126371
126378
126379
126388
126394
126435
126458
126460
126463
126483
126487
126490
126510
126518
126530
126535
126557
126559
126585
126589
126621
126624
126642
126650
126666
126712
126713
126735
126740
126752
126764
126773
126800
126805
126813
126816
126827
126867
126876
126879
126880
126907
126910
126914
126929
126943
126957
126982
126996
127006
127021
127035
127042
127053
127058
127071
127075
127083
127084
127118
127120
127127
127131
127139
127141
127144
127161
127169
127173
127182
127189
127191
127201
127202
127219
127244
127257
127293
127306
127310
127311
127314
127326
127335
127342
127345
127392
127413
127418
127419
127434
127453
127461
127486
127489
127515
127519
127520
127532
127544
127553
127557
127566
127575
127586
127602
127603
127604
127610
127618
127636
127645
127647
127652
127655
127656
127658
127667
127670
127720
127738
127746
127753
127755
127757
127768
127780
127783
127804
127805
127807
127810
127811
127820
127821
127825
127836
127845
127857
127866
127879
127919
127920
127932
127939
127962
127967
127968
127974
127976
127977
127989
127995
128011
128019
128048
128052
128057
128058
128102
128114
128116
128126
128131
128149
128150
128152
128156
128159
128165
128191
128213
128246
128258
128298
128302
128304
128307
128317
128322
128328
128332
128363
128388
128398
128404
128405
128408
128417
128455
128456
128463
128468
128474
128483
128484
128486
128487
128504
128523
128541
128556
128572
128597
128601
128609
128614
128615
128621
128622
128626
128638
128649
128651
128653
128656
128658
128664
128665
128673
128674
128677
128682
128684
128689
128694
128708
128721
128722
128724
128733
128741
128764
128772
128790
128796
128798
128801
128803
128809
128811
128824
128834
128838
128844
128847
128851
128853
128855
128875
128897
128911
128919
128923
128959
128961
128986
129010
129018
129024
129042
129048
129059
129097
129103
129111
129114
129120
129127
129135
129136
129141
129147
129149
129162
129163
129187
129196
129215
129221
129222
129248
129262
129265
129272
129294
129308
129311
129313
129317
129318
129324
129330
129334
129338
129346
129361
129365
129371
129373
129381
129384
129388
129404
129414
129436
129443
129444
129448
129451
129491
129498
129501
129511
129512
129518
129544
129582
129595
129597
129611
129617
129624
129632
129655
129660
129661
129675
129684
129689
129703
129708
129715
129724
129735
129748
129751
129756
129782
129787
129822
129828
129833
129841
129857
129859
129870
129894
129924
129935
129941
129946
129983
130005
130016
130020
130039
130041
130058
130062
130064
130068
130078
130085
130088
130092
130101
130107
130110
130111
130117
130118
130131
130132
130136
130188
130192
130195
130214
130219
130222
130229
130262
130265
130272
130278
130283
130284
130298
130303
130312
130313
130324
130326
130358
130359
130378
130407
130416
130467
130471
130485
130510
130532
130559
130608
130615
130627
130643
130663
130675
130694
130697
130698
130703
130711
130730
130733
130734
130755
130765
130777
130778
130793
130823
130825
130831
130832
130853
130854
130867
130879
130897
130898
130906
130915
130916
130921
130924
130926
130930
130950
130960
130962
131001
131013
131017
131023
131024
131035
131068
