12 2048
0
1
3
6
8
9
11
16
18
20
21
24
28
29
30
31
36
38
40
41
42
43
45
46
47
48
53
56
57
58
60
61
63
66
67
69
70
72
75
76
78
79
80
86
88
91
96
97
98
100
101
103
104
105
108
110
111
116
117
118
120
121
124
125
126
128
129
130
133
135
137
138
142
144
145
147
148
150
152
154
155
156
157
162
165
171
174
175
183
184
185
187
188
190
191
192
194
195
196
197
198
200
203
205
206
208
209
210
214
215
217
218
219
224
225
226
227
230
231
232
233
234
235
237
238
240
242
243
246
247
248
250
251
253
261
268
269
272
274
275
276
277
278
279
282
283
284
286
288
289
290
291
294
295
297
298
299
303
304
308
311
312
313
318
320
321
323
327
331
332
334
337
340
341
342
343
344
345
349
350
351
352
353
356
364
367
370
371
372
375
377
378
379
381
384
385
386
388
390
393
395
396
398
399
401
403
405
406
408
409
410
411
417
418
424
426
427
428
429
430
432
434
436
437
438
439
441
442
443
444
445
446
447
450
455
462
463
467
477
478
479
480
485
491
493
495
498
501
505
506
508
510
511
512
513
515
516
517
519
521
522
523
524
525
529
531
532
533
534
538
543
544
545
546
547
550
551
553
555
556
557
558
559
561
563
564
566
567
568
569
570
573
575
578
579
580
581
583
586
589
592
593
595
598
602
606
608
609
610
611
614
615
617
618
619
620
623
624
625
628
630
632
633
634
638
639
640
642
644
645
647
648
650
651
652
653
654
657
661
667
668
669
670
673
675
676
678
679
680
682
683
686
688
690
692
694
696
697
698
702
708
710
712
713
714
716
717
718
720
723
724
725
727
728
729
731
734
736
739
740
743
744
745
748
749
750
752
754
755
756
762
766
767
770
771
776
777
779
780
781
784
788
789
791
793
796
797
800
801
804
805
807
808
809
810
812
813
814
816
823
824
825
826
827
829
831
834
835
837
841
847
851
855
858
859
860
861
862
864
867
868
874
875
876
877
879
881
882
884
887
888
892
896
897
898
901
905
906
907
908
909
910
912
914
915
922
923
924
927
931
933
936
939
940
943
945
946
947
956
957
958
960
961
963
965
969
976
977
979
980
983
986
989
991
993
995
998
1000
1001
1004
1005
1007
1008
1009
1012
1016
1017
1019
1020
1023
1024
1026
1027
1030
1032
1033
1034
1035
1040
1041
1043
1044
1047
1049
1052
1054
1057
1058
1060
1062
1063
1066
1067
1069
1072
1074
1075
1076
1078
1079
1080
1081
1082
1084
1085
1087
1088
1091
1092
1095
1099
1101
1102
1104
1105
1107
1109
1110
1114
1115
1116
1119
1120
1122
1124
1126
1129
1131
1133
1135
1136
1137
1138
1139
1140
1144
1145
1148
1151
1152
1157
1158
1161
1162
1164
1165
1166
1167
1171
1175
1176
1177
1183
1184
1187
1189
1193
1194
1195
1196
1197
1198
1199
1200
1201
1203
1204
1208
1209
1210
1211
1213
1215
1217
1218
1219
1221
1222
1224
1226
1227
1228
1230
1233
1234
1237
1239
1241
1242
1244
1246
1247
1248
1253
1254
1258
1260
1262
1263
1264
1265
1266
1273
1275
1277
1278
1282
1283
1285
1286
1287
1288
1292
1294
1296
1298
1300
1304
1305
1306
1307
1313
1314
1316
1317
1319
1322
1327
1328
1330
1331
1333
1335
1337
1339
1340
1341
1344
1345
1347
1348
1349
1351
1352
1354
1355
1357
1359
1363
1365
1369
1370
1372
1374
1375
1377
1378
1382
1384
1388
1389
1392
1393
1394
1395
1396
1400
1403
1404
1405
1407
1409
1410
1413
1419
1420
1421
1422
1426
1430
1432
1433
1434
1435
1437
1438
1441
1442
1444
1447
1449
1450
1451
1453
1457
1459
1460
1461
1462
1465
1466
1467
1468
1471
1472
1474
1475
1477
1479
1480
1486
1489
1490
1492
1493
1497
1500
1503
1504
1506
1507
1508
1509
1510
1511
1512
1515
1518
1519
1520
1522
1524
1526
1528
1530
1532
1534
1536
1538
1542
1544
1546
1547
1548
1553
1554
1555
1557
1560
1561
1562
1567
1568
1573
1579
1586
1587
1588
1589
1591
1592
1593
1594
1595
1598
1600
1603
1605
1607
1608
1610
1613
1614
1618
1620
1621
1623
1627
1630
1631
1633
1635
1636
1639
1640
1642
1644
1645
1646
1649
1650
1652
1656
1657
1662
1666
1670
1673
1674
1676
1677
1678
1680
1681
1683
1686
1687
1689
1692
1693
1699
1701
1702
1703
1709
1711
1714
1715
1716
1718
1722
1727
1728
1730
1731
1734
1735
1738
1743
1744
1747
1748
1749
1750
1751
1753
1758
1759
1761
1764
1766
1768
1770
1773
1774
1775
1778
1779
1781
1784
1785
1794
1799
1800
1808
1811
1813
1814
1815
1816
1817
1820
1821
1823
1824
1825
1826
1827
1828
1829
1831
1832
1833
1835
1837
1839
1841
1845
1846
1847
1848
1850
1851
1852
1853
1855
1858
1862
1864
1868
1870
1871
1873
1875
1877
1880
1882
1883
1884
1887
1889
1890
1891
1892
1893
1894
1895
1899
1902
1903
1905
1906
1908
1910
1911
1912
1913
1914
1919
1922
1924
1926
1929
1932
1933
1935
1937
1939
1940
1942
1946
1947
1951
1955
1957
1959
1961
1963
1965
1970
1971
1976
1977
1978
1979
1981
1984
1985
1986
1987
1988
1989
1991
1992
1993
1994
1995
1998
2000
2001
2003
2004
2006
2007
2011
2013
2014
2017
2018
2021
2024
2025
2026
2027
2028
2033
2035
2037
2040
2043
2049
2050
2054
2055
2059
2061
2062
2063
2066
2067
2068
2070
2071
2073
2074
2075
2079
2080
2081
2082
2083
2088
2090
2091
2095
2099
2100
2105
2111
2113
2115
2117
2118
2119
2120
2124
2125
2126
2128
2130
2133
2139
2142
2145
2147
2148
2149
2150
2152
2154
2155
2157
2158
2162
2163
2164
2165
2167
2168
2171
2172
2174
2177
2178
2180
2184
2186
2188
2190
2192
2193
2194
2206
2210
2211
2214
2215
2218
2221
2222
2223
2225
2226
2227
2228
2232
2234
2235
2236
2238
2239
2240
2241
2243
2244
2245
2246
2247
2249
2250
2252
2253
2254
2255
2256
2259
2261
2262
2263
2264
2265
2268
2270
2272
2276
2277
2281
2282
2283
2284
2285
2287
2292
2294
2296
2298
2299
2300
2304
2311
2312
2313
2314
2315
2319
2321
2323
2324
2325
2327
2332
2334
2336
2337
2338
2339
2340
2341
2343
2344
2345
2346
2348
2349
2351
2352
2353
2354
2355
2356
2358
2362
2364
2365
2369
2370
2371
2374
2376
2378
2382
2383
2385
2388
2389
2391
2392
2393
2398
2399
2400
2401
2402
2403
2404
2405
2406
2408
2409
2410
2412
2413
2418
2423
2427
2428
2432
2433
2435
2437
2440
2444
2446
2449
2450
2451
2452
2453
2454
2456
2457
2458
2459
2460
2462
2464
2468
2470
2473
2474
2475
2476
2482
2491
2492
2495
2497
2499
2500
2503
2504
2506
2507
2509
2510
2512
2513
2514
2517
2519
2524
2525
2528
2529
2530
2531
2532
2534
2537
2539
2544
2546
2550
2552
2556
2558
2559
2560
2563
2564
2567
2568
2570
2574
2575
2580
2582
2583
2584
2585
2586
2587
2588
2589
2590
2591
2594
2598
2599
2603
2605
2606
2607
2609
2612
2615
2618
2619
2620
2621
2625
2626
2627
2628
2629
2631
2632
2634
2635
2636
2639
2641
2642
2644
2645
2648
2649
2650
2651
2656
2658
2659
2661
2662
2664
2667
2669
2670
2671
2673
2674
2675
2677
2678
2681
2682
2683
2685
2687
2688
2689
2692
2695
2696
2697
2699
2700
2701
2702
2703
2704
2707
2710
2711
2712
2714
2715
2717
2718
2723
2724
2725
2726
2727
2728
2729
2730
2733
2735
2737
2738
2739
2744
2751
2752
2753
2756
2760
2761
2762
2763
2765
2768
2769
2772
2774
2778
2779
2780
2781
2782
2789
2790
2793
2794
2795
2798
2805
2811
2812
2814
2817
2818
2819
2824
2825
2826
2831
2832
2835
2838
2839
2840
2842
2844
2845
2850
2851
2852
2853
2855
2858
2859
2862
2865
2866
2870
2872
2874
2880
2881
2882
2885
2889
2890
2892
2896
2897
2898
2901
2905
2906
2909
2910
2911
2912
2913
2915
2916
2919
2920
2921
2923
2924
2925
2926
2929
2931
2935
2936
2938
2939
2941
2945
2947
2951
2952
2953
2954
2956
2958
2959
2960
2962
2963
2967
2968
2974
2975
2977
2978
2983
2986
2991
2996
2998
3001
3003
3004
3006
3007
3008
3011
3012
3014
3019
3020
3021
3023
3024
3026
3027
3029
3031
3032
3033
3034
3035
3037
3038
3040
3041
3043
3044
3045
3046
3047
3050
3051
3053
3055
3056
3062
3063
3064
3065
3072
3075
3076
3077
3078
3081
3083
3084
3085
3087
3088
3090
3091
3092
3093
3094
3097
3101
3102
3103
3104
3105
3106
3108
3110
3111
3112
3115
3117
3120
3121
3122
3123
3124
3130
3131
3132
3135
3139
3140
3141
3147
3153
3155
3156
3157
3160
3161
3162
3164
3168
3169
3171
3172
3177
3178
3180
3183
3188
3191
3195
3196
3200
3204
3207
3209
3210
3212
3213
3214
3219
3220
3222
3224
3225
3229
3230
3232
3234
3237
3238
3243
3246
3252
3253
3255
3256
3258
3262
3264
3265
3266
3268
3273
3275
3277
3278
3280
3283
3286
3288
3291
3293
3296
3297
3302
3303
3305
3307
3308
3309
3311
3314
3316
3320
3326
3327
3328
3329
3330
3331
3332
3333
3336
3337
3339
3342
3343
3348
3350
3352
3354
3356
3359
3360
3362
3363
3364
3366
3367
3369
3371
3375
3376
3379
3380
3381
3383
3384
3386
3388
3389
3391
3392
3394
3398
3400
3402
3403
3404
3407
3408
3410
3415
3416
3420
3421
3423
3426
3427
3429
3430
3432
3433
3434
3437
3439
3440
3441
3442
3443
3446
3448
3451
3453
3459
3463
3467
3472
3473
3479
3481
3482
3486
3487
3488
3491
3493
3494
3496
3497
3499
3500
3502
3505
3508
3510
3513
3515
3518
3519
3520
3524
3525
3527
3528
3533
3534
3535
3536
3538
3539
3541
3542
3545
3549
3550
3553
3556
3558
3559
3564
3565
3566
3567
3569
3570
3575
3578
3580
3583
3585
3586
3591
3592
3594
3597
3599
3600
3602
3603
3605
3606
3607
3608
3610
3612
3613
3615
3617
3620
3621
3625
3626
3627
3629
3630
3631
3632
3634
3635
3636
3637
3638
3639
3640
3641
3642
3646
3648
3649
3651
3654
3656
3659
3660
3661
3667
3669
3672
3676
3677
3678
3681
3682
3683
3688
3690
3691
3692
3695
3696
3698
3699
3700
3701
3702
3703
3705
3706
3707
3708
3709
3711
3712
3713
3714
3715
3720
3721
3727
3728
3729
3731
3732
3733
3734
3736
3737
3742
3743
3744
3745
3746
3747
3748
3749
3750
3751
3752
3753
3756
3758
3759
3762
3765
3766
3768
3769
3770
3774
3780
3781
3782
3783
3784
3786
3788
3789
3790
3791
3798
3799
3800
3801
3803
3804
3806
3807
3811
3812
3816
3817
3820
3822
3825
3826
3827
3828
3831
3832
3833
3835
3837
3838
3839
3840
3845
3847
3851
3853
3854
3855
3856
3858
3859
3860
3861
3863
3864
3865
3869
3873
3875
3876
3877
3878
3880
3882
3884
3888
3889
3891
3893
3896
3897
3901
3907
3908
3916
3920
3924
3925
3926
3928
3930
3934
3936
3937
3938
3939
3941
3942
3943
3944
3945
3947
3948
3951
3952
3953
3954
3955
3956
3957
3958
3959
3964
3965
3966
3972
3973
3974
3976
3977
3980
3982
3986
3990
3992
3995
3998
4000
4001
4003
4006
4010
4011
4012
4015
4016
4018
4019
4020
4022
4023
4025
4029
4031
4032
4035
4037
4039
4042
4045
4047
4048
4050
4051
4052
4054
4055
4058
4060
4061
4062
4063
4064
4067
4070
4071
4072
4074
4077
4079
4084
4086
4087
4088
4090
4091
4092
