12 409
0 915
66 1750
75 2582
80 3743
88 209
97 1939
105 4090
110 3104
124 1820
126 2635
162 3494
183 2246
185 1335
188 1067
197 1278
208 3314
215 3112
225 1462
246 3947
247 3638
250 235
268 2513
276 1219
279 75
286 513
290 3391
291 3648
294 2991
303 752
345 455
351 437
367 1027
381 638
385 961
386 3527
395 3063
418 3135
424 3224
434 1388
438 956
439 1847
450 1327
479 1841
498 2947
506 3897
513 3123
519 559
529 4072
533 1932
557 2392
563 378
566 2744
581 2105
608 2974
611 3877
614 1829
619 1620
620 690
623 1947
630 3586
633 308
634 495
638 3453
639 2642
644 3219
647 3472
668 1035
688 2253
697 67
712 1433
728 1242
749 2858
766 2389
797 1027
804 3513
805 1635
807 3706
827 3629
841 1171
851 3122
868 575
887 2028
906 1009
923 696
931 1194
963 793
976 432
980 1620
983 2739
1004 3352
1017 1858
1032 6
1040 4064
1049 1148
1057 3168
1072 304
1087 2226
1088 3591
1116 2588
1124 910
1133 303
1140 2113
1151 855
1157 912
1175 2506
1184 3072
1195 2382
1198 2043
1201 864
1208 3845
1215 2313
1224 3586
1237 3688
1254 2866
1258 2449
1260 939
1265 1480
1278 3583
1304 3046
1307 3838
1330 1961
1331 3711
1344 1731
1348 1587
1351 321
1354 2730
1355 679
1369 111
1372 491
1384 332
1394 1518
1395 1409
1407 3782
1410 1322
1419 2890
1432 1699
1437 3427
1451 682
1453 667
1460 3957
1465 3083
1467 2464
1468 1344
1471 546
1472 2100
1475 696
1477 3743
1480 436
1489 194
1490 2898
1493 3659
1500 2001
1504 1331
1506 3798
1515 203
1544 1636
1554 446
1561 728
1573 2839
1586 875
1587 1532
1603 1335
1652 4091
1656 3434
1681 1623
1683 3893
1689 2050
1693 943
1718 1955
1753 2433
1758 3316
1759 1197
1766 3162
1775 1503
1779 2476
1781 1288
1813 1005
1817 3855
1826 825
1845 3230
1846 3035
1851 2963
1864 1595
1868 364
1883 2186
1887 278
1890 2115
1899 3439
1902 31
1903 384
1910 4029
1959 1176
1963 650
1971 1800
1994 352
1998 2591
2000 147
2033 282
2035 3765
2054 3524
2068 958
2071 103
2079 998
2088 2314
2111 614
2117 723
2124 3111
2147 377
2149 3534
2150 1074
2162 467
2164 1126
2177 1959
2178 1959
2180 1613
2238 2348
2283 2268
2284 3569
2292 230
2312 1264
2327 2530
2338 3410
2339 396
2356 196
2365 2353
2385 3954
2388 78
2391 1816
2400 1530
2405 2235
2410 3243
2418 2814
2427 1218
2435 3746
2458 2962
2459 298
2491 1877
2503 1833
2504 411
2525 3352
2528 3085
2546 4088
2552 3191
2589 3183
2599 2021
2606 1322
2607 1023
2627 515
2656 2323
2669 1248
2673 1183
2683 3811
2685 816
2692 1735
2700 1082
2712 2277
2724 1507
2728 2939
2738 2890
2739 1957
2756 3634
2760 2406
2761 2338
2769 1407
2774 3262
2782 881
2824 3448
2825 3612
2826 1208
2840 462
2845 1986
2865 1773
2872 3835
2890 2011
2897 2726
2912 3407
2913 3085
2916 3876
2921 2774
2926 1646
2953 710
2958 3367
2960 2532
2968 3019
2975 1009
2978 101
3007 1560
3027 1989
3031 960
3032 406
3044 3062
3047 2250
3050 1914
3076 2671
3090 2451
3103 979
3139 441
3155 3486
3178 1419
3180 2726
3195 762
3196 1557
3204 3350
3214 2126
3229 1227
3232 2925
3253 867
3258 1020
3262 512
3278 2232
3283 3124
3296 892
3302 1831
3303 3756
3307 227
3327 909
3329 297
3331 3859
3332 1702
3333 1808
3336 1785
3342 2735
3352 896
3371 2247
3375 3384
3379 2383
3381 312
3408 2587
3426 1784
3429 1052
3430 480
3443 1226
3446 1305
3453 1129
3459 896
3479 4058
3486 2710
3494 3379
3528 3709
3534 2374
3556 939
3567 2567
3578 2459
3594 1005
3606 3713
3610 1674
3612 1027
3626 3266
3630 796
3632 1176
3646 563
3651 2645
3656 1193
3667 2851
3669 3014
3676 933
3683 1135
3695 3502
3698 3188
3700 2509
3701 147
3708 2124
3712 3024
3715 3331
3721 442
3728 1248
3729 1686
3731 580
3732 341
3736 3362
3743 884
3746 1905
3751 375
3766 2629
3768 3659
3786 2998
3788 991
3790 1858
3803 120
3804 3207
3820 2612
3822 1405
3832 3432
3851 20
3859 1413
3865 272
3869 2768
3875 3762
3876 1438
3880 531
3888 1486
3901 2818
3925 933
3930 4050
3934 595
3944 4064
3955 2986
3974 2082
3977 2832
3980 1275
3986 3153
3992 877
3998 1222
4003 3566
4011 2752
4016 3094
4037 2142
4047 1992
4074 4010
