16 16384
0
4
9
11
12
19
23
25
28
30
32
34
52
54
57
60
67
69
70
78
88
91
105
108
110
114
120
126
127
130
132
135
137
146
149
156
158
179
180
184
189
193
195
196
197
198
207
219
228
229
231
234
237
243
246
250
253
258
261
275
279
283
286
293
300
303
309
311
321
324
327
336
338
339
340
345
359
370
373
374
376
379
381
382
384
385
387
389
398
401
407
411
420
429
431
435
437
447
453
454
456
472
477
484
485
486
487
488
489
493
497
504
507
508
510
513
514
517
519
522
532
543
545
549
551
552
557
560
561
571
572
573
577
583
588
596
608
610
611
619
623
637
640
645
649
656
662
666
668
679
691
693
694
696
699
709
710
713
719
723
724
726
728
731
735
740
745
747
748
749
755
756
768
773
776
779
783
787
795
796
798
805
808
813
828
829
830
832
833
835
837
843
847
853
855
862
869
871
877
878
882
889
898
901
914
917
919
927
939
944
946
952
953
956
958
972
973
975
978
979
980
982
994
996
997
998
1012
1016
1018
1020
1033
1038
1041
1043
1046
1047
1049
1052
1054
1055
1057
1071
1072
1074
1075
1079
1080
1086
1087
1090
1092
1093
1095
1098
1099
1100
1105
1106
1107
1108
1119
1122
1123
1124
1125
1128
1135
1137
1143
1144
1150
1152
1162
1164
1166
1168
1169
1181
1185
1198
1199
1204
1206
1208
1209
1213
1221
1229
1230
1235
1238
1240
1243
1244
1249
1250
1251
1252
1253
1254
1255
1260
1269
1272
1278
1282
1285
1301
1305
1307
1309
1317
1320
1329
1330
1335
1336
1337
1340
1341
1343
1345
1351
1358
1363
1367
1372
1382
1385
1388
1390
1394
1396
1409
1410
1414
1421
1422
1435
1437
1439
1444
1450
1455
1462
1474
1483
1486
1490
1503
1504
1506
1507
1518
1520
1521
1524
1532
1535
1541
1545
1547
1548
1551
1552
1553
1554
1557
1562
1569
1585
1591
1594
1597
1598
1599
1600
1608
1609
1617
1627
1630
1641
1645
1647
1652
1653
1656
1662
1664
1665
1667
1671
1673
1677
1687
1690
1700
1701
1710
1716
1718
1719
1728
1729
1737
1745
1746
1748
1749
1752
1756
1772
1773
1778
1779
1785
1790
1794
1797
1799
1800
1801
1804
1808
1810
1811
1814
1817
1819
1820
1829
1831
1833
1836
1838
1841
1853
1855
1857
1859
1863
1877
1879
1881
1886
1889
1896
1902
1903
1906
1908
1910
1913
1914
1917
1925
1929
1933
1934
1944
1947
1948
1959
1960
1961
1976
1985
1988
1999
2000
2002
2009
2011
2018
2022
2027
2034
2042
2045
2046
2053
2061
2064
2065
2069
2070
2072
2073
2075
2078
2079
2080
2081
2082
2083
2089
2091
2092
2098
2100
2102
2106
2108
2110
2113
2114
2120
2124
2127
2133
2139
2147
2148
2150
2154
2159
2165
2170
2171
2173
2175
2177
2180
2181
2183
2184
2185
2187
2188
2190
2194
2205
2208
2210
2221
2231
2236
2247
2248
2252
2255
2268
2276
2279
2282
2284
2293
2295
2302
2304
2310
2313
2314
2319
2326
2327
2328
2330
2334
2338
2339
2348
2350
2351
2356
2365
2367
2371
2374
2379
2387
2389
2391
2393
2399
2414
2419
2421
2432
2433
2441
2443
2449
2450
2452
2455
2464
2467
2468
2470
2472
2473
2475
2490
2502
2504
2505
2508
2509
2527
2528
2533
2556
2568
2569
2574
2576
2577
2581
2584
2585
2586
2587
2588
2597
2600
2603
2613
2617
2631
2635
2638
2639
2642
2643
2644
2648
2651
2653
2655
2657
2659
2661
2664
2669
2675
2676
2678
2681
2682
2683
2684
2686
2687
2689
2690
2697
2699
2703
2705
2709
2711
2714
2721
2726
2735
2738
2739
2742
2748
2749
2751
2753
2765
2768
2772
2773
2774
2775
2777
2780
2782
2794
2798
2806
2810
2811
2816
2817
2823
2826
2827
2830
2832
2836
2837
2840
2842
2843
2844
2848
2849
2850
2852
2857
2859
2862
2866
2867
2883
2889
2890
2893
2898
2902
2910
2917
2932
2942
2944
2950
2953
2956
2959
2962
2974
2975
2976
2978
2979
2982
2985
2988
2990
2999
3001
3005
3008
3009
3010
3012
3020
3021
3027
3031
3032
3033
3035
3037
3048
3050
3051
3053
3054
3056
3060
3062
3066
3069
3074
3077
3078
3079
3080
3090
3092
3093
3097
3098
3100
3106
3112
3117
3118
3122
3123
3128
3135
3138
3149
3152
3154
3156
3160
3163
3165
3167
3172
3177
3180
3183
3184
3188
3189
3191
3201
3203
3206
3207
3211
3212
3216
3227
3231
3237
3239
3240
3241
3247
3251
3254
3266
3268
3281
3283
3284
3285
3286
3291
3303
3313
3317
3323
3329
3332
3339
3340
3341
3350
3351
3353
3358
3362
3363
3366
3367
3373
3379
3394
3397
3399
3405
3406
3412
3413
3417
3418
3424
3425
3432
3442
3449
3458
3464
3465
3468
3472
3473
3474
3482
3487
3489
3491
3497
3504
3505
3508
3510
3513
3520
3521
3529
3533
3536
3541
3542
3543
3548
3549
3563
3566
3584
3589
3590
3592
3605
3606
3608
3611
3613
3620
3625
3626
3635
3636
3642
3645
3648
3649
3657
3661
3664
3668
3674
3675
3676
3681
3688
3695
3699
3706
3717
3719
3726
3728
3729
3731
3733
3741
3746
3752
3754
3757
3759
3763
3765
3767
3769
3779
3781
3782
3784
3786
3788
3803
3807
3808
3810
3811
3817
3825
3826
3829
3831
3832
3837
3838
3839
3840
3843
3856
3858
3859
3864
3866
3867
3868
3875
3879
3889
3892
3893
3894
3897
3913
3919
3921
3928
3940
3942
3944
3960
3965
3970
3972
3973
3978
3979
3982
3986
3989
3994
3997
4000
4001
4013
4016
4017
4021
4029
4035
4036
4040
4050
4052
4060
4061
4063
4066
4067
4070
4077
4078
4093
4101
4112
4113
4115
4120
4124
4130
4158
4159
4161
4163
4164
4175
4179
4182
4187
4188
4197
4207
4217
4219
4223
4225
4229
4230
4232
4235
4236
4238
4240
4243
4246
4249
4251
4255
4258
4265
4268
4269
4272
4274
4275
4277
4282
4291
4292
4293
4295
4300
4302
4308
4309
4312
4313
4315
4322
4325
4330
4333
4335
4339
4340
4346
4353
4355
4369
4370
4372
4378
4385
4388
4390
4393
4397
4401
4403
4416
4417
4425
4432
4433
4434
4444
4446
4447
4448
4449
4451
4456
4460
4463
4465
4471
4473
4475
4476
4477
4482
4485
4498
4501
4502
4504
4510
4512
4520
4521
4524
4526
4527
4529
4536
4542
4551
4555
4556
4557
4558
4568
4575
4580
4581
4585
4587
4589
4592
4596
4606
4609
4612
4617
4628
4630
4633
4634
4636
4639
4640
4644
4649
4651
4653
4669
4671
4674
4675
4677
4682
4685
4687
4688
4697
4698
4699
4708
4715
4716
4717
4719
4722
4726
4729
4740
4744
4750
4754
4763
4767
4769
4770
4776
4778
4780
4782
4784
4785
4788
4791
4793
4796
4798
4811
4814
4819
4824
4827
4833
4837
4846
4854
4858
4862
4863
4869
4872
4879
4889
4890
4892
4895
4898
4904
4909
4915
4920
4921
4925
4926
4929
4930
4932
4933
4935
4936
4940
4941
4943
4945
4951
4954
4958
4959
4961
4970
4981
4982
4983
4988
4996
5000
5002
5015
5017
5018
5019
5028
5029
5035
5039
5044
5046
5051
5052
5060
5061
5062
5063
5068
5072
5075
5079
5080
5084
5087
5089
5092
5093
5100
5105
5106
5113
5122
5128
5129
5131
5140
5143
5149
5153
5163
5164
5167
5168
5178
5181
5182
5187
5195
5196
5200
5201
5206
5208
5209
5212
5217
5218
5222
5223
5225
5228
5229
5234
5237
5241
5246
5254
5259
5263
5268
5272
5283
5285
5288
5289
5290
5300
5301
5304
5305
5308
5310
5312
5313
5317
5319
5321
5324
5325
5328
5329
5334
5338
5340
5343
5350
5364
5379
5381
5384
5388
5394
5395
5401
5402
5406
5408
5412
5414
5427
5429
5433
5435
5436
5442
5444
5446
5448
5449
5452
5457
5463
5466
5468
5469
5484
5491
5505
5506
5511
5514
5516
5517
5522
5524
5525
5526
5531
5534
5537
5540
5544
5546
5552
5557
5563
5565
5567
5571
5574
5575
5585
5586
5587
5589
5591
5599
5602
5603
5605
5607
5611
5615
5617
5620
5624
5627
5632
5634
5638
5640
5641
5647
5648
5650
5651
5652
5653
5662
5663
5664
5672
5675
5680
5682
5683
5685
5687
5690
5700
5711
5714
5717
5719
5721
5729
5730
5736
5738
5742
5748
5750
5752
5762
5763
5764
5767
5768
5772
5773
5775
5782
5785
5788
5792
5799
5804
5805
5811
5818
5823
5824
5826
5828
5835
5837
5845
5851
5853
5866
5868
5869
5893
5895
5897
5899
5901
5905
5911
5912
5913
5921
5927
5928
5932
5935
5937
5938
5942
5948
5949
5952
5955
5958
5967
5970
5973
5979
5985
5986
5987
5992
5994
5998
6005
6006
6016
6025
6027
6037
6049
6054
6055
6056
6061
6064
6067
6072
6078
6105
6110
6111
6113
6122
6125
6126
6135
6137
6138
6139
6147
6151
6152
6155
6158
6160
6162
6163
6165
6167
6169
6174
6180
6181
6183
6184
6185
6188
6197
6198
6203
6207
6224
6230
6233
6234
6236
6243
6246
6252
6254
6260
6268
6276
6278
6284
6293
6306
6313
6314
6320
6342
6349
6351
6356
6357
6358
6359
6362
6367
6371
6376
6385
6387
6388
6392
6393
6394
6399
6403
6416
6417
6418
6420
6421
6425
6436
6445
6447
6448
6449
6451
6453
6454
6455
6460
6461
6462
6463
6469
6470
6471
6478
6485
6487
6489
6493
6496
6499
6501
6502
6503
6506
6516
6518
6525
6531
6532
6533
6537
6538
6540
6545
6546
6547
6548
6549
6553
6558
6560
6561
6564
6571
6572
6575
6581
6582
6583
6588
6590
6593
6596
6605
6606
6607
6608
6619
6621
6630
6635
6639
6640
6646
6648
6650
6656
6659
6660
6665
6667
6671
6674
6680
6685
6690
6691
6696
6701
6714
6716
6717
6719
6720
6723
6724
6726
6729
6730
6736
6739
6744
6754
6756
6757
6758
6766
6767
6775
6783
6785
6786
6789
6791
6794
6797
6800
6802
6803
6814
6815
6819
6826
6830
6835
6836
6840
6843
6844
6845
6847
6859
6861
6864
6873
6878
6885
6890
6892
6895
6899
6901
6919
6931
6932
6934
6936
6940
6947
6956
6965
6974
6992
6994
7005
7009
7010
7013
7018
7022
7023
7028
7030
7036
7037
7043
7045
7050
7051
7053
7054
7058
7066
7067
7070
7073
7080
7088
7093
7097
7108
7123
7127
7128
7133
7134
7139
7154
7156
7158
7166
7168
7171
7173
7180
7181
7187
7189
7196
7201
7202
7204
7206
7208
7212
7213
7216
7217
7229
7235
7242
7243
7245
7250
7259
7262
7270
7276
7278
7281
7282
7283
7291
7293
7297
7299
7300
7302
7303
7321
7326
7328
7333
7334
7335
7337
7339
7344
7347
7349
7350
7351
7353
7356
7359
7361
7366
7367
7370
7371
7380
7381
7384
7386
7387
7393
7400
7408
7410
7413
7414
7418
7420
7425
7428
7430
7432
7433
7440
7445
7448
7451
7452
7457
7458
7459
7465
7471
7476
7485
7491
7495
7499
7501
7503
7509
7511
7516
7518
7526
7528
7530
7533
7535
7539
7541
7542
7543
7544
7548
7549
7551
7553
7554
7559
7561
7563
7566
7570
7583
7585
7586
7587
7594
7596
7599
7603
7610
7612
7614
7616
7619
7626
7630
7633
7639
7640
7643
7645
7648
7653
7660
7663
7666
7678
7686
7691
7699
7700
7701
7702
7707
7708
7722
7727
7729
7731
7741
7742
7752
7756
7757
7761
7764
7769
7771
7774
7788
7795
7799
7800
7801
7802
7803
7809
7810
7811
7812
7814
7825
7826
7827
7828
7831
7841
7848
7851
7855
7863
7868
7871
7878
7880
7884
7886
7892
7894
7896
7899
7900
7902
7904
7916
7921
7927
7933
7940
7943
7944
7948
7950
7966
7977
7978
7994
7996
8003
8004
8010
8014
8015
8016
8022
8024
8032
8034
8037
8040
8046
8055
8058
8060
8077
8079
8084
8085
8088
8094
8097
8098
8101
8109
8111
8116
8118
8120
8125
8128
8133
8135
8137
8141
8144
8148
8150
8152
8156
8158
8168
8180
8182
8183
8184
8186
8187
8188
8193
8195
8208
8209
8216
8218
8223
8224
8230
8239
8244
8258
8260
8261
8263
8264
8267
8269
8272
8279
8285
8301
8304
8318
8322
8326
8328
8334
8340
8348
8352
8362
8366
8368
8378
8380
8381
8386
8387
8388
8389
8390
8392
8393
8394
8397
8401
8402
8403
8405
8409
8418
8422
8426
8427
8433
8440
8455
8460
8468
8471
8476
8478
8482
8486
8491
8502
8506
8507
8509
8520
8524
8527
8528
8529
8530
8532
8534
8536
8538
8541
8546
8553
8556
8558
8564
8567
8570
8571
8573
8576
8578
8580
8583
8594
8599
8601
8602
8617
8621
8622
8624
8626
8632
8633
8635
8636
8640
8642
8652
8660
8664
8668
8676
8680
8683
8685
8688
8689
8690
8696
8699
8700
8703
8707
8708
8709
8710
8711
8725
8731
8735
8736
8737
8741
8746
8749
8753
8754
8755
8758
8761
8765
8766
8767
8769
8770
8778
8782
8784
8786
8789
8801
8802
8804
8808
8811
8818
8819
8822
8823
8825
8826
8834
8847
8849
8852
8859
8862
8863
8865
8866
8873
8877
8880
8881
8883
8885
8888
8890
8893
8895
8897
8903
8905
8908
8909
8910
8917
8923
8928
8932
8936
8938
8939
8940
8950
8951
8956
8959
8960
8963
8968
8970
8978
8979
8980
8981
8983
8990
8998
9000
9004
9009
9014
9017
9019
9021
9027
9029
9034
9035
9045
9049
9052
9062
9069
9078
9080
9081
9087
9099
9100
9103
9105
9107
9112
9116
9117
9119
9121
9123
9125
9131
9133
9135
9137
9138
9149
9151
9152
9153
9169
9174
9175
9178
9180
9187
9196
9199
9200
9202
9205
9208
9213
9216
9220
9225
9227
9230
9231
9240
9243
9245
9253
9254
9257
9264
9267
9270
9282
9284
9287
9290
9292
9298
9299
9301
9309
9315
9316
9318
9326
9328
9331
9332
9337
9338
9339
9341
9342
9349
9351
9357
9368
9369
9372
9375
9377
9383
9387
9393
9395
9397
9398
9402
9407
9409
9413
9418
9420
9424
9427
9434
9435
9440
9451
9456
9457
9458
9459
9460
9465
9468
9471
9476
9477
9478
9479
9480
9482
9483
9495
9496
9497
9503
9515
9519
9527
9533
9541
9546
9556
9557
9559
9564
9569
9576
9584
9587
9589
9606
9609
9613
9625
9636
9643
9648
9649
9653
9656
9657
9660
9668
9672
9678
9684
9689
9692
9693
9695
9701
9705
9707
9710
9711
9714
9715
9717
9720
9721
9730
9731
9733
9734
9740
9745
9746
9747
9755
9757
9758
9771
9773
9777
9785
9790
9791
9799
9804
9814
9815
9818
9822
9825
9827
9830
9833
9841
9845
9847
9848
9849
9855
9856
9861
9864
9865
9868
9870
9872
9874
9880
9881
9883
9885
9892
9895
9897
9899
9900
9902
9904
9906
9907
9908
9914
9918
9927
9928
9933
9935
9938
9940
9941
9945
9948
9951
9953
9957
9964
9968
9975
9976
9986
10000
10002
10007
10010
10014
10019
10020
10023
10025
10026
10028
10029
10034
10038
10040
10042
10045
10047
10053
10055
10058
10060
10067
10069
10071
10082
10084
10086
10087
10088
10092
10097
10101
10103
10106
10108
10111
10116
10118
10124
10129
10132
10137
10139
10142
10150
10151
10167
10176
10177
10178
10182
10183
10184
10185
10187
10191
10195
10196
10201
10207
10216
10217
10218
10221
10225
10226
10227
10233
10236
10242
10255
10256
10268
10270
10271
10274
10277
10279
10281
10282
10293
10300
10304
10305
10317
10319
10322
10328
10332
10336
10340
10341
10344
10357
10365
10367
10373
10375
10382
10385
10387
10388
10396
10405
10406
10409
10415
10416
10417
10420
10421
10424
10425
10428
10435
10442
10449
10451
10455
10458
10459
10462
10475
10478
10479
10485
10488
10497
10499
10501
10507
10514
10517
10527
10535
10540
10549
10551
10554
10556
10557
10565
10566
10571
10578
10581
10589
10590
10593
10597
10604
10617
10618
10620
10621
10622
10624
10625
10628
10632
10638
10648
10652
10659
10662
10664
10665
10666
10668
10670
10671
10673
10677
10683
10696
10698
10699
10703
10718
10719
10735
10737
10738
10742
10750
10751
10753
10756
10765
10771
10775
10782
10783
10784
10794
10802
10810
10811
10815
10817
10822
10825
10827
10839
10841
10852
10854
10856
10859
10864
10866
10867
10869
10872
10875
10888
10891
10892
10895
10896
10899
10904
10912
10917
10920
10922
10929
10933
10934
10939
10941
10945
10947
10950
10961
10966
10968
10970
10982
10989
10991
10992
10993
10995
10997
10999
11009
11014
11016
11023
11036
11048
11049
11055
11058
11061
11065
11066
11067
11069
11071
11072
11074
11075
11077
11079
11082
11083
11102
11113
11115
11116
11117
11120
11121
11123
11126
11131
11132
11135
11140
11142
11143
11147
11150
11152
11157
11161
11162
11165
11169
11171
11177
11185
11190
11191
11192
11194
11195
11196
11198
11200
11203
11212
11215
11216
11227
11233
11238
11240
11246
11248
11252
11255
11256
11260
11261
11270
11271
11277
11280
11282
11286
11287
11288
11289
11290
11294
11295
11296
11297
11299
11304
11305
11309
11313
11315
11323
11324
11327
11328
11332
11335
11336
11340
11343
11345
11347
11351
11352
11362
11364
11365
11370
11371
11374
11375
11378
11380
11384
11386
11399
11404
11411
11419
11422
11423
11430
11433
11447
11449
11450
11454
11456
11460
11480
11491
11493
11495
11501
11502
11504
11505
11506
11513
11517
11519
11521
11522
11523
11525
11528
11534
11535
11536
11539
11543
11544
11554
11558
11563
11567
11568
11572
11576
11577
11587
11589
11596
11599
11602
11614
11618
11620
11622
11630
11640
11642
11643
11656
11660
11664
11670
11671
11675
11680
11681
11683
11688
11700
11703
11704
11712
11713
11716
11717
11722
11726
11727
11731
11735
11736
11737
11739
11745
11746
11747
11748
11751
11757
11769
11772
11778
11780
11783
11784
11786
11790
11791
11792
11793
11794
11795
11799
11802
11804
11805
11815
11819
11821
11826
11827
11830
11831
11833
11837
11839
11842
11846
11857
11859
11865
11872
11877
11881
11882
11883
11885
11886
11889
11891
11892
11893
11897
11900
11901
11903
11904
11910
11911
11913
11917
11919
11920
11932
11937
11938
11941
11942
11944
11946
11948
11952
11956
11957
11959
11967
11968
11973
11975
11980
11982
11984
11985
11989
11990
12002
12004
12012
12013
12014
12021
12029
12031
12039
12040
12041
12045
12047
12050
12054
12056
12060
12061
12063
12065
12074
12076
12077
12079
12081
12089
12094
12096
12100
12106
12113
12116
12123
12126
12129
12133
12135
12136
12141
12144
12148
12149
12154
12156
12158
12159
12160
12162
12169
12172
12178
12195
12197
12198
12199
12200
12204
12208
12213
12221
12223
12225
12230
12232
12234
12239
12242
12245
12260
12264
12268
12270
12276
12281
12282
12283
12292
12295
12299
12300
12302
12316
12317
12323
12326
12330
12331
12342
12344
12355
12365
12367
12368
12370
12375
12381
12384
12385
12389
12393
12397
12400
12408
12410
12414
12423
12424
12425
12437
12438
12446
12447
12449
12451
12467
12469
12472
12473
12480
12486
12489
12494
12505
12507
12518
12520
12524
12527
12528
12529
12530
12532
12534
12536
12538
12541
12545
12562
12563
12564
12567
12578
12583
12587
12592
12600
12602
12608
12609
12613
12614
12615
12616
12625
12627
12629
12638
12644
12657
12659
12664
12666
12669
12672
12675
12681
12687
12690
12694
12698
12703
12704
12706
12709
12710
12711
12712
12713
12714
12715
12727
12730
12734
12735
12737
12739
12744
12748
12750
12751
12758
12763
12766
12768
12773
12779
12780
12781
12785
12790
12800
12802
12805
12807
12811
12817
12818
12819
12820
12825
12826
12827
12833
12836
12840
12848
12852
12857
12864
12866
12873
12874
12882
12896
12905
12912
12913
12914
12917
12918
12926
12929
12931
12934
12936
12942
12943
12947
12955
12962
12963
12969
12970
12971
12973
12975
12979
12981
12982
12985
12987
12995
13011
13022
13024
13027
13028
13029
13040
13043
13046
13049
13054
13060
13065
13066
13077
13081
13083
13084
13088
13093
13099
13100
13103
13104
13113
13126
13127
13129
13133
13134
13136
13138
13144
13146
13164
13167
13168
13172
13173
13175
13180
13182
13184
13187
13189
13192
13193
13195
13198
13199
13203
13205
13208
13209
13213
13216
13221
13225
13227
13230
13235
13238
13243
13253
13266
13269
13274
13278
13279
13281
13282
13283
13285
13288
13301
13302
13305
13311
13316
13318
13321
13328
13329
13334
13341
13344
13354
13357
13363
13372
13389
13390
13401
13402
13403
13407
13410
13413
13416
13418
13419
13421
13425
13427
13428
13430
13435
13445
13447
13452
13455
13460
13462
13464
13465
13471
13474
13478
13481
13482
13485
13487
13491
13493
13501
13503
13504
13506
13507
13511
13512
13514
13515
13521
13526
13527
13529
13531
13532
13539
13543
13545
13546
13549
13552
13553
13554
13557
13562
13567
13571
13572
13573
13577
13580
13581
13582
13586
13589
13607
13615
13618
13627
13634
13635
13649
13656
13657
13659
13665
13666
13669
13670
13671
13674
13676
13682
13689
13705
13708
13713
13717
13721
13722
13725
13727
13729
13730
13737
13745
13747
13748
13752
13753
13762
13767
13772
13777
13780
13782
13784
13792
13796
13804
13807
13812
13813
13827
13828
13829
13832
13843
13849
13850
13851
13853
13867
13871
13877
13884
13887
13891
13893
13898
13899
13901
13902
13908
13909
13913
13921
13922
13930
13954
13959
13964
13965
13970
13971
13986
13990
13991
13994
14001
14004
14007
14008
14010
14012
14013
14016
14019
14024
14025
14028
14029
14049
14051
14056
14060
14066
14072
14075
14082
14090
14101
14103
14104
14105
14107
14114
14115
14119
14125
14126
14127
14128
14133
14146
14150
14152
14173
14177
14190
14196
14208
14214
14220
14223
14225
14226
14244
14246
14254
14258
14263
14272
14273
14274
14275
14281
14282
14286
14287
14290
14291
14299
14301
14303
14307
14309
14318
14319
14322
14323
14324
14326
14331
14343
14344
14345
14348
14350
14352
14353
14357
14358
14361
14363
14364
14368
14369
14385
14387
14391
14392
14398
14400
14404
14406
14408
14410
14412
14414
14415
14419
14421
14422
14427
14433
14440
14446
14460
14462
14463
14465
14471
14472
14474
14476
14478
14484
14492
14495
14497
14499
14511
14514
14518
14519
14521
14523
14529
14531
14532
14534
14537
14547
14548
14550
14555
14560
14565
14566
14567
14575
14576
14581
14585
14586
14593
14594
14595
14599
14600
14604
14607
14613
14616
14617
14620
14637
14646
14650
14651
14653
14658
14659
14662
14664
14668
14672
14679
14680
14681
14685
14687
14688
14690
14691
14695
14697
14701
14704
14712
14714
14720
14723
14724
14729
14738
14744
14745
14746
14748
14751
14755
14756
14761
14762
14763
14765
14768
14769
14780
14784
14787
14788
14794
14795
14797
14801
14805
14809
14816
14819
14822
14826
14832
14837
14840
14842
14843
14845
14851
14855
14856
14860
14862
14864
14865
14867
14876
14877
14881
14885
14886
14891
14895
14897
14899
14902
14911
14922
14926
14928
14935
14944
14947
14948
14957
14964
14966
14967
14975
14977
14981
14984
14992
14994
14995
15002
15003
15012
15015
15024
15048
15055
15056
15058
15062
15066
15073
15074
15082
15084
15085
15087
15088
15089
15091
15101
15106
15111
15113
15114
15118
15120
15122
15123
15126
15127
15130
15136
15141
15145
15167
15168
15170
15174
15178
15185
15187
15194
15199
15201
15202
15205
15207
15209
15213
15216
15217
15225
15232
15244
15246
15247
15248
15255
15256
15257
15276
15283
15285
15287
15294
15295
15297
15301
15303
15304
15307
15309
15312
15314
15315
15316
15317
15319
15322
15323
15326
15332
15333
15334
15337
15341
15342
15344
15346
15349
15350
15351
15355
15357
15363
15369
15371
15381
15382
15383
15385
15386
15392
15396
15397
15399
15403
15418
15427
15431
15439
15440
15441
15445
15448
15449
15450
15458
15460
15466
15468
15472
15475
15479
15482
15483
15486
15487
15491
15493
15497
15502
15503
15509
15510
15511
15522
15525
15526
15528
15532
15534
15540
15541
15546
15548
15551
15556
15558
15559
15567
15570
15577
15580
15581
15584
15589
15591
15596
15597
15598
15599
15609
15616
15617
15618
15619
15623
15626
15631
15640
15642
15647
15665
15671
15674
15676
15679
15683
15686
15687
15688
15690
15692
15695
15696
15707
15711
15712
15714
15716
15719
15721
15726
15730
15732
15736
15738
15740
15742
15743
15746
15747
15748
15750
15755
15758
15759
15767
15770
15775
15776
15784
15787
15800
15801
15802
15805
15807
15808
15812
15820
15822
15824
15828
15829
15833
15836
15845
15850
15852
15862
15868
15869
15870
15871
15872
15873
15874
15875
15879
15881
15884
15892
15902
15907
15909
15918
15921
15927
15931
15932
15933
15937
15945
15948
15953
15957
15958
15961
15962
15967
15970
15971
15973
15976
15981
15990
15991
15993
15996
15997
15998
16009
16014
16017
16019
16021
16022
16026
16027
16029
16030
16031
16034
16035
16037
16038
16040
16043
16045
16046
16057
16060
16065
16069
16071
16072
16074
16075
16078
16083
16085
16087
16088
16089
16091
16092
16096
16097
16101
16102
16108
16109
16112
16115
16120
16122
16136
16138
16139
16141
16149
16152
16154
16156
16158
16159
16174
16183
16185
16188
16189
16195
16199
16200
16201
16208
16212
16213
16216
16221
16227
16228
16231
16236
16237
16239
16241
16244
16247
16250
16252
16253
16256
16260
16262
16263
16265
16266
16284
16286
16295
16298
16301
16305
16307
16310
16311
16313
16314
16316
16326
16329
16331
16339
16343
16347
16348
16352
16353
16362
16363
16365
16372
16375
16384
16389
16390
16400
16406
16408
16412
16414
16417
16419
16423
16424
16432
16438
16440
16441
16442
16443
16445
16447
16450
16451
16452
16454
16460
16477
16478
16479
16480
16481
16488
16489
16490
16491
16499
16504
16514
16519
16521
16526
16530
16531
16535
16541
16542
16545
16546
16547
16551
16567
16569
16572
16575
16576
16580
16581
16589
16594
16605
16609
16611
16615
16617
16618
16621
16622
16634
16636
16637
16647
16649
16652
16653
16654
16656
16660
16662
16668
16672
16679
16681
16683
16684
16685
16687
16695
16697
16699
16700
16704
16705
16711
16713
16715
16724
16729
16740
16746
16751
16752
16754
16756
16760
16761
16762
16763
16770
16774
16779
16783
16788
16794
16796
16797
16798
16808
16810
16820
16821
16825
16826
16828
16830
16834
16836
16839
16840
16847
16854
16863
16873
16875
16885
16889
16891
16893
16895
16898
16904
16915
16917
16922
16924
16926
16929
16932
16937
16943
16945
16947
16973
16978
16981
16988
16991
16994
16995
16997
16999
17001
17003
17007
17008
17016
17025
17026
17027
17029
17030
17037
17038
17043
17046
17054
17055
17057
17060
17062
17063
17066
17073
17074
17078
17081
17087
17091
17092
17097
17104
17105
17108
17111
17139
17145
17148
17150
17158
17170
17174
17177
17180
17185
17189
17193
17196
17200
17201
17202
17234
17236
17243
17250
17255
17256
17260
17261
17263
17264
17265
17266
17272
17273
17274
17278
17280
17281
17283
17286
17289
17298
17299
17301
17306
17313
17317
17319
17324
17329
17334
17339
17340
17342
17346
17348
17351
17354
17355
17357
17359
17364
17366
17372
17379
17385
17386
17393
17394
17395
17396
17401
17409
17415
17419
17420
17429
17436
17449
17458
17459
17461
17462
17463
17468
17476
17479
17485
17486
17488
17493
17495
17497
17502
17506
17509
17514
17531
17533
17537
17540
17541
17558
17567
17572
17574
17579
17582
17589
17591
17592
17594
17612
17617
17618
17619
17620
17632
17633
17634
17637
17644
17654
17660
17663
17669
17675
17678
17679
17680
17688
17690
17692
17705
17712
17713
17714
17716
17726
17728
17729
17734
17742
17747
17753
17758
17759
17763
17768
17769
17770
17772
17775
17782
17783
17785
17789
17792
17794
17795
17796
17801
17803
17805
17806
17818
17827
17828
17829
17834
17838
17840
17844
17851
17855
17857
17858
17865
17866
17871
17879
17883
17884
17886
17887
17890
17896
17901
17904
17909
17912
17914
17918
17920
17922
17929
17930
17932
17935
17937
17940
17943
17949
17955
17956
17957
17974
17977
17978
17984
17989
17991
17992
18001
18012
18013
18018
18019
18020
18023
18027
18031
18033
18035
18036
18037
18050
18053
18055
18059
18062
18064
18067
18068
18074
18080
18083
18089
18091
18099
18101
18111
18113
18119
18124
18126
18131
18133
18135
18137
18142
18146
18150
18152
18154
18163
18164
18168
18175
18183
18189
18192
18197
18198
18201
18202
18203
18204
18207
18210
18212
18216
18220
18221
18225
18231
18232
18235
18236
18239
18241
18243
18250
18251
18260
18265
18268
18270
18273
18275
18277
18283
18287
18289
18291
18292
18293
18302
18305
18306
18308
18316
18318
18321
18330
18339
18344
18345
18348
18351
18352
18355
18358
18361
18363
18365
18378
18381
18383
18384
18385
18399
18401
18408
18410
18412
18422
18423
18424
18430
18438
18440
18442
18445
18447
18449
18450
18452
18454
18459
18460
18468
18472
18477
18486
18487
18492
18494
18496
18503
18506
18510
18519
18523
18525
18526
18537
18538
18539
18540
18541
18542
18543
18545
18552
18555
18557
18558
18560
18565
18569
18574
18576
18586
18591
18593
18594
18607
18608
18619
18620
18631
18635
18638
18642
18647
18648
18654
18662
18664
18666
18669
18676
18677
18678
18683
18687
18688
18690
18691
18699
18701
18702
18704
18705
18712
18721
18722
18724
18725
18726
18731
18732
18736
18744
18750
18754
18760
18761
18766
18767
18776
18777
18785
18786
18788
18792
18796
18798
18805
18812
18835
18843
18846
18847
18858
18859
18863
18866
18873
18877
18881
18893
18894
18896
18898
18901
18903
18905
18909
18913
18914
18920
18936
18939
18940
18943
18951
18952
18954
18956
18960
18966
18969
18971
18978
18979
18982
18983
18993
18994
19004
19012
19016
19017
19018
19019
19020
19033
19039
19040
19044
19046
19051
19055
19060
19061
19066
19071
19077
19079
19080
19081
19082
19086
19088
19089
19090
19096
19100
19107
19108
19111
19112
19120
19123
19125
19127
19129
19133
19135
19136
19147
19149
19152
19158
19166
19172
19173
19174
19176
19189
19190
19203
19204
19207
19210
19213
19216
19218
19226
19228
19231
19233
19237
19241
19242
19249
19251
19255
19266
19274
19276
19282
19286
19287
19291
19296
19297
19302
19304
19305
19309
19314
19315
19322
19325
19326
19328
19340
19341
19343
19347
19350
19352
19359
19368
19369
19370
19374
19375
19376
19377
19378
19380
19385
19390
19399
19403
19416
19417
19418
19422
19430
19431
19433
19442
19446
19449
19451
19453
19454
19461
19468
19470
19473
19474
19475
19476
19479
19484
19485
19489
19490
19496
19506
19511
19515
19520
19524
19525
19527
19531
19535
19552
19553
19556
19564
19569
19570
19574
19575
19580
19586
19591
19594
19597
19598
19599
19603
19604
19605
19607
19608
19614
19621
19629
19633
19639
19640
19643
19647
19650
19653
19654
19660
19662
19664
19667
19668
19670
19671
19676
19680
19681
19684
19688
19689
19692
19693
19695
19698
19699
19701
19703
19712
19715
19717
19719
19724
19728
19732
19734
19743
19744
19745
19747
19748
19751
19753
19755
19756
19757
19759
19762
19768
19772
19774
19775
19783
19784
19787
19788
19792
19794
19795
19800
19801
19808
19814
19815
19822
19827
19828
19843
19847
19848
19850
19856
19861
19864
19868
19878
19879
19881
19884
19886
19888
19899
19903
19908
19909
19913
19916
19918
19921
19928
19930
19936
19937
19941
19942
19947
19948
19949
19953
19955
19969
19975
19978
19986
19991
19992
19999
20008
20015
20020
20021
20023
20032
20034
20035
20037
20038
20044
20046
20058
20059
20060
20067
20068
20069
20071
20086
20087
20089
20092
20093
20094
20095
20099
20102
20103
20106
20108
20113
20115
20118
20125
20127
20130
20134
20135
20149
20154
20161
20171
20172
20173
20182
20183
20184
20190
20195
20197
20208
20212
20213
20219
20229
20235
20236
20238
20239
20240
20245
20251
20254
20257
20260
20261
20265
20277
20281
20290
20291
20294
20297
20299
20300
20305
20311
20312
20321
20324
20329
20331
20333
20334
20335
20338
20340
20341
20343
20350
20358
20359
20361
20363
20371
20377
20379
20383
20385
20391
20394
20395
20399
20400
20401
20403
20405
20408
20410
20415
20424
20433
20434
20442
20451
20462
20464
20469
20474
20477
20478
20481
20483
20488
20489
20491
20495
20512
20525
20526
20530
20531
20535
20540
20547
20549
20556
20557
20560
20562
20568
20569
20571
20575
20576
20579
20580
20583
20584
20596
20604
20605
20607
20608
20614
20619
20624
20627
20637
20638
20639
20641
20648
20650
20653
20655
20656
20659
20661
20666
20670
20677
20680
20682
20705
20712
20721
20726
20731
20734
20737
20746
20758
20769
20771
20772
20779
20781
20782
20787
20790
20791
20792
20794
20795
20811
20812
20815
20818
20821
20822
20825
20835
20838
20849
20850
20853
20856
20857
20863
20865
20867
20872
20873
20875
20878
20888
20891
20897
20906
20917
20925
20931
20936
20951
20953
20954
20958
20959
20960
20961
20964
20967
20969
20974
20985
20988
20989
20990
20999
21000
21021
21030
21035
21036
21041
21042
21050
21053
21056
21059
21063
21067
21068
21071
21075
21078
21086
21091
21093
21102
21104
21106
21112
21114
21119
21125
21134
21140
21147
21152
21156
21162
21163
21167
21170
21172
21179
21184
21188
21197
21201
21202
21209
21215
21220
21225
21231
21235
21236
21238
21243
21257
21258
21260
21261
21267
21268
21269
21270
21278
21281
21283
21286
21291
21294
21300
21302
21306
21318
21321
21323
21326
21332
21334
21338
21339
21346
21354
21356
21361
21363
21364
21369
21370
21375
21376
21381
21384
21386
21403
21404
21412
21418
21419
21424
21427
21429
21436
21437
21441
21444
21445
21447
21453
21456
21458
21459
21460
21463
21464
21466
21468
21472
21477
21478
21482
21488
21492
21493
21495
21497
21498
21499
21503
21504
21507
21515
21518
21520
21523
21524
21526
21531
21536
21537
21542
21546
21547
21551
21556
21565
21567
21568
21572
21573
21574
21575
21577
21579
21583
21590
21592
21594
21596
21605
21610
21613
21614
21616
21620
21623
21631
21635
21639
21641
21647
21649
21651
21652
21653
21658
21661
21664
21667
21676
21677
21680
21681
21682
21683
21686
21691
21693
21694
21695
21696
21706
21711
21714
21716
21719
21724
21727
21730
21734
21735
21742
21743
21753
21768
21770
21780
21788
21793
21799
21802
21803
21804
21807
21808
21810
21814
21815
21817
21820
21823
21824
21828
21831
21832
21837
21842
21843
21848
21849
21857
21869
21870
21871
21875
21880
21881
21887
21893
21901
21906
21909
21911
21918
21921
21930
21936
21937
21940
21942
21945
21946
21947
21948
21951
21952
21957
21961
21962
21967
21968
21979
21987
21988
21990
21992
21999
22002
22007
22008
22009
22011
22013
22014
22015
22039
22042
22045
22046
22048
22055
22067
22075
22078
22084
22087
22106
22107
22111
22113
22114
22117
22119
22120
22125
22133
22141
22142
22143
22144
22147
22150
22153
22154
22161
22162
22163
22165
22172
22178
22186
22191
22194
22203
22205
22209
22213
22214
22223
22226
22234
22241
22243
22245
22249
22255
22257
22259
22261
22263
22264
22269
22271
22273
22277
22278
22284
22291
22292
22297
22299
22303
22305
22306
22309
22310
22313
22314
22317
22320
22323
22324
22325
22326
22330
22332
22334
22338
22345
22350
22356
22357
22362
22369
22378
22379
22382
22383
22385
22388
22398
22401
22404
22414
22426
22431
22437
22438
22439
22440
22444
22446
22454
22461
22462
22465
22467
22472
22479
22486
22495
22497
22498
22501
22506
22510
22511
22512
22516
22520
22521
22541
22548
22553
22558
22559
22563
22565
22566
22572
22576
22581
22584
22586
22595
22600
22605
22608
22616
22617
22621
22623
22625
22627
22630
22632
22633
22634
22636
22638
22639
22641
22642
22649
22651
22655
22657
22662
22675
22684
22690
22698
22708
22713
22714
22720
22721
22722
22728
22736
22737
22739
22748
22754
22759
22760
22762
22766
22771
22782
22788
22789
22792
22796
22797
22798
22800
22816
22825
22828
22837
22838
22839
22840
22850
22858
22861
22863
22871
22873
22874
22884
22886
22889
22893
22900
22903
22912
22917
22921
22925
22928
22931
22933
22951
22953
22958
22962
22970
22971
22972
22977
23001
23004
23005
23016
23019
23024
23025
23026
23027
23030
23032
23033
23048
23050
23054
23055
23060
23063
23065
23066
23072
23076
23077
23087
23092
23093
23108
23109
23130
23137
23139
23141
23142
23143
23145
23153
23155
23157
23162
23164
23172
23174
23175
23178
23180
23185
23186
23187
23191
23192
23201
23204
23205
23206
23209
23210
23214
23216
23226
23229
23235
23237
23240
23241
23243
23247
23255
23257
23258
23259
23263
23265
23273
23274
23277
23281
23296
23297
23298
23301
23306
23307
23310
23312
23320
23325
23326
23327
23333
23338
23342
23346
23348
23350
23352
23362
23367
23370
23374
23375
23383
23386
23392
23398
23399
23404
23415
23421
23424
23428
23441
23447
23458
23460
23461
23466
23476
23496
23497
23498
23501
23505
23509
23518
23519
23521
23524
23525
23526
23527
23533
23540
23544
23546
23547
23551
23565
23567
23571
23573
23574
23575
23581
23585
23590
23592
23597
23604
23607
23608
23610
23619
23620
23627
23634
23636
23637
23639
23640
23650
23655
23657
23660
23661
23663
23665
23666
23675
23678
23690
23691
23696
23697
23700
23702
23703
23708
23711
23712
23713
23717
23722
23724
23732
23735
23739
23740
23742
23749
23754
23758
23763
23772
23773
23779
23780
23787
23788
23789
23790
23796
23798
23800
23801
23812
23819
23821
23835
23843
23850
23851
23855
23863
23867
23869
23879
23890
23891
23906
23907
23912
23913
23923
23926
23931
23932
23933
23938
23939
23943
23948
23950
23952
23964
23967
23973
23982
23985
23988
23989
23994
23997
23998
24004
24008
24014
24018
24022
24027
24030
24034
24039
24043
24047
24049
24051
24053
24061
24062
24070
24071
24076
24077
24079
24081
24083
24085
24086
24087
24090
24091
24093
24094
24095
24102
24103
24105
24109
24113
24114
24116
24118
24123
24129
24131
24133
24140
24141
24151
24161
24162
24165
24169
24171
24173
24184
24190
24191
24198
24206
24207
24209
24217
24221
24227
24229
24230
24231
24232
24238
24242
24248
24250
24254
24256
24263
24265
24268
24270
24273
24276
24278
24289
24290
24293
24300
24305
24308
24310
24312
24315
24317
24319
24330
24331
24336
24338
24341
24349
24350
24363
24366
24367
24377
24397
24398
24401
24404
24406
24407
24408
24409
24410
24411
24413
24431
24432
24453
24456
24457
24461
24462
24464
24465
24475
24476
24481
24484
24491
24501
24502
24505
24510
24512
24514
24516
24519
24520
24524
24527
24534
24535
24537
24540
24544
24547
24552
24558
24560
24561
24563
24568
24569
24572
24580
24585
24592
24600
24601
24606
24614
24617
24620
24628
24629
24632
24649
24655
24657
24671
24676
24682
24687
24693
24698
24703
24714
24721
24722
24725
24729
24730
24732
24735
24736
24739
24742
24752
24753
24754
24756
24760
24763
24766
24768
24773
24777
24779
24782
24784
24788
24790
24792
24793
24798
24802
24806
24809
24813
24815
24818
24823
24828
24831
24832
24840
24845
24847
24852
24862
24863
24864
24870
24874
24875
24876
24877
24879
24884
24886
24897
24899
24901
24902
24916
24919
24921
24924
24925
24927
24931
24934
24937
24948
24951
24954
24959
24962
24967
24970
24975
24979
24984
24987
25005
25007
25012
25013
25015
25017
25018
25021
25023
25025
25028
25029
25030
25041
25056
25057
25060
25081
25086
25087
25088
25093
25095
25101
25103
25106
25115
25119
25122
25129
25131
25133
25134
25143
25147
25148
25151
25157
25161
25164
25170
25178
25183
25192
25194
25195
25196
25204
25205
25221
25224
25226
25228
25233
25239
25258
25264
25265
25279
25283
25286
25288
25291
25292
25296
25298
25300
25305
25306
25311
25312
25313
25316
25319
25321
25328
25331
25334
25337
25338
25347
25348
25350
25351
25352
25356
25362
25367
25373
25375
25378
25388
25389
25392
25400
25401
25402
25403
25404
25407
25415
25416
25424
25425
25431
25435
25438
25441
25442
25444
25447
25453
25463
25469
25475
25480
25482
25486
25487
25489
25504
25506
25515
25516
25522
25534
25536
25541
25544
25546
25547
25551
25552
25553
25562
25565
25571
25573
25576
25588
25590
25594
25597
25603
25605
25608
25610
25615
25617
25618
25621
25623
25625
25626
25628
25633
25635
25636
25639
25640
25641
25644
25646
25652
25654
25660
25663
25666
25667
25671
25672
25677
25682
25688
25694
25696
25697
25698
25702
25703
25704
25707
25709
25726
25728
25743
25747
25751
25754
25759
25765
25772
25774
25781
25789
25791
25795
25797
25800
25809
25814
25820
25824
25827
25830
25835
25839
25842
25847
25848
25852
25854
25855
25859
25863
25869
25870
25871
25875
25876
25877
25878
25879
25886
25887
25893
25895
25897
25901
25906
25909
25915
25916
25921
25925
25927
25929
25931
25943
25946
25950
25951
25953
25956
25958
25963
25970
25975
25979
25980
25983
25984
25985
25987
26006
26010
26011
26015
26018
26024
26025
26027
26030
26031
26046
26048
26049
26050
26054
26061
26066
26068
26070
26078
26085
26087
26088
26101
26102
26104
26112
26123
26131
26133
26135
26137
26146
26150
26151
26153
26165
26167
26176
26177
26181
26183
26184
26188
26189
26196
26201
26203
26211
26214
26220
26226
26234
26240
26241
26246
26247
26250
26261
26264
26265
26271
26281
26282
26294
26297
26299
26301
26303
26306
26310
26311
26318
26322
26323
26325
26330
26334
26358
26360
26361
26362
26365
26369
26376
26377
26379
26384
26386
26387
26388
26389
26391
26395
26400
26403
26410
26412
26413
26417
26445
26446
26449
26458
26467
26468
26473
26479
26484
26487
26493
26501
26504
26512
26517
26527
26532
26542
26553
26554
26555
26565
26567
26568
26572
26575
26576
26577
26590
26591
26599
26618
26619
26623
26627
26630
26634
26640
26648
26654
26657
26662
26664
26669
26670
26672
26673
26676
26678
26684
26685
26688
26691
26693
26700
26703
26716
26717
26720
26721
26734
26735
26736
26742
26743
26749
26754
26755
26769
26773
26775
26787
26789
26793
26798
26799
26801
26804
26805
26808
26811
26814
26815
26820
26822
26825
26832
26837
26841
26843
26847
26848
26849
26863
26864
26865
26866
26872
26877
26886
26889
26890
26892
26897
26898
26899
26902
26908
26914
26919
26924
26925
26926
26931
26936
26943
26945
26957
26958
26963
26964
26966
26969
26972
26973
26978
26985
26987
26991
26992
26995
27000
27002
27007
27023
27028
27030
27032
27035
27036
27038
27039
27043
27047
27048
27054
27060
27070
27072
27076
27077
27080
27085
27089
27093
27098
27099
27102
27106
27109
27110
27112
27117
27121
27122
27127
27128
27132
27135
27139
27144
27150
27151
27156
27157
27160
27161
27164
27167
27169
27170
27171
27173
27176
27189
27198
27204
27219
27233
27237
27241
27252
27253
27256
27257
27259
27261
27263
27264
27269
27270
27273
27274
27280
27281
27286
27293
27301
27302
27305
27309
27314
27316
27334
27341
27342
27352
27353
27354
27355
27357
27358
27365
27366
27369
27371
27372
27381
27383
27384
27387
27388
27390
27395
27396
27398
27400
27404
27412
27416
27418
27419
27421
27425
27429
27430
27437
27438
27445
27446
27448
27449
27451
27458
27462
27464
27468
27475
27477
27484
27488
27491
27492
27493
27496
27497
27498
27502
27504
27505
27509
27510
27518
27521
27529
27542
27560
27563
27565
27567
27569
27570
27575
27577
27586
27587
27598
27601
27604
27606
27607
27613
27618
27623
27630
27640
27648
27652
27653
27654
27657
27658
27661
27662
27665
27666
27678
27681
27685
27690
27697
27699
27702
27704
27707
27710
27711
27720
27733
27735
27738
27742
27744
27745
27752
27753
27755
27760
27765
27767
27778
27781
27790
27792
27803
27810
27811
27818
27834
27835
27837
27838
27839
27841
27844
27853
27857
27865
27867
27869
27872
27873
27892
27895
27896
27897
27901
27905
27907
27908
27926
27927
27931
27932
27935
27938
27947
27948
27953
27955
27959
27961
27964
27981
27982
27983
27993
27994
27995
28008
28009
28017
28024
28026
28027
28029
28039
28041
28045
28046
28048
28050
28054
28056
28062
28065
28066
28068
28070
28072
28076
28082
28087
28088
28090
28094
28108
28111
28119
28121
28122
28125
28127
28132
28138
28142
28146
28151
28154
28156
28170
28173
28174
28176
28184
28187
28193
28197
28199
28200
28210
28218
28227
28232
28245
28248
28252
28267
28272
28285
28287
28295
28296
28297
28300
28303
28304
28306
28311
28320
28323
28326
28334
28335
28340
28344
28347
28357
28363
28367
28384
28389
28390
28392
28401
28403
28409
28411
28415
28419
28421
28431
28435
28438
28442
28443
28451
28453
28459
28461
28462
28466
28473
28485
28488
28490
28496
28500
28517
28518
28520
28534
28540
28543
28544
28548
28557
28558
28559
28571
28573
28583
28594
28595
28596
28604
28606
28610
28617
28621
28624
28627
28629
28632
28633
28638
28642
28649
28652
28661
28666
28667
28671
28672
28673
28675
28678
28683
28684
28686
28690
28691
28704
28709
28710
28712
28721
28724
28725
28726
28729
28730
28732
28748
28751
28753
28757
28758
28759
28761
28763
28768
28770
28772
28774
28778
28779
28780
28782
28783
28785
28789
28790
28792
28793
28797
28798
28802
28805
28809
28813
28821
28822
28826
28829
28831
28841
28842
28843
28859
28862
28868
28870
28871
28875
28881
28883
28887
28890
28891
28893
28898
28910
28914
28918
28930
28940
28942
28943
28951
28956
28962
28964
28968
28969
28975
28979
28984
28987
28990
28994
29003
29011
29012
29016
29017
29021
29024
29025
29026
29036
29037
29043
29044
29045
29050
29054
29057
29059
29060
29061
29074
29077
29078
29084
29095
29101
29104
29107
29112
29117
29118
29127
29131
29137
29139
29143
29145
29150
29151
29156
29158
29161
29163
29168
29171
29177
29179
29180
29182
29185
29186
29192
29193
29205
29207
29210
29213
29221
29227
29238
29246
29251
29252
29259
29260
29265
29270
29273
29275
29277
29278
29281
29283
29286
29293
29299
29300
29305
29307
29310
29312
29313
29318
29319
29323
29324
29330
29333
29334
29335
29337
29340
29348
29349
29359
29367
29393
29400
29408
29414
29421
29424
29427
29430
29431
29433
29436
29437
29438
29440
29448
29461
29465
29469
29471
29476
29484
29488
29492
29493
29494
29495
29501
29503
29507
29508
29513
29516
29533
29534
29536
29539
29546
29549
29550
29564
29570
29571
29572
29573
29575
29596
29599
29601
29606
29609
29610
29611
29613
29617
29621
29623
29636
29641
29643
29644
29649
29654
29658
29659
29660
29661
29669
29671
29673
29674
29675
29687
29688
29690
29692
29697
29699
29702
29705
29717
29733
29738
29743
29744
29750
29751
29757
29769
29773
29782
29791
29793
29798
29806
29810
29812
29815
29816
29819
29820
29823
29828
29833
29839
29840
29846
29848
29853
29854
29855
29860
29862
29867
29874
29877
29882
29883
29900
29908
29909
29910
29911
29913
29922
29925
29926
29927
29928
29929
29930
29937
29941
29950
29955
29957
29958
29959
29961
29973
29983
29986
30005
30007
30010
30011
30012
30014
30017
30018
30021
30024
30025
30027
30041
30055
30056
30060
30067
30069
30075
30080
30082
30084
30086
30093
30097
30098
30100
30101
30105
30107
30109
30110
30115
30119
30123
30124
30128
30139
30140
30143
30144
30156
30157
30158
30159
30160
30162
30168
30171
30173
30178
30180
30183
30185
30196
30202
30208
30210
30217
30221
30224
30225
30227
30231
30235
30244
30247
30258
30269
30272
30274
30277
30279
30281
30282
30292
30293
30300
30301
30304
30310
30312
30313
30319
30322
30324
30328
30329
30335
30339
30357
30369
30372
30377
30383
30387
30389
30391
30393
30395
30397
30400
30403
30406
30411
30415
30416
30424
30427
30429
30432
30433
30437
30440
30442
30446
30455
30462
30463
30467
30472
30481
30482
30485
30492
30494
30503
30507
30511
30514
30515
30517
30528
30537
30541
30542
30543
30546
30548
30550
30555
30557
30559
30562
30563
30566
30569
30576
30584
30593
30595
30596
30604
30610
30613
30614
30615
30616
30619
30620
30621
30624
30627
30628
30629
30638
30641
30642
30650
30657
30663
30665
30667
30671
30673
30676
30677
30680
30681
30684
30689
30697
30699
30707
30715
30718
30725
30726
30750
30753
30755
30757
30758
30759
30774
30779
30783
30785
30787
30790
30793
30794
30795
30797
30804
30806
30808
30813
30819
30823
30824
30827
30831
30834
30835
30836
30837
30838
30839
30845
30847
30853
30862
30874
30879
30883
30884
30887
30890
30892
30895
30896
30897
30907
30908
30909
30911
30912
30914
30922
30927
30928
30934
30935
30936
30942
30944
30946
30951
30954
30956
30959
30962
30964
30971
30976
30978
30979
30980
30984
30993
30999
31003
31006
31009
31015
31017
31024
31025
31026
31034
31048
31051
31054
31060
31069
31082
31085
31109
31113
31116
31118
31124
31125
31129
31130
31131
31132
31136
31138
31139
31140
31141
31143
31148
31151
31155
31161
31163
31167
31175
31178
31191
31194
31198
31205
31207
31211
31219
31224
31236
31237
31238
31244
31245
31246
31247
31250
31252
31256
31259
31263
31269
31271
31284
31288
31290
31291
31292
31296
31299
31300
31308
31309
31313
31314
31315
31316
31322
31324
31329
31332
31333
31342
31343
31347
31349
31353
31355
31358
31360
31366
31374
31378
31382
31386
31391
31395
31397
31405
31410
31413
31415
31418
31424
31429
31430
31434
31435
31440
31443
31445
31446
31452
31454
31462
31471
31473
31474
31481
31484
31491
31493
31494
31496
31499
31502
31504
31506
31510
31513
31514
31517
31525
31535
31539
31549
31551
31560
31561
31569
31572
31574
31580
31582
31588
31592
31607
31609
31611
31626
31628
31629
31633
31637
31639
31645
31649
31651
31654
31658
31663
31669
31672
31673
31674
31676
31680
31681
31691
31692
31696
31697
31699
31707
31709
31712
31714
31719
31720
31722
31723
31724
31728
31731
31733
31740
31742
31747
31749
31755
31756
31758
31759
31762
31767
31768
31770
31773
31775
31776
31781
31782
31789
31792
31799
31805
31808
31812
31813
31814
31816
31834
31836
31840
31847
31852
31854
31855
31858
31859
31862
31863
31870
31874
31876
31879
31882
31884
31887
31891
31897
31898
31899
31903
31904
31906
31923
31935
31940
31949
31951
31954
31962
31963
31968
31970
31974
31976
31978
31980
31981
31989
31992
31997
32006
32019
32021
32024
32025
32031
32036
32038
32041
32042
32051
32052
32056
32060
32069
32086
32091
32095
32099
32100
32116
32117
32119
32129
32131
32134
32139
32161
32164
32165
32171
32180
32184
32187
32188
32189
32191
32195
32206
32208
32210
32215
32216
32220
32222
32223
32224
32225
32229
32231
32232
32233
32238
32240
32241
32247
32249
32251
32253
32254
32263
32269
32271
32273
32275
32284
32287
32288
32289
32294
32298
32307
32309
32310
32319
32320
32321
32331
32333
32337
32340
32342
32351
32354
32355
32356
32360
32362
32364
32366
32367
32370
32373
32375
32383
32386
32390
32393
32419
32425
32427
32429
32430
32433
32434
32436
32437
32439
32441
32446
32451
32452
32458
32461
32463
32466
32467
32472
32473
32474
32479
32481
32482
32483
32487
32488
32500
32511
32514
32519
32526
32531
32538
32539
32541
32544
32546
32552
32554
32555
32558
32561
32563
32565
32576
32577
32589
32591
32594
32595
32596
32597
32610
32613
32620
32627
32632
32642
32645
32654
32657
32661
32662
32667
32668
32674
32684
32685
32694
32695
32698
32701
32703
32707
32709
32714
32722
32723
32728
32730
32734
32743
32744
32745
32746
32750
32751
32765
32769
32770
32771
32772
32774
32776
32786
32789
32791
32792
32798
32799
32802
32803
32804
32806
32810
32821
32827
32831
32836
32837
32839
32846
32852
32854
32861
32866
32869
32872
32874
32879
32881
32882
32888
32892
32893
32894
32896
32899
32900
32912
32914
32918
32924
32925
32932
32941
32943
32951
32955
32964
32966
32971
32976
32978
32988
32997
33001
33005
33007
33010
33016
33024
33026
33036
33040
33043
33047
33049
33050
33056
33061
33065
33067
33074
33076
33077
33079
33081
33082
33087
33088
33091
33095
33098
33099
33107
33109
33118
33119
33126
33131
33132
33137
33143
33144
33145
33159
33162
33163
33166
33171
33173
33175
33176
33177
33179
33183
33184
33189
33195
33200
33204
33205
33206
33207
33211
33223
33224
33225
33236
33243
33246
33247
33248
33256
33265
33266
33268
33275
33278
33282
33291
33292
33293
33294
33301
33302
33304
33307
33314
33316
33325
33326
33327
33332
33336
33338
33339
33346
33348
33351
33358
33359
33369
33376
33379
33381
33382
33384
33386
33387
33392
33393
33396
33398
33399
33404
33406
33408
33415
33418
33430
33433
33444
33445
33448
33453
33454
33456
33462
33463
33465
33469
33477
33478
33481
33484
33491
33493
33495
33496
33497
33506
33507
33508
33511
33513
33515
33521
33522
33527
33531
33533
33538
33539
33541
33543
33552
33553
33555
33559
33565
33568
33573
33575
33577
33581
33582
33584
33585
33587
33589
33592
33599
33600
33602
33606
33607
33610
33613
33620
33621
33630
33631
33635
33642
33644
33645
33647
33650
33651
33656
33659
33661
33665
33670
33681
33684
33689
33693
33707
33708
33712
33714
33719
33724
33726
33730
33731
33733
33734
33738
33739
33741
33748
33753
33762
33773
33780
33785
33786
33787
33793
33794
33795
33796
33807
33809
33810
33812
33826
33829
33835
33847
33849
33851
33855
33856
33858
33859
33868
33870
33873
33883
33894
33899
33907
33908
33910
33913
33918
33920
33923
33927
33930
33933
33937
33943
33947
33951
33957
33958
33961
33963
33967
33969
33971
33980
33982
33991
33995
34002
34004
34011
34012
34013
34017
34021
34026
34028
34032
34034
34036
34038
34041
34044
34050
34062
34067
34070
34072
34078
34080
34081
34088
34099
34105
34107
34109
34121
34123
34125
34127
34128
34130
34134
34137
34140
34143
34145
34147
34149
34151
34158
34160
34164
34167
34170
34175
34177
34178
34181
34182
34192
34193
34195
34200
34203
34205
34207
34210
34213
34222
34235
34236
34239
34241
34242
34254
34262
34268
34269
34279
34280
34288
34289
34290
34292
34293
34294
34296
34306
34308
34310
34311
34312
34315
34321
34322
34325
34326
34328
34332
34334
34340
34341
34347
34353
34356
34361
34363
34366
34371
34372
34374
34379
34381
34382
34383
34389
34392
34393
34396
34397
34398
34400
34407
34413
34417
34419
34425
34426
34427
34430
34437
34438
34441
34444
34445
34446
34447
34456
34464
34469
34481
34482
34483
34484
34487
34493
34494
34495
34496
34497
34498
34499
34503
34510
34511
34526
34527
34532
34533
34541
34542
34547
34552
34553
34556
34557
34561
34562
34566
34570
34575
34578
34584
34590
34596
34600
34605
34606
34610
34611
34617
34619
34622
34623
34629
34631
34636
34641
34642
34646
34648
34651
34657
34661
34667
34668
34671
34681
34690
34699
34702
34704
34705
34707
34720
34721
34723
34729
34739
34744
34746
34749
34752
34762
34764
34768
34775
34781
34784
34792
34793
34800
34801
34802
34803
34805
34808
34810
34820
34823
34825
34827
34829
34834
34845
34848
34849
34851
34853
34855
34859
34863
34864
34867
34869
34873
34876
34882
34898
34906
34910
34916
34924
34927
34930
34935
34936
34939
34940
34942
34948
34952
34954
34955
34961
34970
34973
34980
34981
34986
34989
34990
34994
34995
34996
34997
34998
35001
35006
35013
35014
35018
35021
35025
35026
35031
35045
35049
35051
35053
35054
35061
35063
35065
35066
35073
35094
35098
35107
35108
35119
35122
35123
35126
35128
35131
35136
35142
35155
35157
35158
35166
35167
35171
35172
35178
35180
35181
35184
35192
35200
35216
35217
35218
35219
35223
35227
35228
35236
35240
35241
35249
35250
35253
35261
35263
35266
35268
35281
35282
35284
35288
35292
35293
35297
35298
35299
35300
35305
35306
35311
35314
35315
35317
35318
35319
35321
35324
35325
35328
35329
35333
35336
35339
35349
35350
35351
35356
35359
35360
35366
35368
35370
35374
35376
35377
35392
35398
35408
35422
35427
35435
35442
35443
35448
35452
35453
35454
35455
35456
35460
35470
35472
35475
35479
35483
35489
35494
35496
35501
35503
35510
35511
35514
35524
35527
35531
35537
35539
35541
35548
35551
35553
35558
35559
35562
35566
35569
35575
35581
35582
35584
35588
35589
35593
35595
35597
35606
35608
35610
35611
35612
35620
35622
35623
35624
35627
35631
35638
35644
35645
35646
35653
35655
35658
35659
35660
35663
35693
35700
35707
35720
35723
35725
35730
35735
35736
35738
35742
35748
35754
35756
35761
35768
35771
35774
35791
35793
35797
35800
35803
35805
35806
35808
35811
35813
35819
35829
35831
35834
35835
35838
35843
35855
35857
35859
35867
35869
35879
35899
35902
35907
35909
35910
35911
35915
35920
35932
35945
35960
35966
35969
35971
35972
35978
35985
35991
35997
36005
36006
36010
36017
36021
36022
36025
36026
36028
36038
36045
36054
36056
36057
36065
36075
36082
36090
36093
36096
36101
36103
36104
36113
36119
36124
36126
36127
36128
36130
36139
36140
36145
36147
36148
36154
36155
36160
36161
36165
36170
36180
36182
36186
36188
36195
36198
36199
36205
36207
36208
36211
36212
36216
36222
36226
36228
36230
36231
36232
36240
36243
36244
36254
36261
36263
36266
36270
36280
36282
36287
36290
36295
36302
36308
36312
36320
36321
36322
36325
36329
36331
36334
36338
36343
36348
36352
36353
36356
36362
36370
36374
36379
36386
36393
36396
36397
36398
36399
36408
36410
36419
36422
36426
36427
36429
36430
36435
36436
36452
36460
36465
36467
36469
36470
36473
36475
36478
36483
36493
36499
36502
36505
36510
36511
36517
36524
36526
36527
36531
36535
36548
36549
36555
36571
36576
36578
36579
36580
36584
36596
36603
36607
36613
36617
36622
36623
36625
36631
36637
36640
36643
36644
36645
36646
36648
36652
36660
36661
36664
36668
36669
36674
36678
36679
36682
36683
36684
36685
36687
36690
36695
36696
36713
36716
36721
36736
36738
36740
36742
36744
36748
36752
36755
36756
36760
36765
36766
36768
36770
36774
36780
36795
36798
36800
36801
36806
36808
36810
36812
36813
36819
36820
36822
36823
36830
36831
36834
36836
36842
36844
36845
36850
36852
36858
36860
36863
36864
36873
36874
36878
36879
36880
36881
36882
36884
36885
36886
36889
36890
36902
36903
36912
36919
36928
36937
36958
36964
36966
36970
36971
36974
36976
36978
36979
36982
36983
36988
36993
36997
37000
37007
37017
37018
37019
37020
37021
37023
37025
37029
37035
37037
37040
37043
37044
37046
37048
37049
37050
37052
37053
37054
37058
37059
37062
37063
37065
37067
37077
37079
37084
37088
37089
37091
37093
37095
37098
37103
37110
37115
37116
37126
37130
37136
37137
37138
37139
37140
37141
37142
37148
37156
37159
37163
37165
37169
37175
37185
37188
37193
37196
37200
37201
37207
37210
37211
37214
37216
37222
37225
37226
37236
37239
37240
37242
37249
37262
37268
37269
37270
37277
37281
37282
37289
37294
37295
37296
37297
37304
37305
37309
37310
37311
37314
37318
37319
37323
37325
37326
37327
37330
37331
37340
37343
37347
37352
37356
37359
37361
37364
37373
37376
37377
37380
37382
37388
37393
37397
37400
37410
37415
37420
37422
37429
37431
37433
37439
37442
37450
37452
37453
37456
37457
37459
37461
37472
37482
37488
37489
37492
37493
37500
37509
37514
37521
37526
37533
37542
37546
37547
37554
37556
37559
37561
37566
37572
37576
37579
37580
37586
37592
37594
37595
37598
37599
37600
37610
37614
37615
37621
37622
37623
37629
37638
37644
37645
37649
37655
37658
37661
37673
37675
37690
37696
37702
37705
37706
37707
37708
37723
37728
37730
37748
37750
37751
37759
37760
37761
37762
37772
37782
37787
37788
37791
37798
37804
37813
37816
37822
37825
37830
37837
37842
37844
37849
37853
37856
37858
37862
37869
37870
37872
37875
37877
37878
37885
37887
37889
37894
37897
37900
37908
37913
37918
37921
37924
37926
37929
37930
37931
37948
37958
37959
37960
37962
37963
37966
37967
37974
37976
37983
37993
37995
37996
38004
38010
38012
38024
38025
38026
38032
38035
38037
38043
38046
38048
38053
38057
38060
38061
38064
38067
38071
38072
38074
38075
38081
38082
38085
38092
38093
38098
38105
38106
38107
38108
38109
38111
38124
38142
38143
38148
38152
38153
38154
38161
38163
38166
38168
38171
38178
38185
38187
38189
38192
38195
38201
38202
38203
38204
38208
38211
38225
38234
38236
38238
38242
38246
38249
38255
38260
38263
38269
38272
38275
38277
38279
38285
38288
38291
38297
38299
38302
38303
38311
38313
38328
38332
38333
38334
38335
38337
38339
38341
38343
38344
38353
38354
38355
38362
38364
38370
38371
38375
38377
38380
38384
38387
38389
38397
38398
38400
38401
38409
38412
38413
38419
38431
38435
38437
38446
38448
38456
38464
38475
38477
38478
38496
38500
38502
38503
38506
38507
38508
38509
38513
38515
38517
38518
38522
38524
38532
38540
38541
38545
38551
38553
38554
38566
38567
38570
38576
38586
38594
38598
38600
38606
38608
38621
38622
38631
38632
38637
38642
38644
38651
38661
38671
38672
38673
38677
38680
38683
38684
38686
38692
38700
38711
38713
38714
38716
38717
38718
38727
38737
38738
38739
38743
38747
38749
38751
38752
38754
38770
38772
38776
38784
38796
38797
38809
38820
38822
38827
38831
38836
38843
38845
38847
38849
38850
38851
38857
38859
38860
38862
38863
38869
38870
38871
38878
38879
38886
38891
38892
38901
38904
38908
38911
38912
38914
38923
38925
38926
38927
38929
38930
38942
38952
38958
38968
38969
38973
38974
38976
38978
38984
38987
38990
38993
38997
38998
39003
39010
39017
39019
39020
39021
39028
39029
39032
39035
39037
39040
39042
39047
39056
39057
39058
39059
39060
39065
39066
39068
39083
39087
39089
39091
39092
39093
39095
39097
39099
39102
39107
39108
39109
39119
39122
39123
39124
39133
39134
39140
39141
39142
39143
39150
39152
39154
39156
39160
39163
39170
39175
39176
39178
39188
39189
39192
39197
39210
39213
39225
39226
39228
39230
39232
39235
39236
39241
39246
39248
39250
39253
39254
39262
39269
39270
39282
39283
39291
39299
39301
39303
39310
39311
39313
39315
39317
39318
39320
39328
39329
39333
39335
39336
39346
39348
39349
39354
39355
39358
39368
39390
39394
39398
39399
39403
39406
39410
39411
39422
39425
39426
39428
39431
39437
39446
39454
39455
39458
39460
39461
39468
39470
39471
39473
39480
39482
39486
39487
39489
39490
39491
39495
39498
39499
39503
39507
39508
39510
39523
39527
39528
39542
39546
39553
39557
39561
39568
39569
39571
39574
39575
39580
39588
39591
39596
39603
39605
39608
39616
39623
39626
39627
39631
39632
39637
39638
39643
39645
39655
39657
39662
39664
39667
39669
39671
39688
39691
39707
39714
39719
39721
39723
39732
39739
39746
39755
39758
39761
39764
39765
39766
39769
39772
39773
39774
39775
39780
39781
39782
39784
39790
39793
39795
39800
39815
39818
39828
39830
39834
39835
39840
39841
39843
39851
39862
39863
39868
39871
39876
39895
39900
39905
39906
39911
39914
39919
39920
39923
39925
39926
39927
39929
39937
39940
39941
39944
39948
39954
39955
39961
39964
39965
39972
39979
39981
39985
39986
39989
39992
39995
40002
40004
40005
40006
40007
40008
40011
40013
40014
40018
40021
40029
40035
40039
40044
40046
40053
40055
40058
40059
40066
40067
40068
40069
40074
40087
40091
40094
40096
40098
40107
40112
40127
40133
40137
40140
40141
40145
40148
40154
40155
40156
40161
40162
40163
40165
40177
40178
40179
40182
40190
40192
40196
40198
40202
40209
40213
40216
40225
40228
40231
40232
40234
40239
40250
40251
40259
40262
40267
40268
40279
40281
40283
40287
40291
40298
40300
40306
40309
40312
40317
40319
40321
40327
40332
40334
40335
40342
40347
40348
40349
40350
40351
40352
40356
40358
40361
40365
40371
40374
40377
40379
40380
40382
40384
40387
40389
40411
40414
40417
40422
40426
40427
40428
40429
40434
40436
40438
40439
40441
40443
40449
40450
40454
40456
40460
40467
40469
40470
40472
40474
40475
40477
40491
40493
40495
40499
40501
40502
40523
40537
40544
40546
40555
40558
40560
40562
40569
40574
40575
40578
40580
40592
40596
40598
40605
40612
40615
40617
40624
40626
40627
40633
40639
40654
40656
40669
40671
40676
40679
40684
40686
40701
40702
40705
40708
40721
40724
40727
40729
40730
40731
40742
40761
40764
40765
40769
40775
40780
40782
40790
40792
40794
40804
40805
40806
40810
40813
40817
40822
40827
40844
40845
40846
40849
40850
40853
40855
40859
40870
40873
40879
40880
40882
40888
40892
40894
40897
40902
40906
40910
40911
40914
40916
40917
40918
40925
40927
40929
40932
40934
40938
40940
40946
40947
40952
40954
40957
40961
40969
40978
40980
40990
40998
41005
41019
41023
41025
41031
41032
41035
41036
41037
41045
41046
41047
41060
41076
41077
41078
41090
41096
41105
41109
41113
41114
41119
41121
41127
41129
41131
41134
41136
41142
41146
41150
41151
41153
41154
41155
41159
41161
41164
41166
41168
41174
41178
41189
41190
41191
41192
41193
41198
41205
41215
41220
41226
41227
41233
41238
41239
41241
41243
41252
41259
41260
41268
41273
41281
41285
41287
41302
41304
41317
41318
41321
41322
41327
41339
41340
41354
41357
41361
41363
41366
41367
41379
41380
41381
41384
41385
41386
41387
41401
41403
41404
41407
41408
41411
41418
41424
41428
41433
41440
41447
41455
41458
41459
41460
41468
41472
41473
41475
41477
41479
41490
41491
41494
41497
41500
41506
41508
41509
41515
41529
41530
41542
41545
41555
41558
41569
41576
41578
41580
41581
41583
41584
41590
41593
41596
41599
41600
41607
41608
41609
41611
41612
41613
41618
41629
41649
41650
41652
41653
41657
41658
41659
41660
41665
41666
41668
41670
41674
41677
41680
41685
41688
41693
41698
41702
41704
41708
41709
41710
41722
41729
41734
41735
41739
41740
41743
41745
41761
41763
41770
41774
41775
41776
41778
41782
41786
41787
41788
41789
41792
41795
41798
41801
41803
41810
41811
41812
41817
41827
41833
41835
41838
41842
41843
41846
41854
41856
41862
41867
41868
41869
41870
41871
41873
41875
41881
41882
41885
41889
41891
41893
41896
41905
41911
41916
41917
41919
41920
41921
41922
41923
41925
41928
41932
41942
41944
41946
41949
41953
41965
41968
41978
41980
41986
41990
41997
41999
42000
42001
42002
42003
42007
42008
42009
42011
42012
42023
42025
42027
42029
42031
42034
42042
42044
42045
42048
42049
42052
42053
42054
42055
42060
42065
42072
42073
42074
42081
42089
42095
42097
42108
42115
42120
42126
42131
42134
42135
42140
42146
42155
42162
42163
42168
42170
42176
42178
42179
42184
42187
42200
42202
42203
42204
42205
42212
42221
42224
42235
42237
42247
42249
42253
42256
42263
42266
42267
42274
42275
42280
42282
42291
42293
42303
42306
42320
42324
42325
42326
42330
42332
42341
42343
42347
42349
42354
42355
42363
42364
42365
42370
42379
42380
42381
42382
42388
42390
42398
42410
42426
42433
42437
42441
42443
42451
42452
42460
42469
42470
42471
42472
42475
42476
42479
42480
42488
42493
42497
42501
42502
42506
42507
42513
42514
42517
42521
42525
42531
42532
42533
42536
42552
42560
42566
42570
42573
42574
42575
42578
42583
42584
42590
42594
42598
42610
42612
42616
42617
42618
42619
42621
42630
42632
42638
42642
42645
42650
42652
42658
42666
42669
42677
42687
42694
42695
42700
42703
42706
42717
42721
42724
42729
42731
42735
42738
42740
42742
42754
42758
42759
42763
42769
42771
42775
42778
42784
42792
42797
42800
42801
42802
42804
42805
42813
42814
42817
42820
42822
42823
42827
42828
42832
42840
42845
42848
42851
42852
42854
42855
42857
42858
42861
42864
42868
42869
42873
42874
42878
42886
42890
42891
42894
42897
42902
42907
42910
42916
42918
42920
42922
42923
42933
42937
42941
42942
42945
42948
42951
42952
42953
42955
42958
42963
42969
42970
42971
42972
42974
42975
42976
42980
42981
42984
42988
42991
42993
42999
43000
43008
43012
43013
43019
43024
43027
43044
43046
43049
43060
43062
43065
43066
43067
43068
43069
43072
43073
43075
43086
43090
43092
43095
43098
43099
43110
43112
43114
43120
43124
43129
43130
43135
43152
43153
43167
43173
43175
43176
43181
43182
43187
43191
43194
43195
43196
43200
43203
43204
43207
43215
43221
43222
43225
43229
43241
43243
43251
43255
43263
43265
43272
43273
43274
43275
43278
43292
43294
43301
43303
43304
43305
43309
43322
43326
43328
43329
43330
43334
43338
43341
43342
43345
43346
43348
43349
43354
43359
43360
43370
43389
43392
43397
43401
43403
43405
43406
43410
43411
43414
43416
43422
43428
43433
43434
43442
43443
43445
43450
43451
43452
43455
43459
43469
43473
43475
43479
43480
43486
43488
43490
43491
43492
43493
43497
43498
43499
43501
43502
43510
43519
43521
43524
43527
43528
43529
43530
43535
43537
43539
43540
43544
43546
43550
43567
43574
43593
43594
43595
43605
43608
43610
43611
43614
43616
43618
43620
43621
43622
43624
43631
43634
43640
43641
43642
43643
43648
43649
43652
43656
43657
43659
43660
43661
43673
43677
43680
43683
43685
43688
43691
43695
43696
43700
43706
43715
43722
43734
43736
43757
43763
43766
43767
43768
43769
43779
43786
43797
43798
43799
43802
43804
43807
43808
43812
43818
43822
43825
43831
43837
43848
43854
43855
43856
43858
43879
43892
43895
43896
43898
43899
43907
43912
43915
43919
43921
43923
43927
43930
43931
43934
43942
43943
43947
43949
43962
43965
43968
43974
43976
43981
43984
43987
44003
44009
44020
44021
44023
44025
44032
44034
44038
44039
44041
44052
44053
44061
44062
44067
44068
44069
44072
44076
44078
44086
44087
44091
44095
44105
44106
44112
44129
44131
44136
44138
44144
44157
44160
44161
44164
44171
44175
44178
44185
44189
44196
44202
44203
44208
44209
44212
44218
44219
44224
44226
44233
44235
44246
44247
44250
44251
44253
44260
44261
44264
44270
44279
44282
44284
44288
44289
44298
44305
44314
44315
44320
44322
44327
44328
44330
44332
44335
44337
44340
44341
44346
44347
44353
44354
44355
44357
44359
44360
44363
44367
44374
44384
44390
44394
44397
44399
44400
44407
44413
44415
44419
44429
44430
44431
44434
44436
44441
44442
44447
44461
44462
44464
44465
44473
44478
44480
44484
44485
44486
44490
44493
44494
44500
44502
44511
44516
44519
44530
44538
44551
44560
44561
44563
44564
44565
44570
44573
44574
44579
44580
44583
44586
44589
44591
44596
44597
44598
44600
44606
44607
44608
44609
44611
44616
44621
44626
44632
44642
44644
44648
44651
44653
44665
44666
44669
44670
44672
44677
44683
44685
44693
44695
44697
44700
44704
44706
44714
44717
44718
44724
44726
44727
44731
44735
44737
44738
44740
44743
44745
44751
44752
44753
44760
44761
44766
44767
44769
44776
44777
44785
44788
44790
44798
44800
44802
44803
44806
44807
44809
44813
44819
44826
44829
44840
44844
44846
44849
44851
44854
44858
44867
44876
44878
44880
44890
44891
44892
44899
44901
44905
44910
44911
44913
44920
44929
44931
44932
44933
44935
44936
44938
44943
44955
44956
44958
44965
44970
44974
44982
44987
44993
44997
44999
45000
45005
45011
45016
45025
45029
45045
45046
45052
45061
45066
45067
45068
45078
45079
45081
45082
45084
45088
45090
45094
45106
45110
45113
45118
45130
45131
45132
45137
45138
45139
45140
45145
45157
45159
45167
45174
45175
45177
45182
45195
45203
45218
45222
45230
45233
45238
45239
45243
45244
45247
45263
45275
45276
45285
45290
45302
45304
45306
45307
45312
45314
45316
45317
45319
45321
45322
45330
45340
45343
45344
45347
45350
45353
45360
45363
45364
45366
45375
45395
45398
45404
45411
45412
45419
45422
45424
45428
45436
45437
45439
45444
45445
45446
45450
45458
45463
45470
45471
45474
45479
45480
45482
45489
45493
45496
45500
45502
45512
45520
45522
45528
45531
45540
45541
45549
45551
45553
45560
45561
45562
45573
45576
45580
45581
45591
45595
45602
45607
45608
45614
45615
45619
45624
45626
45628
45634
45636
45639
45644
45647
45648
45650
45660
45664
45666
45669
45673
45682
45690
45691
45698
45700
45706
45712
45713
45716
45719
45727
45739
45740
45742
45745
45748
45752
45757
45758
45763
45767
45768
45770
45773
45776
45777
45788
45790
45791
45795
45796
45802
45803
45805
45816
45822
45823
45833
45837
45842
45852
45857
45858
45861
45863
45880
45887
45895
45905
45908
45911
45913
45916
45924
45925
45927
45930
45934
45942
45947
45950
45953
45960
45963
45968
45973
45975
45979
45981
45987
45991
45995
45996
46002
46004
46014
46015
46017
46018
46025
46026
46034
46039
46044
46046
46061
46064
46071
46072
46073
46076
46080
46086
46087
46093
46102
46103
46105
46106
46110
46111
46113
46119
46121
46127
46144
46145
46151
46158
46160
46163
46171
46173
46183
46205
46212
46221
46223
46229
46232
46234
46237
46245
46252
46253
46263
46265
46267
46273
46274
46277
46278
46282
46287
46288
46297
46299
46304
46305
46312
46318
46325
46328
46329
46334
46335
46336
46337
46341
46349
46350
46351
46362
46363
46368
46370
46371
46373
46376
46378
46380
46382
46383
46384
46386
46389
46399
46404
46410
46415
46423
46429
46430
46432
46436
46440
46444
46445
46446
46448
46449
46450
46457
46459
46464
46469
46470
46472
46475
46476
46477
46486
46487
46490
46492
46497
46498
46500
46506
46510
46511
46528
46530
46531
46533
46534
46536
46540
46542
46549
46556
46558
46561
46574
46575
46578
46579
46582
46590
46593
46596
46597
46598
46599
46610
46613
46620
46621
46625
46627
46629
46634
46637
46638
46642
46643
46648
46650
46653
46656
46663
46665
46670
46671
46680
46688
46701
46707
46715
46719
46722
46724
46727
46736
46749
46750
46754
46756
46757
46770
46777
46778
46782
46791
46796
46798
46805
46806
46808
46816
46819
46821
46830
46839
46841
46843
46847
46853
46854
46855
46867
46873
46879
46888
46895
46899
46901
46911
46917
46918
46938
46940
46941
46944
46946
46955
46968
46975
46981
46991
46996
47001
47006
47015
47017
47024
47029
47030
47031
47037
47038
47040
47041
47044
47045
47048
47062
47066
47067
47069
47070
47073
47074
47080
47081
47083
47086
47091
47101
47108
47110
47111
47116
47118
47122
47127
47128
47130
47134
47137
47138
47143
47146
47147
47153
47156
47160
47168
47178
47191
47198
47199
47203
47208
47210
47211
47214
47222
47223
47225
47228
47233
47236
47239
47241
47244
47245
47246
47250
47255
47261
47262
47269
47270
47281
47285
47296
47297
47298
47302
47310
47314
47324
47326
47327
47330
47333
47341
47343
47348
47353
47356
47358
47370
47373
47377
47378
47384
47386
47390
47396
47397
47401
47402
47404
47405
47406
47409
47411
47420
47426
47429
47431
47432
47434
47438
47439
47440
47442
47444
47447
47450
47458
47459
47461
47463
47469
47471
47472
47475
47480
47484
47485
47489
47491
47505
47509
47510
47516
47520
47521
47527
47537
47552
47555
47567
47574
47586
47589
47592
47599
47600
47602
47606
47607
47608
47615
47617
47620
47624
47633
47635
47638
47641
47643
47645
47648
47651
47652
47658
47664
47666
47667
47669
47678
47691
47695
47696
47705
47706
47707
47712
47716
47719
47723
47725
47727
47728
47731
47737
47742
47746
47752
47761
47763
47770
47772
47773
47776
47778
47780
47786
47789
47790
47792
47793
47795
47797
47802
47803
47806
47808
47809
47812
47814
47819
47829
47830
47834
47837
47838
47846
47851
47859
47868
47873
47882
47889
47890
47895
47899
47906
47911
47914
47917
47925
47926
47927
47934
47936
47944
47945
47951
47953
47961
47963
47964
47966
47968
47969
47975
47977
47979
47980
47986
47992
47993
47995
47996
47998
47999
48002
48013
48016
48019
48021
48031
48032
48043
48054
48056
48057
48060
48062
48067
48071
48079
48091
48095
48097
48102
48106
48107
48110
48112
48119
48125
48127
48129
48130
48132
48136
48137
48141
48142
48143
48144
48152
48164
48168
48172
48180
48181
48182
48189
48193
48195
48198
48210
48215
48227
48231
48239
48242
48244
48249
48251
48258
48270
48271
48273
48276
48278
48282
48290
48291
48292
48293
48299
48303
48308
48314
48318
48326
48327
48331
48332
48333
48334
48335
48339
48340
48343
48344
48348
48349
48351
48356
48357
48358
48363
48372
48373
48374
48377
48385
48387
48388
48390
48393
48406
48412
48415
48428
48431
48438
48440
48444
48450
48458
48459
48462
48463
48476
48479
48486
48488
48489
48492
48495
48496
48498
48509
48512
48516
48521
48528
48529
48530
48536
48537
48539
48543
48547
48549
48556
48560
48561
48570
48579
48581
48582
48583
48584
48586
48587
48588
48592
48595
48598
48600
48602
48604
48605
48606
48607
48609
48612
48618
48619
48622
48624
48625
48634
48635
48637
48641
48642
48650
48652
48654
48657
48658
48664
48672
48673
48674
48679
48682
48683
48684
48685
48690
48695
48697
48701
48702
48703
48705
48707
48712
48713
48717
48722
48734
48737
48743
48749
48751
48753
48754
48758
48760
48767
48768
48769
48782
48794
48798
48803
48806
48809
48821
48825
48828
48829
48837
48842
48845
48848
48850
48855
48860
48863
48866
48879
48883
48888
48890
48896
48897
48899
48905
48906
48917
48929
48933
48939
48941
48943
48944
48945
48949
48950
48953
48968
48970
48973
48978
48981
48988
48994
48996
49000
49006
49007
49008
49012
49014
49022
49023
49031
49033
49041
49042
49046
49049
49055
49056
49058
49063
49064
49069
49073
49074
49076
49083
49089
49092
49099
49100
49102
49104
49105
49109
49110
49113
49115
49117
49118
49121
49126
49134
49135
49136
49141
49146
49151
49157
49160
49161
49163
49164
49166
49167
49174
49175
49176
49182
49187
49188
49191
49193
49198
49199
49208
49210
49213
49219
49225
49226
49228
49232
49243
49249
49254
49257
49262
49266
49273
49274
49275
49281
49286
49290
49293
49294
49298
49304
49309
49310
49311
49312
49314
49320
49322
49327
49329
49331
49332
49334
49335
49337
49338
49340
49344
49350
49351
49352
49356
49360
49361
49366
49369
49371
49372
49376
49377
49378
49383
49387
49391
49392
49396
49398
49401
49405
49406
49409
49414
49420
49421
49427
49429
49430
49432
49441
49443
49444
49445
49446
49449
49450
49451
49456
49461
49471
49473
49479
49480
49484
49491
49493
49496
49497
49503
49504
49509
49512
49514
49521
49523
49525
49532
49535
49541
49544
49545
49547
49557
49563
49565
49566
49567
49568
49570
49572
49580
49581
49583
49584
49585
49589
49590
49591
49598
49611
49613
49614
49615
49620
49624
49627
49630
49637
49638
49643
49650
49652
49653
49658
49660
49662
49667
49682
49683
49684
49690
49695
49699
49702
49703
49704
49706
49710
49722
49724
49731
49733
49737
49740
49742
49744
49745
49747
49751
49753
49754
49760
49763
49765
49767
49768
49773
49774
49777
49782
49792
49794
49799
49801
49802
49804
49806
49808
49811
49813
49819
49823
49825
49834
49839
49855
49871
49875
49880
49886
49888
49891
49893
49900
49904
49907
49918
49929
49932
49934
49935
49938
49946
49950
49952
49953
49957
49962
49965
49970
49973
49985
49987
49988
49989
49996
49998
49999
50001
50004
50005
50013
50016
50022
50028
50031
50036
50038
50039
50041
50045
50051
50056
50061
50062
50066
50069
50079
50082
50086
50088
50089
50093
50096
50112
50113
50114
50117
50120
50121
50123
50124
50126
50130
50143
50148
50150
50162
50163
50166
50168
50169
50171
50173
50177
50178
50184
50185
50187
50189
50190
50191
50197
50199
50201
50205
50206
50207
50212
50214
50224
50227
50230
50235
50237
50239
50252
50255
50258
50262
50265
50272
50275
50278
50281
50283
50284
50289
50300
50312
50316
50317
50322
50336
50341
50349
50351
50354
50358
50360
50370
50374
50379
50380
50382
50389
50397
50398
50400
50412
50418
50433
50435
50438
50445
50446
50457
50462
50464
50480
50488
50491
50494
50506
50509
50510
50517
50521
50524
50528
50532
50534
50536
50538
50541
50542
50544
50545
50547
50549
50551
50557
50559
50561
50570
50572
50582
50583
50586
50591
50598
50601
50602
50610
50611
50612
50616
50619
50634
50641
50646
50649
50653
50657
50673
50674
50686
50687
50688
50698
50700
50706
50710
50717
50718
50720
50725
50728
50729
50737
50738
50739
50742
50746
50747
50749
50753
50763
50766
50776
50779
50785
50788
50791
50792
50796
50798
50800
50802
50803
50816
50817
50828
50829
50835
50840
50842
50845
50847
50852
50853
50856
50863
50866
50879
50882
50887
50896
50898
50901
50909
50923
50931
50940
50941
50942
50950
50952
50957
50960
50961
50965
50968
50976
50977
50978
50981
50984
50986
50988
50993
51000
51001
51006
51012
51016
51018
51028
51031
51033
51034
51038
51039
51042
51051
51054
51056
51057
51064
51065
51066
51071
51074
51085
51091
51092
51095
51097
51100
51107
51109
51111
51117
51122
51127
51130
51138
51142
51144
51147
51148
51149
51153
51156
51163
51166
51169
51178
51179
51180
51185
51191
51192
51193
51198
51202
51203
51205
51208
51211
51214
51218
51219
51221
51227
51229
51232
51233
51234
51239
51240
51246
51247
51251
51252
51263
51265
51268
51272
51276
51277
51279
51285
51294
51295
51303
51307
51316
51320
51321
51331
51332
51334
51342
51349
51353
51365
51377
51380
51384
51386
51388
51391
51392
51396
51398
51401
51406
51408
51410
51414
51415
51417
51421
51425
51431
51433
51434
51437
51440
51443
51444
51454
51456
51461
51469
51471
51472
51476
51477
51481
51484
51485
51493
51498
51499
51500
51501
51502
51508
51509
51514
51517
51523
51526
51530
51534
51536
51539
51540
51545
51551
51553
51555
51564
51570
51571
51575
51579
51583
51588
51592
51594
51597
51600
51603
51605
51607
51609
51611
51636
51647
51649
51653
51654
51657
51660
51663
51664
51666
51668
51669
51684
51695
51702
51704
51720
51722
51726
51728
51729
51738
51740
51741
51750
51757
51759
51764
51765
51776
51779
51785
51786
51790
51797
51800
51802
51808
51814
51815
51816
51819
51821
51822
51825
51827
51834
51839
51845
51847
51848
51849
51850
51851
51853
51854
51855
51857
51861
51863
51866
51870
51871
51872
51876
51882
51890
51895
51901
51903
51904
51912
51923
51936
51942
51944
51946
51960
51968
51982
51984
51985
51986
51995
51996
52000
52001
52002
52006
52010
52012
52023
52028
52032
52035
52037
52040
52042
52045
52054
52056
52057
52070
52078
52085
52090
52091
52092
52093
52098
52099
52100
52103
52106
52109
52120
52128
52129
52131
52136
52141
52142
52146
52148
52155
52165
52169
52170
52178
52179
52189
52193
52194
52196
52198
52205
52206
52207
52225
52227
52229
52237
52238
52246
52252
52255
52257
52268
52273
52274
52276
52292
52296
52301
52302
52313
52315
52321
52325
52326
52327
52336
52340
52344
52345
52352
52358
52362
52374
52375
52378
52383
52384
52390
52394
52400
52408
52410
52411
52421
52425
52427
52428
52429
52430
52437
52438
52443
52444
52451
52456
52458
52459
52460
52462
52466
52468
52471
52489
52490
52493
52494
52506
52508
52515
52518
52519
52526
52532
52533
52534
52550
52560
52566
52568
52574
52577
52585
52590
52592
52593
52595
52596
52600
52602
52607
52608
52618
52620
52623
52624
52631
52632
52633
52634
52636
52643
52645
52646
52654
52655
52662
52673
52674
52677
52686
52691
52697
52703
52706
52709
52712
52719
52720
52727
52730
52733
52734
52738
52744
52751
52753
52754
52759
52770
52771
52777
52781
52782
52783
52786
52787
52790
52794
52800
52802
52803
52804
52805
52808
52812
52813
52815
52827
52830
52838
52839
52842
52843
52846
52852
52853
52854
52860
52863
52867
52873
52875
52876
52882
52883
52884
52888
52890
52891
52895
52896
52898
52899
52903
52906
52908
52910
52911
52920
52923
52924
52925
52927
52931
52932
52939
52942
52944
52945
52947
52949
52955
52964
52974
52975
52983
52984
52991
52995
52996
52999
53001
53003
53007
53008
53016
53018
53025
53029
53031
53032
53034
53038
53040
53042
53049
53052
53057
53059
53061
53077
53083
53085
53088
53089
53092
53093
53103
53106
53108
53118
53121
53126
53128
53129
53133
53140
53142
53143
53144
53145
53148
53153
53155
53161
53162
53163
53166
53175
53182
53189
53194
53195
53212
53214
53217
53223
53230
53231
53235
53237
53238
53240
53247
53249
53258
53265
53269
53271
53272
53276
53281
53282
53284
53287
53291
53293
53300
53312
53316
53322
53323
53326
53329
53334
53336
53343
53344
53353
53358
53362
53366
53368
53373
53385
53388
53391
53392
53393
53402
53404
53405
53407
53410
53412
53415
53423
53431
53443
53448
53452
53453
53455
53457
53460
53469
53472
53473
53479
53486
53488
53489
53495
53501
53509
53510
53523
53527
53529
53530
53536
53540
53543
53547
53552
53553
53555
53558
53567
53568
53569
53573
53579
53580
53581
53588
53589
53593
53594
53601
53605
53607
53609
53610
53613
53614
53615
53618
53621
53626
53629
53632
53634
53636
53638
53644
53645
53653
53659
53660
53661
53665
53666
53676
53678
53679
53683
53690
53693
53701
53702
53705
53707
53709
53724
53725
53727
53728
53729
53737
53740
53742
53754
53758
53764
53768
53774
53778
53782
53783
53785
53791
53798
53799
53801
53802
53804
53809
53811
53816
53819
53826
53827
53828
53831
53834
53836
53844
53848
53850
53854
53856
53857
53862
53869
53871
53883
53886
53887
53888
53896
53899
53902
53907
53908
53912
53915
53917
53921
53922
53924
53931
53936
53940
53943
53946
53947
53953
53962
53963
53964
53965
53970
53986
53993
53995
53998
54006
54007
54010
54011
54012
54014
54016
54021
54044
54047
54050
54055
54061
54067
54070
54075
54077
54078
54087
54092
54097
54110
54115
54123
54128
54131
54137
54141
54142
54148
54151
54152
54153
54155
54157
54158
54162
54164
54165
54166
54178
54179
54181
54184
54186
54187
54192
54194
54205
54206
54211
54215
54216
54221
54223
54227
54231
54239
54241
54245
54246
54247
54249
54256
54258
54272
54274
54281
54289
54292
54296
54297
54305
54309
54314
54315
54317
54319
54321
54323
54326
54327
54328
54334
54336
54340
54361
54371
54373
54383
54384
54387
54389
54392
54394
54397
54399
54402
54403
54406
54412
54414
54420
54433
54434
54436
54438
54442
54451
54456
54457
54459
54465
54466
54470
54473
54476
54477
54479
54481
54489
54493
54498
54500
54509
54511
54513
54514
54515
54517
54530
54532
54534
54536
54541
54542
54544
54546
54547
54548
54550
54554
54556
54557
54564
54567
54575
54576
54578
54579
54583
54584
54586
54596
54599
54602
54607
54615
54625
54628
54638
54642
54646
54652
54653
54660
54662
54667
54670
54674
54677
54679
54680
54682
54683
54687
54688
54690
54694
54695
54697
54703
54704
54714
54715
54718
54725
54730
54732
54733
54734
54745
54748
54750
54752
54755
54759
54774
54779
54785
54794
54806
54807
54808
54815
54820
54838
54842
54843
54847
54850
54855
54862
54864
54865
54868
54872
54878
54883
54892
54893
54897
54898
54899
54900
54902
54904
54906
54910
54913
54917
54918
54924
54926
54937
54939
54941
54942
54943
54945
54946
54951
54952
54964
54969
54970
54974
54977
54984
54987
54990
55002
55007
55021
55023
55038
55040
55047
55054
55056
55064
55065
55071
55073
55075
55076
55077
55083
55088
55092
55094
55095
55097
55098
55102
55104
55116
55119
55122
55123
55125
55126
55130
55136
55137
55143
55149
55161
55166
55171
55172
55173
55177
55178
55184
55187
55190
55197
55198
55199
55202
55205
55207
55210
55212
55213
55214
55216
55217
55228
55231
55236
55237
55238
55242
55244
55250
55255
55256
55257
55262
55265
55266
55267
55269
55270
55272
55273
55276
55284
55286
55288
55293
55297
55298
55299
55301
55303
55304
55306
55309
55310
55317
55318
55321
55326
55329
55333
55339
55346
55350
55352
55355
55358
55364
55365
55367
55372
55376
55383
55385
55387
55391
55400
55402
55411
55417
55425
55430
55432
55434
55436
55441
55442
55458
55469
55471
55473
55474
55481
55484
55492
55499
55500
55503
55504
55513
55514
55521
55523
55524
55532
55533
55534
55535
55538
55539
55548
55552
55556
55557
55561
55562
55569
55570
55577
55578
55580
55591
55592
55595
55598
55599
55600
55605
55607
55609
55614
55617
55619
55624
55627
55630
55640
55643
55644
55645
55654
55656
55662
55666
55671
55678
55679
55683
55691
55694
55701
55705
55708
55710
55718
55722
55749
55753
55758
55767
55770
55773
55775
55777
55778
55779
55786
55796
55797
55799
55801
55806
55811
55816
55818
55820
55827
55828
55833
55837
55844
55845
55847
55848
55855
55861
55863
55865
55879
55886
55887
55888
55904
55907
55908
55910
55912
55913
55915
55918
55919
55920
55922
55923
55925
55932
55935
55939
55940
55955
55957
55959
55966
55969
55970
55977
55980
55983
55991
55999
56002
56003
56014
56017
56020
56021
56027
56038
56054
56056
56061
56064
56066
56077
56080
56083
56088
56089
56097
56100
56102
56107
56108
56114
56120
56125
56129
56131
56134
56145
56146
56150
56153
56163
56164
56173
56181
56187
56192
56194
56195
56198
56202
56205
56206
56207
56214
56216
56222
56224
56225
56229
56238
56240
56250
56251
56255
56260
56268
56269
56272
56276
56289
56295
56297
56299
56301
56305
56307
56314
56315
56323
56324
56326
56328
56332
56333
56336
56339
56342
56347
56348
56351
56352
56357
56360
56366
56370
56373
56374
56377
56382
56388
56400
56407
56417
56418
56419
56422
56426
56427
56428
56430
56434
56436
56437
56438
56441
56442
56446
56448
56449
56460
56468
56470
56475
56480
56488
56492
56503
56514
56516
56520
56526
56540
56541
56542
56549
56556
56564
56567
56568
56579
56580
56591
56594
56595
56604
56611
56615
56617
56621
56622
56624
56626
56629
56634
56639
56640
56646
56647
56648
56656
56658
56661
56662
56665
56666
56669
56673
56674
56675
56677
56689
56690
56697
56699
56705
56716
56721
56723
56726
56736
56737
56742
56744
56745
56746
56748
56750
56755
56761
56762
56764
56766
56767
56770
56771
56772
56773
56775
56779
56781
56784
56785
56786
56787
56790
56791
56798
56801
56803
56830
56834
56840
56841
56844
56845
56847
56850
56858
56863
56867
56868
56875
56876
56877
56880
56886
56887
56894
56895
56899
56901
56906
56916
56918
56920
56939
56942
56944
56951
56954
56955
56958
56959
56963
56969
56971
56973
56974
56981
56990
56997
56999
57000
57001
57004
57005
57006
57017
57018
57019
57020
57022
57026
57027
57030
57031
57037
57041
57044
57050
57052
57059
57064
57065
57070
57073
57076
57079
57083
57089
57097
57101
57106
57108
57113
57124
57125
57128
57131
57140
57142
57143
57150
57155
57156
57160
57164
57168
57170
57173
57176
57178
57179
57181
57182
57189
57193
57195
57210
57211
57214
57219
57221
57235
57236
57238
57241
57247
57260
57263
57264
57267
57268
57269
57273
57276
57277
57278
57289
57292
57293
57298
57312
57321
57327
57328
57333
57337
57338
57345
57348
57357
57367
57373
57375
57384
57385
57386
57391
57393
57403
57404
57407
57408
57410
57412
57416
57420
57424
57429
57445
57447
57449
57452
57454
57467
57482
57484
57485
57491
57495
57497
57506
57507
57509
57515
57517
57525
57535
57537
57540
57544
57551
57552
57556
57558
57559
57561
57562
57573
57575
57581
57582
57585
57594
57597
57601
57602
57608
57610
57613
57615
57620
57622
57623
57634
57637
57638
57641
57643
57653
57662
57663
57666
57668
57669
57681
57694
57696
57697
57708
57709
57715
57716
57720
57724
57728
57734
57743
57745
57747
57750
57751
57753
57754
57755
57761
57763
57770
57773
57777
57780
57781
57789
57792
57794
57802
57806
57807
57813
57820
57824
57826
57827
57829
57832
57833
57835
57839
57847
57857
57859
57860
57863
57866
57873
57874
57887
57888
57890
57892
57895
57899
57904
57907
57911
57914
57915
57919
57920
57922
57924
57932
57934
57935
57943
57946
57949
57950
57954
57955
57956
57958
57959
57964
57965
57972
57974
57981
57992
57995
57996
57998
58002
58004
58011
58012
58017
58022
58023
58026
58027
58029
58032
58038
58042
58053
58055
58056
58064
58065
58068
58078
58079
58083
58087
58095
58099
58105
58112
58114
58115
58118
58121
58125
58132
58142
58151
58154
58155
58156
58159
58160
58166
58168
58169
58171
58174
58188
58189
58195
58196
58198
58206
58208
58218
58221
58224
58225
58228
58231
58234
58235
58239
58243
58249
58251
58252
58255
58256
58264
58266
58267
58268
58270
58273
58275
58279
58283
58286
58293
58306
58308
58314
58323
58324
58325
58328
58329
58344
58345
58361
58377
58378
58380
58382
58386
58397
58398
58413
58414
58423
58427
58429
58436
58438
58439
58452
58459
58468
58469
58482
58483
58484
58485
58488
58493
58495
58505
58506
58510
58514
58516
58517
58519
58524
58525
58531
58533
58535
58540
58542
58545
58550
58551
58553
58554
58555
58570
58574
58579
58587
58589
58599
58603
58611
58612
58615
58616
58621
58629
58636
58637
58642
58649
58664
58665
58666
58667
58668
58669
58675
58677
58680
58688
58692
58697
58698
58701
58707
58709
58711
58713
58718
58722
58723
58724
58734
58735
58736
58737
58742
58745
58761
58763
58764
58781
58785
58793
58797
58800
58803
58804
58806
58812
58815
58817
58830
58835
58843
58849
58856
58876
58880
58884
58896
58899
58900
58901
58902
58905
58906
58911
58913
58916
58919
58920
58942
58951
58967
58969
58975
58976
58979
58994
58995
59005
59007
59008
59010
59015
59019
59022
59025
59026
59030
59048
59053
59059
59063
59071
59074
59076
59079
59080
59082
59083
59085
59087
59089
59096
59110
59113
59116
59117
59123
59125
59132
59138
59141
59152
59153
59155
59160
59166
59167
59170
59172
59181
59183
59184
59186
59196
59197
59198
59200
59205
59206
59208
59212
59221
59223
59228
59235
59236
59242
59252
59255
59258
59260
59266
59268
59271
59273
59275
59279
59281
59283
59286
59289
59293
59295
59298
59301
59303
59307
59308
59316
59317
59318
59319
59321
59328
59331
59332
59340
59341
59344
59350
59359
59361
59365
59369
59372
59387
59389
59394
59402
59412
59422
59428
59429
59431
59432
59433
59434
59435
59436
59440
59441
59443
59452
59463
59465
59466
59476
59477
59483
59485
59486
59487
59488
59489
59491
59495
59504
59506
59507
59512
59517
59527
59530
59534
59540
59542
59544
59547
59558
59559
59560
59564
59566
59582
59594
59598
59600
59604
59605
59608
59612
59613
59616
59620
59622
59625
59629
59631
59635
59637
59638
59642
59646
59647
59655
59658
59665
59666
59667
59668
59674
59685
59688
59698
59700
59703
59710
59713
59714
59715
59724
59725
59731
59734
59738
59742
59743
59745
59746
59750
59757
59758
59761
59762
59763
59767
59768
59771
59776
59777
59781
59782
59784
59787
59788
59795
59799
59801
59802
59804
59805
59810
59812
59813
59817
59836
59837
59838
59839
59840
59841
59847
59850
59853
59854
59855
59856
59857
59859
59860
59871
59874
59876
59877
59884
59886
59892
59903
59908
59912
59914
59915
59919
59921
59923
59928
59929
59932
59943
59945
59949
59952
59958
59959
59969
59970
59977
59978
59984
59988
59989
59991
59993
59995
59997
59999
60000
60002
60005
60006
60017
60019
60020
60021
60023
60025
60032
60035
60036
60039
60057
60059
60060
60070
60078
60079
60084
60085
60093
60095
60106
60107
60115
60120
60134
60141
60142
60146
60148
60150
60154
60159
60160
60161
60162
60167
60168
60170
60179
60182
60193
60196
60199
60200
60202
60204
60206
60207
60213
60215
60217
60219
60222
60223
60234
60235
60247
60255
60256
60270
60272
60273
60275
60277
60278
60281
60282
60285
60288
60293
60299
60306
60307
60310
60311
60312
60317
60318
60320
60324
60330
60331
60335
60339
60340
60341
60343
60344
60345
60349
60350
60359
60372
60381
60389
60396
60400
60402
60404
60405
60411
60412
60419
60425
60427
60434
60435
60442
60445
60451
60452
60454
60455
60458
60459
60461
60464
60468
60470
60475
60479
60486
60501
60503
60508
60512
60515
60519
60524
60533
60544
60545
60553
60555
60558
60564
60568
60569
60575
60580
60583
60584
60588
60596
60597
60599
60600
60602
60608
60610
60613
60618
60619
60624
60625
60629
60633
60634
60643
60647
60649
60651
60656
60665
60670
60672
60673
60684
60685
60691
60696
60697
60699
60716
60717
60720
60723
60735
60745
60747
60748
60760
60761
60769
60773
60778
60785
60787
60790
60792
60793
60795
60801
60803
60808
60812
60817
60818
60819
60821
60826
60828
60832
60835
60836
60842
60843
60850
60852
60853
60858
60881
60892
60897
60899
60900
60904
60913
60922
60924
60927
60931
60938
60947
60950
60951
60954
60957
60958
60974
60975
60982
60985
60990
60991
60992
60994
60996
60997
60998
60999
61004
61011
61019
61021
61023
61027
61028
61029
61032
61035
61039
61043
61044
61049
61050
61053
61059
61064
61071
61073
61085
61087
61088
61090
61105
61106
61113
61114
61115
61123
61130
61134
61135
61151
61164
61171
61176
61177
61184
61187
61195
61199
61201
61204
61216
61218
61222
61225
61227
61228
61231
61237
61244
61245
61252
61254
61260
61264
61266
61269
61273
61277
61280
61281
61282
61291
61294
61306
61308
61315
61317
61324
61331
61338
61340
61343
61344
61349
61351
61352
61356
61363
61368
61371
61374
61378
61386
61391
61393
61399
61407
61410
61421
61425
61428
61434
61446
61447
61455
61460
61462
61470
61471
61478
61485
61494
61499
61502
61506
61507
61510
61516
61517
61521
61522
61527
61530
61531
61535
61537
61538
61539
61547
61548
61552
61555
61563
61569
61570
61574
61577
61582
61584
61585
61587
61588
61591
61595
61597
61603
61605
61606
61608
61614
61617
61619
61625
61629
61633
61637
61641
61642
61645
61646
61648
61653
61655
61660
61662
61664
61665
61666
61674
61678
61679
61680
61683
61686
61688
61694
61705
61708
61712
61716
61721
61727
61734
61737
61738
61743
61754
61755
61757
61758
61760
61762
61770
61774
61775
61778
61781
61790
61795
61797
61799
61804
61806
61809
61811
61824
61825
61836
61840
61845
61846
61848
61853
61856
61859
61862
61877
61878
61881
61882
61883
61892
61895
61898
61904
61906
61915
61917
61920
61924
61925
61931
61939
61945
61950
61952
61953
61956
61961
61965
61966
61974
61979
61983
61984
61986
61995
61996
62003
62006
62008
62013
62017
62021
62030
62033
62034
62035
62037
62039
62050
62052
62053
62066
62067
62068
62074
62079
62082
62086
62087
62091
62100
62108
62109
62111
62115
62116
62119
62120
62122
62131
62134
62154
62166
62168
62170
62175
62176
62178
62179
62184
62190
62193
62195
62202
62210
62212
62216
62217
62219
62221
62229
62230
62232
62233
62240
62243
62244
62247
62251
62252
62268
62269
62271
62274
62275
62284
62285
62289
62296
62300
62302
62306
62309
62311
62315
62321
62322
62328
62329
62330
62338
62342
62343
62349
62362
62383
62384
62385
62386
62390
62396
62399
62403
62413
62423
62426
62429
62431
62432
62438
62440
62441
62448
62453
62456
62458
62459
62475
62479
62483
62485
62493
62500
62504
62509
62512
62516
62521
62522
62523
62528
62539
62554
62560
62566
62569
62573
62577
62578
62579
62580
62586
62590
62594
62595
62601
62610
62613
62614
62616
62617
62620
62623
62629
62631
62633
62636
62643
62644
62649
62655
62657
62660
62671
62672
62677
62680
62683
62688
62689
62692
62701
62703
62704
62710
62713
62715
62722
62725
62735
62741
62744
62745
62747
62750
62762
62766
62768
62771
62781
62785
62786
62787
62788
62792
62796
62806
62810
62812
62815
62817
62821
62823
62824
62825
62827
62830
62835
62844
62852
62862
62868
62869
62872
62881
62883
62891
62896
62898
62906
62913
62915
62916
62917
62919
62920
62921
62924
62926
62927
62932
62935
62938
62940
62947
62948
62950
62951
62965
62968
62975
62985
62987
62990
62999
63005
63010
63019
63020
63024
63025
63026
63028
63030
63036
63040
63042
63050
63061
63063
63065
63072
63073
63076
63078
63079
63085
63086
63090
63092
63098
63102
63111
63113
63115
63117
63120
63122
63123
63128
63129
63136
63137
63138
63140
63141
63146
63148
63151
63153
63154
63158
63159
63169
63172
63181
63185
63186
63188
63190
63194
63195
63197
63205
63206
63218
63221
63228
63234
63236
63250
63253
63254
63260
63261
63262
63263
63265
63266
63267
63272
63273
63275
63279
63281
63288
63293
63298
63301
63302
63304
63308
63309
63311
63315
63317
63319
63321
63326
63329
63331
63337
63339
63343
63344
63345
63357
63360
63361
63373
63375
63383
63387
63395
63396
63404
63421
63423
63424
63425
63437
63442
63445
63450
63453
63456
63470
63472
63474
63482
63488
63491
63503
63506
63507
63508
63512
63514
63517
63521
63522
63523
63524
63525
63529
63532
63550
63557
63558
63560
63561
63564
63565
63566
63567
63575
63576
63578
63584
63590
63591
63596
63599
63600
63605
63607
63611
63612
63613
63616
63617
63619
63622
63625
63626
63627
63632
63643
63646
63651
63653
63655
63658
63660
63661
63676
63677
63679
63685
63686
63697
63712
63718
63726
63729
63731
63736
63741
63749
63750
63753
63758
63763
63768
63772
63775
63777
63781
63782
63784
63788
63794
63798
63799
63802
63810
63813
63815
63820
63823
63825
63827
63829
63835
63837
63845
63848
63852
63853
63861
63866
63868
63874
63875
63878
63886
63889
63896
63900
63907
63908
63910
63912
63913
63915
63925
63932
63935
63940
63944
63947
63949
63955
63962
63965
63974
63975
63976
63982
63983
63995
63997
64006
64008
64012
64015
64022
64029
64045
64046
64059
64061
64069
64072
64075
64079
64081
64084
64088
64096
64098
64100
64103
64105
64109
64119
64124
64125
64126
64129
64135
64139
64148
64150
64151
64153
64157
64167
64168
64172
64173
64179
64182
64187
64188
64190
64199
64207
64212
64215
64218
64220
64224
64230
64234
64246
64251
64256
64258
64259
64260
64265
64273
64274
64275
64286
64289
64292
64295
64297
64305
64307
64310
64315
64321
64323
64334
64348
64350
64352
64354
64358
64366
64373
64375
64381
64388
64392
64393
64395
64398
64399
64401
64402
64403
64405
64410
64412
64414
64418
64419
64421
64438
64447
64458
64464
64469
64480
64483
64484
64500
64503
64505
64522
64526
64528
64531
64532
64542
64549
64550
64552
64554
64556
64558
64560
64565
64567
64569
64571
64574
64575
64581
64582
64585
64587
64593
64595
64596
64600
64608
64640
64643
64646
64651
64652
64654
64656
64658
64659
64661
64668
64673
64678
64681
64683
64686
64687
64693
64695
64696
64699
64707
64712
64717
64720
64726
64729
64736
64742
64747
64748
64756
64762
64767
64773
64776
64777
64779
64788
64790
64792
64799
64807
64813
64822
64823
64829
64842
64856
64860
64861
64867
64868
64869
64871
64876
64880
64881
64885
64886
64890
64891
64904
64906
64909
64910
64915
64922
64931
64935
64940
64949
64961
64964
64970
64974
64975
64987
64988
64996
64997
65009
65013
65014
65023
65026
65028
65029
65031
65049
65050
65051
65052
65066
65068
65069
65072
65076
65079
65080
65084
65091
65095
65096
65107
65111
65114
65121
65127
65135
65139
65154
65157
65158
65161
65162
65167
65170
65175
65178
65189
65191
65192
65194
65196
65197
65198
65212
65214
65216
65217
65219
65221
65224
65228
65229
65241
65242
65245
65247
65251
65255
65257
65258
65267
65269
65270
65273
65277
65278
65280
65283
65286
65287
65289
65295
65296
65298
65299
65313
65315
65317
65318
65320
65321
65322
65326
65331
65334
65343
65350
65358
65359
65361
65362
65367
65368
65370
65378
65379
65380
65381
65385
65388
65390
65394
65398
65404
65408
65414
65420
65421
65424
65426
65443
65449
65455
65459
65465
65473
65477
65481
65482
65484
65487
65488
65497
65499
65501
65504
65506
65513
65517
65519
65520
65524
65526
65531
65532
65535
