17 6553
0
34
52
78
110
130
135
219
228
237
243
250
279
300
327
338
345
359
370
374
379
407
447
484
497
522
543
572
608
619
666
693
696
724
731
747
756
796
798
808
813
855
889
927
952
980
994
996
1018
1054
1080
1122
1135
1162
1198
1244
1269
1278
1282
1307
1340
1363
1372
1385
1388
1450
1474
1483
1507
1518
1524
1545
1594
1652
1656
1662
1745
1748
1797
1801
1811
1814
1817
1820
1831
1855
1857
1902
1908
1959
2002
2018
2053
2061
2070
2072
2073
2082
2147
2154
2185
2210
2255
2268
2293
2327
2348
2391
2432
2452
2470
2585
2586
2603
2661
2681
2686
2699
2709
2726
2738
2739
2768
2773
2780
2826
2840
2850
2862
2890
2985
2999
3008
3010
3020
3027
3031
3032
3033
3117
3122
3128
3149
3160
3163
3177
3188
3191
3216
3227
3239
3266
3283
3317
3339
3351
3362
3367
3405
3425
3464
3482
3489
3491
3508
3529
3533
3541
3548
3566
3590
3592
3626
3752
3759
3784
3788
3803
3817
3825
3826
3839
3859
3867
3928
3942
3970
4017
4035
4050
4063
4112
4175
4187
4188
4197
4217
4223
4225
4229
4265
4268
4293
4302
4369
4401
4465
4476
4477
4501
4502
4504
4520
4524
4529
4589
4596
4609
4612
4617
4628
4640
4669
4671
4677
4682
4697
4698
4699
4754
4769
4788
4793
4798
4846
4862
4863
4904
4909
4920
4935
4951
4954
5017
5052
5072
5079
5092
5093
5128
5143
5163
5200
5206
5225
5300
5305
5310
5313
5338
5384
5395
5401
5402
5412
5414
5435
5436
5444
5469
5511
5526
5531
5589
5611
5620
5640
5663
5664
5682
5685
5719
5730
5750
5782
5788
5799
5824
5845
5893
5899
5979
5985
5994
6005
6049
6113
6126
6135
6137
6139
6147
6151
6162
6163
6224
6260
6276
6342
6358
6359
6385
6393
6403
6416
6447
6448
6461
6478
6502
6503
6506
6531
6546
6547
6596
6607
6660
6690
6701
6729
6744
6758
6794
6800
6814
6819
6835
6840
6843
6861
6864
6890
6901
6974
6994
7005
7037
7053
7054
7066
7070
7073
7097
7127
7134
7168
7181
7187
7201
7208
7217
7297
7300
7326
7337
7339
7361
7393
7410
7448
7452
7458
7471
7499
7553
7559
7563
7583
7614
7633
7639
7691
7700
7702
7722
7752
7764
7788
7802
7851
7894
7978
8003
8015
8016
8034
8046
8060
8079
8125
8133
8137
8158
8168
8182
8188
8208
8209
8230
8272
8322
8366
8381
8389
8397
8403
8405
8502
8524
8538
8556
8570
8622
8626
8690
8725
8736
8737
8746
8749
8753
8767
8770
8804
8811
8819
8834
8849
8859
8862
8863
8883
8890
8893
8923
8939
8963
8978
8979
8980
8983
8998
9000
9004
9014
9021
9099
9117
9119
9153
9169
9187
9199
9216
9227
9254
9290
9292
9299
9316
9331
9342
9369
9387
9393
9434
9440
9471
9482
9483
9519
9546
9556
9576
9584
9587
9625
9649
9660
9689
9693
9701
9707
9711
9720
9731
9745
9773
9790
9814
9815
9827
9861
9872
9880
9885
9897
9904
9953
10007
10010
10020
10029
10045
10047
10058
10088
10111
10132
10142
10176
10184
10185
10217
10218
10268
10282
10317
10332
10340
10396
10417
10451
10478
10499
10501
10507
10514
10517
10565
10571
10581
10662
10664
10666
10670
10677
10683
10718
10750
10765
10817
10839
10841
10854
10866
10875
10891
10895
10922
10933
10968
10989
11023
11066
11071
11072
11082
11115
11116
11123
11126
11195
11216
11238
11255
11277
11286
11289
11299
11304
11323
11332
11345
11399
11404
11430
11450
11454
11460
11495
11513
11519
11528
11535
11543
11567
11568
11577
11587
11602
11622
11643
11731
11737
11746
11747
11757
11784
11792
11819
11826
11833
11882
11892
11893
11900
11911
11937
11946
11975
11982
11985
12002
12004
12040
12060
12094
12126
12133
12136
12148
12149
12162
12198
12200
12230
12234
12242
12283
12344
12365
12370
12423
12425
12437
12473
12480
12527
12528
12534
12563
12564
12567
12592
12608
12616
12657
12669
12681
12687
12706
12711
12730
12785
12807
12820
12912
12918
12969
12981
12985
12987
13040
13054
13065
13077
13081
13099
13172
13180
13198
13199
13203
13205
13230
13253
13302
13305
13328
13363
13372
13389
13401
13403
13419
13421
13445
13491
13514
13532
13546
13553
13571
13582
13586
13627
13666
13676
13725
13772
13792
13832
13849
13850
13851
13853
13877
13891
13898
13899
13909
13959
14013
14049
14066
14072
14104
14114
14115
14119
14127
14214
14286
14290
14318
14331
14350
14358
14369
14387
14414
14415
14460
14519
14529
14560
14576
14581
14594
14599
14600
14646
14653
14659
14685
14697
14720
14745
14763
14765
14788
14794
14797
14816
14819
14826
14832
14876
14886
14895
14944
15048
15056
15062
15066
15073
15074
15085
15113
15118
15126
15127
15178
15201
15207
15244
15246
15309
15314
15319
15326
15333
15334
15363
15403
15427
15439
15441
15482
15497
15503
15510
15532
15534
15558
15577
15584
15596
15597
15616
15640
15732
15736
15787
15812
15824
15828
15932
15948
16019
16022
16029
16034
16046
16085
16087
16088
16136
16159
16213
16231
16241
16284
16298
16311
16316
16372
16414
16441
16445
16460
16521
16526
16531
16541
16547
16572
16576
16617
16618
16622
16637
16653
16668
16687
16695
16699
16713
16715
16729
16751
16752
16756
16761
16770
16774
16788
16797
16828
16847
16854
16885
16947
17008
17026
17046
17060
17260
17264
17265
17272
17278
17280
17281
17283
17289
17317
17319
17329
17334
17366
17393
17396
17409
17485
17488
17493
17533
17567
17612
17617
17619
17632
17637
17644
17675
17678
17679
17680
17688
17713
17714
17726
17742
17792
17844
17901
17904
17909
17918
17930
17932
17949
17978
17989
18013
18019
18033
18037
18050
18064
18074
18089
18119
18137
18150
18154
18189
18201
18203
18216
18239
18241
18289
18308
18345
18352
18378
18381
18422
18447
18460
18523
18593
18608
18619
18648
18654
18666
18676
18677
18678
18688
18690
18722
18732
18736
18766
18777
18785
18788
18835
18843
18873
18893
18896
18909
18914
18954
18966
18983
18994
19051
19055
19071
19080
19125
19127
19133
19189
19216
19241
19242
19249
19282
19286
19305
19314
19322
19328
19343
19359
19380
19399
19403
19416
19446
19451
19476
19489
19490
19506
19524
19553
19556
19564
19569
19591
19597
19598
19599
19604
19608
19662
19667
19692
19695
19701
19747
19784
19788
19800
19814
19843
19847
19861
19868
19878
19899
19913
19918
19975
19999
20023
20035
20067
20125
20127
20135
20149
20154
20161
20173
20190
20195
20229
20260
20277
20338
20343
20358
20361
20363
20371
20383
20491
20525
20526
20531
20540
20560
20614
20627
20648
20650
20655
20726
20731
20734
20769
20771
20790
20791
20821
20825
20835
20850
20936
20958
20964
20989
21041
21078
21102
21119
21134
21147
21209
21236
21258
21267
21286
21318
21354
21376
21386
21404
21427
21453
21458
21464
21472
21478
21488
21503
21504
21507
21524
21547
21551
21568
21590
21620
21631
21641
21651
21667
21676
21677
21681
21682
21693
21711
21714
21727
21734
21743
21768
21780
21793
21803
21817
21820
21849
21857
21893
21918
21930
21946
21948
21952
21961
22009
22039
22078
22106
22150
22161
22165
22191
22214
22255
22269
22277
22310
22326
22338
22356
22357
22383
22439
22446
22486
22553
22586
22605
22627
22632
22721
22789
22792
22828
22837
22850
22861
22884
22889
22931
22933
22972
23004
23030
23033
23048
23072
23076
23087
23109
23141
23143
23153
23157
23172
23241
23255
23257
23263
23273
23297
23298
23310
23338
23350
23362
23370
23392
23415
23460
23466
23521
23525
23546
23592
23619
23637
23697
23722
23724
23740
23796
23821
23850
23907
23912
23926
23938
23948
23950
23967
23989
23998
24004
24008
24027
24034
24043
24071
24077
24081
24086
24091
24109
24118
24161
24171
24198
24207
24209
24227
24248
24254
24265
24305
24317
24336
24341
24366
24377
24398
24404
24410
24431
24456
24465
24481
24491
24512
24514
24544
24568
24569
24721
24722
24754
24766
24773
24782
24784
24792
24798
24813
24818
24845
24852
24862
24899
24916
24919
24925
24934
24937
24951
24962
24987
25012
25017
25018
25030
25088
25143
25157
25196
25204
25233
25239
25311
25331
25347
25392
25400
25403
25407
25415
25444
25447
25486
25516
25522
25552
25562
25565
25603
25615
25636
25644
25654
25694
25696
25698
25704
25707
25743
25772
25789
25791
25824
25835
25859
25876
25895
25915
25953
25970
25975
25984
26006
26011
26024
26048
26112
26123
26131
26135
26188
26201
26240
26246
26250
26261
26282
26306
26322
26325
26334
26360
26384
26391
26458
26479
26555
26572
26577
26590
26630
26648
26662
26672
26676
26685
26720
26721
26799
26801
26804
26814
26815
26832
26841
26897
26898
26899
26925
26926
26931
26957
26958
26978
26985
27002
27030
27112
27150
27161
27237
27259
27269
27286
27302
27334
27352
27357
27365
27390
27421
27429
27430
27458
27468
27477
27493
27505
27521
27613
27652
27666
27699
27707
27753
27790
27792
27810
27834
27853
27867
27896
27932
27947
27964
27982
27983
28050
28070
28108
28119
28121
28127
28132
28146
28151
28156
28197
28248
28252
28300
28304
28306
28320
28326
28340
28347
28389
28462
28466
28473
28534
28548
28595
28596
28624
28633
28667
28671
28672
28678
28710
28726
28730
28748
28772
28774
28779
28780
28783
28789
28831
28843
28859
28940
28975
29016
29017
29024
29044
29057
29077
29095
29104
29117
29150
29151
29163
29205
29207
29227
29278
29319
29340
29359
29430
29438
29469
29495
29507
29539
29641
29649
29675
29699
29738
29816
29820
29854
29867
29877
29883
29908
29926
29959
30017
30021
30027
30119
30124
30144
30173
30183
30202
30235
30258
30312
30313
30322
30329
30339
30377
30403
30424
30440
30503
30507
30514
30528
30559
30596
30610
30616
30624
30642
30657
30673
30676
30707
30758
30797
30819
30897
30912
30922
30927
30928
30951
30959
30962
30971
31034
31113
31116
31130
31136
31175
31178
31191
31198
31205
31207
31238
31259
31269
31284
31290
31291
31299
31300
31308
31314
31316
31322
31333
31342
31360
31374
31386
31395
31435
31440
31535
31592
31663
31673
31676
31707
31722
31749
31762
31767
31770
31775
31776
31852
31870
31897
31923
31963
31974
31978
31992
31997
32025
32038
32060
32119
32139
32165
32180
32191
32220
32223
32289
32298
32337
32340
32375
32383
32439
32519
32526
32563
32667
32694
32698
32703
32730
32744
32750
32772
32802
32810
32846
32866
32874
32879
32896
32912
32943
32964
32971
32988
33001
33065
33076
33082
33087
33175
33176
33177
33183
33184
33204
33205
33207
33223
33247
33256
33291
33292
33301
33314
33326
33336
33351
33379
33415
33433
33456
33527
33573
33575
33582
33585
33610
33620
33645
33647
33656
33661
33665
33670
33707
33748
33780
33807
33826
33849
33855
33856
33870
33873
33923
33930
33963
33995
34002
34028
34032
34034
34070
34107
34125
34127
34140
34158
34160
34164
34175
34181
34195
34262
34268
34296
34326
34328
34363
34398
34483
34495
34542
34547
34552
34553
34575
34605
34619
34631
34636
34642
34661
34729
34768
34775
34781
34800
34803
34924
34930
34936
34940
34952
34954
34980
34981
34986
34997
35006
35053
35066
35119
35122
35123
35142
35167
35172
35178
35181
35200
35218
35241
35249
35250
35253
35263
35281
35282
35305
35314
35318
35324
35329
35350
35392
35453
35510
35514
35524
35553
35575
35582
35584
35606
35644
35693
35730
35800
35867
35899
35907
35945
35966
35972
35978
36010
36054
36065
36082
36103
36128
36139
36148
36160
36165
36170
36195
36208
36230
36254
36280
36287
36290
36322
36334
36348
36370
36374
36393
36410
36427
36430
36475
36502
36505
36510
36527
36531
36549
36571
36576
36596
36603
36622
36623
36643
36713
36740
36748
36766
36780
36800
36819
36831
36873
36874
36881
36884
36886
36889
36912
36937
36970
36978
36988
37000
37019
37044
37048
37053
37054
37058
37059
37062
37063
37065
37067
37089
37115
37116
37126
37159
37196
37201
37297
37311
37327
37331
37373
37382
37388
37393
37397
37431
37453
37456
37457
37489
37509
37533
37547
37566
37576
37610
37614
37621
37622
37623
37629
37661
37702
37751
37772
37787
37788
37791
37813
37816
37822
37825
37856
37858
37885
37897
37900
37913
37918
37926
37963
37996
38004
38012
38025
38037
38057
38064
38093
38152
38168
38185
38187
38201
38204
38246
38255
38260
38311
38313
38375
38412
38437
38464
38477
38496
38500
38509
38513
38540
38567
38586
38672
38680
38713
38717
38727
38737
38754
38797
38836
38851
38886
38892
38904
38923
38926
38927
38952
38978
39010
39017
39035
39056
39068
39089
39092
39099
39108
39119
39141
39170
39175
39189
39226
39269
39311
39315
39336
39394
39410
39426
39431
39454
39486
39491
39495
39507
39571
39574
39580
39591
39603
39616
39623
39638
39662
39688
39691
39719
39723
39761
39766
39775
39790
39800
39818
39843
39905
39919
39920
39965
39985
39986
39995
40005
40008
40013
40039
40096
40098
40127
40137
40145
40177
40178
40228
40250
40283
40306
40317
40332
40356
40374
40377
40379
40389
40411
40428
40439
40450
40469
40562
40575
40592
40612
40671
40676
40684
40686
40731
40761
40790
40810
40827
40879
40880
40914
41005
41023
41032
41035
41046
41077
41078
41113
41134
41150
41153
41154
41174
41190
41191
41243
41268
41304
41317
41340
41363
41440
41475
41508
41530
41555
41569
41578
41584
41590
41609
41612
41653
41680
41688
41698
41722
41763
41776
41787
41803
41811
41835
41838
41842
41856
41875
41891
41893
41896
41905
41916
41917
41920
41922
41946
42003
42007
42009
42034
42146
42170
42187
42202
42235
42237
42263
42274
42280
42325
42354
42364
42365
42410
42437
42460
42488
42533
42536
42570
42578
42618
42652
42669
42724
42738
42759
42792
42800
42804
42805
42813
42814
42822
42827
42840
42848
42852
42855
42861
42874
42937
42941
42952
42974
42975
42981
42984
43044
43049
43060
43069
43124
43130
43153
43182
43187
43191
43194
43195
43207
43221
43222
43243
43274
43294
43301
43305
43322
43338
43342
43370
43416
43480
43488
43490
43492
43497
43519
43540
43610
43616
43634
43643
43648
43649
43652
43660
43691
43768
43786
43797
43799
43812
43837
43855
43856
43892
43898
43899
43912
43927
43930
43943
43974
43981
44023
44086
44106
44129
44136
44157
44160
44185
44233
44235
44250
44284
44314
44327
44354
44394
44419
44429
44434
44441
44478
44486
44494
44511
44519
44583
44591
44596
44597
44611
44616
44669
44670
44697
44714
44726
44738
44745
44776
44777
44803
44829
44844
44849
44854
44867
44890
44905
44913
44933
44936
44997
45000
45011
45061
45078
45084
45094
45110
45118
45130
45131
45139
45159
45243
45275
45312
45314
45322
45330
45353
45360
45364
45439
45444
45470
45480
45489
45500
45522
45595
45608
45660
45673
45698
45700
45752
45758
45763
45770
45837
45887
45924
45934
45947
45950
45968
46002
46025
46034
46102
46105
46113
46119
46144
46223
46267
46305
46328
46334
46337
46376
46383
46386
46404
46415
46446
46475
46476
46498
46510
46531
46533
46561
46582
46590
46596
46610
46613
46627
46629
46750
46756
46805
46821
46873
46888
46895
46899
47015
47017
47038
47045
47080
47110
47111
47160
47199
47208
47222
47223
47233
47236
47250
47270
47348
47353
47377
47378
47409
47431
47440
47485
47516
47555
47606
47624
47638
47645
47652
47678
47691
47716
47719
47752
47790
47793
47795
47806
47809
47812
47829
47834
47851
47911
47945
47951
47968
47980
47993
47996
48031
48054
48067
48079
48097
48107
48110
48112
48119
48142
48168
48172
48180
48244
48290
48333
48344
48348
48349
48372
48387
48415
48431
48440
48450
48463
48486
48489
48495
48496
48521
48543
48579
48605
48606
48624
48642
48650
48673
48683
48702
48768
48866
48883
48888
48899
48945
49008
49014
49022
49056
49058
49089
49126
49160
49163
49187
49210
49219
49254
49262
49286
49304
49309
49320
49322
49334
49350
49360
49369
49387
49392
49401
49405
49409
49427
49449
49450
49484
49491
49493
49512
49541
49570
49584
49591
49614
49637
49643
49658
49699
49702
49706
49724
49733
49740
49744
49745
49751
49799
49802
49804
49806
49813
49871
49880
49891
49932
49934
50016
50062
50066
50082
50088
50113
50120
50169
50171
50178
50185
50262
50283
50316
50336
50354
50374
50412
50446
50457
50491
50494
50506
50536
50544
50545
50551
50586
50610
50611
50657
50706
50720
50738
50739
50766
50788
50828
50882
50887
50901
50941
50968
50978
50993
51034
51051
51065
51074
51091
51100
51117
51122
51147
51153
51191
51203
51246
51263
51265
51285
51384
51392
51406
51417
51431
51433
51454
51456
51461
51476
51481
51484
51498
51508
51526
51545
51571
51579
51647
51649
51653
51663
51668
51669
51702
51726
51740
51814
51815
51848
51851
51872
51982
52010
52012
52035
52100
52109
52131
52136
52146
52170
52178
52179
52205
52225
52227
52273
52274
52292
52296
52313
52352
52400
52408
52421
52459
52468
52489
52490
52494
52534
52550
52566
52585
52592
52593
52633
52634
52646
52691
52703
52719
52803
52805
52813
52827
52830
52842
52843
52853
52863
52873
52883
52884
52903
52908
52927
52942
52955
52983
53007
53031
53040
53049
53155
53163
53258
53269
53282
53287
53293
53326
53329
53344
53362
53410
53423
53472
53486
53495
53501
53510
53536
53543
53593
53601
53613
53615
53629
53659
53665
53690
53727
53758
53764
53783
53791
53811
53834
53869
53871
53886
53887
53896
53915
53936
53940
53947
53965
53986
54006
54110
54131
54148
54157
54215
54223
54231
54246
54249
54256
54258
54272
54274
54328
54373
54399
54456
54476
54489
54513
54534
54546
54548
54575
54583
54615
54625
54642
54670
54674
54677
54680
54690
54725
54734
54750
54755
54779
54806
54815
54842
54868
54883
54897
54917
54943
54974
55007
55047
55064
55116
55130
55190
55198
55199
55214
55216
55231
55237
55244
55250
55255
55262
55266
55276
55286
55288
55298
55318
55350
55365
55385
55391
55400
55432
55434
55436
55500
55504
55533
55538
55548
55562
55577
55592
55598
55617
55619
55624
55640
55656
55679
55683
55694
55701
55749
55767
55770
55777
55778
55797
55818
55820
55827
55855
55863
55912
55923
55925
55957
56061
56064
56088
56100
56108
56120
56129
56173
56224
56225
56289
56333
56348
56357
56377
56400
56418
56480
56516
56540
56591
56595
56604
56640
56662
56665
56673
56674
56699
56721
56726
56745
56773
56779
56786
56834
56850
56899
56942
56974
57001
57017
57031
57059
57097
57125
57181
57182
57264
57273
57293
57298
57333
57348
57373
57420
57467
57507
57509
57556
57559
57562
57575
57602
57615
57643
57662
57663
57666
57708
57743
57745
57750
57753
57754
57773
57794
57833
57839
57859
57863
57887
57890
57915
57924
57950
57955
57964
57965
58011
58012
58042
58078
58132
58142
58154
58169
58171
58218
58249
58251
58267
58273
58323
58324
58361
58377
58380
58423
58429
58468
58488
58579
58615
58636
58649
58664
58668
58675
58692
58698
58718
58763
58800
58804
58817
58835
58884
58901
58920
58975
59022
59026
59059
59082
59085
59123
59160
59184
59208
59273
59298
59303
59331
59332
59340
59387
59412
59431
59435
59441
59466
59547
59582
59598
59612
59631
59647
59666
59700
59703
59713
59734
59742
59750
59771
59776
59784
59788
59805
59812
59817
59892
59929
59943
59949
59970
59978
59988
59989
59995
59999
60002
60032
60057
60060
60162
60168
60179
60200
60207
60215
60234
60270
60285
60311
60330
60381
60402
60412
60425
60451
60459
60470
60479
60512
60558
60596
60597
60600
60608
60633
60649
60670
60673
60684
60696
60748
60761
60787
60793
60803
60817
60850
60892
60913
60924
60950
60951
60975
60992
61004
61035
61050
61064
61073
61087
61134
61177
61184
61245
61266
61281
61282
61308
61315
61351
61352
61368
61391
61425
61434
61455
61494
61537
61563
61569
61570
61587
61619
61633
61664
61665
61678
61705
61708
61727
61737
61743
61754
61762
61781
61811
61825
61924
61956
61961
62013
62052
62115
62154
62179
62202
62229
62233
62302
62384
62390
62396
62423
62429
62456
62458
62493
62500
62509
62516
62539
62554
62560
62577
62617
62633
62636
62704
62713
62715
62741
62744
62747
62825
62830
62835
62844
62891
62906
62913
62915
62917
62924
62926
62935
62965
62975
62985
63025
63028
63030
63040
63072
63123
63129
63136
63140
63141
63151
63190
63260
63261
63266
63275
63281
63301
63326
63337
63345
63360
63404
63421
63442
63445
63450
63491
63508
63514
63558
63560
63590
63599
63612
63622
63632
63646
63655
63658
63661
63726
63741
63749
63750
63763
63768
63853
63889
63935
63940
63944
63983
64006
64015
64029
64069
64105
64109
64126
64129
64157
64168
64258
64273
64275
64350
64352
64375
64381
64393
64401
64412
64418
64438
64458
64483
64550
64552
64560
64575
64595
64608
64687
64695
64696
64756
64773
64807
64829
64861
64867
64869
64904
64961
64975
65031
65049
65052
65080
65091
65107
65121
65139
65154
65157
65189
65196
65214
65224
65228
65258
65267
65269
65280
65283
65287
65296
65299
65315
65368
65370
65398
65421
65484
65501
65513
65531
65548
65566
65603
65624
65641
65663
65671
65673
65682
65732
65797
65822
65847
65860
65937
65943
65965
65973
66013
66020
66023
66081
66085
66087
66093
66097
66109
66113
66124
66146
66185
66215
66246
66262
66312
66331
66341
66368
66383
66413
66434
66455
66489
66494
66534
66552
66585
66608
66610
66664
66688
66705
66742
66744
66749
66757
66765
66766
66866
66903
66930
66991
66998
67042
67077
67087
67088
67127
67136
67145
67163
67181
67265
67285
67288
67326
67336
67365
67442
67444
67446
67449
67450
67465
67512
67521
67582
67609
67615
67616
67619
67627
67660
67663
67669
67675
67706
67709
67713
67744
67757
67875
67887
67907
67935
67977
67979
67986
68000
68008
68026
68044
68104
68184
68187
68189
68195
68205
68214
68225
68274
68287
68301
68330
68347
68353
68368
68372
68402
68419
68446
68489
68492
68495
68514
68515
68518
68544
68548
68571
68573
68589
68592
68598
68610
68629
68633
68642
68674
68692
68701
68708
68716
68719
68739
68743
68821
68899
68915
68930
69009
69010
69041
69046
69057
69065
69078
69085
69144
69156
69171
69172
69178
69193
69197
69211
69224
69255
69264
69299
69317
69318
69343
69379
69392
69394
69400
69425
69429
69430
69455
69509
69515
69518
69530
69533
69537
69552
69572
69606
69614
69629
69649
69660
69695
69700
69718
69743
69765
69776
69779
69851
69866
69908
69914
69926
69969
69982
69983
69984
69996
70007
70011
70037
70046
70048
70087
70170
70175
70185
70189
70210
70211
70213
70221
70244
70255
70318
70320
70334
70350
70360
70382
70390
70469
70477
70536
70555
70565
70575
70636
70641
70649
70699
70723
70731
70748
70761
70770
70799
70808
70819
70821
70824
70825
70855
70864
70915
70924
70930
70963
70965
70982
70984
71002
71027
71041
71053
71058
71061
71073
71076
71093
71099
71110
71121
71122
71135
71141
71143
71170
71174
71186
71219
71221
71236
71257
71278
71298
71300
71308
71311
71354
71404
71433
71449
71457
71463
71464
71468
71494
71509
71542
71591
71603
71641
71658
71703
71705
71717
71721
71734
71766
71769
71788
71878
71935
71990
72014
72038
72089
72108
72124
72129
72166
72171
72176
72201
72216
72221
72237
72302
72327
72333
72339
72362
72383
72472
72483
72545
72546
72572
72606
72624
72690
72707
72716
72732
72752
72798
72812
72814
72819
72827
72838
72857
72869
72886
72887
72902
72920
72922
72944
72993
72995
73039
73047
73062
73069
73071
73080
73085
73135
73152
73155
73199
73222
73278
73293
73347
73350
73362
73414
73416
73422
73463
73479
73576
73624
73630
73637
73654
73671
73731
73752
73754
73759
73775
73797
73876
73930
73969
73976
73996
74014
74022
74045
74066
74070
74072
74107
74112
74114
74130
74160
74200
74219
74244
74272
74302
74305
74337
74361
74362
74395
74401
74424
74431
74444
74453
74476
74545
74553
74570
74588
74616
74623
74636
74643
74659
74661
74674
74685
74688
74736
74741
74761
74776
74779
74800
74820
74823
74837
74873
74877
74893
74934
74954
74960
74992
74993
74994
74996
75001
75014
75019
75033
75039
75063
75069
75082
75105
75125
75145
75161
75214
75231
75250
75269
75307
75321
75335
75340
75358
75361
75366
75377
75385
75392
75428
75433
75442
75443
75444
75481
75512
75550
75561
75564
75574
75578
75605
75618
75639
75642
75652
75654
75712
75713
75714
75718
75719
75752
75806
75810
75858
75877
75911
75918
75923
75951
75964
75994
76014
76024
76076
76087
76129
76161
76174
76188
76207
76234
76235
76274
76292
76311
76318
76346
76347
76377
76408
76424
76435
76440
76453
76465
76497
76506
76531
76535
76545
76552
76572
76591
76594
76618
76656
76679
76683
76688
76698
76701
76748
76751
76776
76782
76784
76792
76816
76823
76830
76849
76860
76883
76887
76916
76922
76955
76985
77053
77058
77072
77099
77108
77112
77178
77207
77219
77224
77262
77287
77335
77340
77341
77362
77395
77401
77480
77493
77495
77525
77550
77567
77590
77596
77597
77632
77636
77652
77690
77705
77708
77731
77744
77757
77775
77866
77867
77891
77904
77920
77933
77944
77950
77974
77987
78016
78022
78025
78030
78081
78114
78119
78145
78149
78163
78180
78217
78239
78242
78263
78271
78275
78302
78326
78338
78341
78353
78372
78388
78400
78432
78472
78491
78509
78560
78585
78617
78629
78665
78670
78672
78718
78725
78749
78757
78763
78817
78818
78838
78847
78877
79007
79018
79040
79043
79047
79048
79065
79082
79122
79143
79171
79207
79210
79241
79253
79257
79258
79273
79283
79289
79298
79313
79365
79438
79490
79526
79544
79548
79643
79713
79756
79782
79809
79810
79818
79827
79835
79837
79880
79888
79942
79958
79998
80001
80014
80028
80047
80050
80054
80067
80070
80073
80149
80156
80194
80200
80215
80216
80217
80224
80227
80265
80274
80299
80316
80323
80337
80362
80391
80421
80458
80471
80480
80493
80517
80531
80551
80625
80637
80642
80656
80666
80721
80730
80735
80745
80784
80793
80821
80837
80843
80850
80851
80853
80878
80886
80907
80919
80921
80932
80954
80967
80976
80981
80996
81015
81033
81045
81058
81061
81076
81092
81095
81134
81135
81155
81207
81232
81247
81250
81262
81276
81279
81284
81286
81311
81312
81337
81338
81343
81344
81358
81369
81406
81420
81428
81438
81445
81463
81473
81493
81497
81507
81533
81557
81567
81574
81605
81607
81611
81628
81638
81644
81651
81677
81688
81736
81767
81773
81783
81789
81792
81796
81799
81846
81875
81879
81898
81911
81942
81960
81974
81976
81978
81983
81986
81987
81990
82013
82015
82016
82116
82117
82157
82173
82188
82189
82196
82208
82240
82247
82265
82296
82319
82346
82356
82357
82366
82425
82473
82514
82531
82533
82535
82537
82574
82579
82593
82633
82686
82716
82725
82737
82799
82810
82834
82835
82875
82878
82891
82915
82965
82997
82999
83038
83077
83110
83115
83127
83168
83190
83196
83214
83264
83295
83306
83318
83321
83331
83341
83342
83354
83387
83391
83393
83423
83426
83450
83468
83492
83513
83528
83559
83571
83595
83603
83604
83619
83647
83660
83667
83671
83678
83728
83737
83738
83743
83767
83768
83796
83813
83823
83866
83891
83948
83976
83978
83988
83995
84022
84039
84046
84062
84074
84075
84077
84094
84174
84219
84223
84235
84257
84260
84261
84303
84382
84417
84434
84439
84449
84475
84487
84507
84518
84540
84548
84552
84556
84580
84597
84647
84648
84659
84665
84672
84694
84739
84754
84773
84812
84833
84840
84861
84906
84913
84954
84966
84967
84978
85004
85010
85015
85026
85067
85116
85122
85130
85139
85150
85186
85207
85220
85235
85239
85253
85268
85279
85281
85284
85289
85311
85392
85415
85420
85439
85473
85477
85484
85505
85511
85568
85574
85596
85622
85625
85635
85639
85649
85666
85718
85720
85793
85836
85857
85874
85876
85877
85894
85970
85987
86010
86062
86093
86104
86132
86143
86144
86160
86173
86175
86197
86213
86241
86248
86273
86294
86357
86385
86403
86408
86433
86489
86526
86536
86557
86572
86642
86648
86670
86699
86733
86771
86779
86793
86806
86817
86857
86874
86955
86973
86981
86995
86996
87008
87078
87132
87141
87150
87152
87175
87194
87218
87219
87231
87260
87278
87279
87306
87316
87346
87353
87367
87368
87378
87379
87407
87411
87416
87437
87442
87473
87481
87484
87523
87524
87538
87544
87578
87620
87643
87745
87777
87795
87797
87799
87807
87827
87828
87833
87842
87845
87859
87868
87874
87881
87898
87918
87940
87950
87967
87973
88031
88033
88056
88077
88095
88101
88112
88153
88166
88177
88226
88352
88552
88560
88568
88602
88644
88675
88727
88776
88795
88861
88874
88878
88888
88964
88977
88983
89012
89032
89034
89045
89054
89055
89063
89101
89143
89146
89163
89186
89193
89211
89226
89227
89325
89355
89386
89415
89518
89585
89598
89623
89629
89654
89659
89709
89753
89757
89765
89766
89786
89809
89844
89851
89855
89899
89937
89945
89993
90012
90063
90070
90099
90121
90128
90153
90191
90229
90265
90296
90299
90326
90329
90383
90398
90400
90415
90420
90467
90511
90541
90557
90561
90577
90617
90623
90637
90665
90669
90670
90687
90693
90728
90741
90762
90764
90819
90832
90834
90852
90855
90892
90903
90909
90924
90938
90961
90971
90977
90978
91011
91018
91052
91077
91087
91112
91130
91144
91146
91153
91159
91161
91164
91169
91188
91239
91287
91331
91356
91390
91445
91457
91463
91467
91486
91487
91499
91515
91520
91523
91546
91566
91582
91584
91606
91623
91669
91673
91686
91687
91689
91713
91747
91750
91783
91817
91830
91861
91866
91870
91913
91936
91939
92020
92023
92103
92135
92176
92193
92270
92305
92309
92329
92341
92361
92377
92379
92383
92384
92399
92401
92408
92425
92444
92450
92460
92499
92500
92543
92564
92571
92583
92616
92621
92625
92629
92642
92671
92703
92705
92707
92806
92810
92816
92838
92841
92845
92850
92893
92905
92973
92987
93033
93034
93040
93103
93105
93123
93143
93166
93190
93197
93198
93233
93269
93274
93281
93289
93303
93347
93370
93374
93375
93401
93443
93462
93484
93495
93544
93674
93690
93710
93712
93729
93746
93832
93880
93893
93939
93957
94032
94036
94080
94131
94132
94142
94174
94197
94209
94245
94268
94304
94326
94328
94333
94338
94365
94406
94407
94417
94427
94446
94487
94505
94520
94557
94561
94581
94590
94596
94614
94654
94681
94692
94707
94716
94721
94722
94774
94787
94801
94841
94854
94860
94866
94885
94944
94967
95001
95012
95024
95028
95049
95069
95100
95185
95190
95223
95228
95238
95279
95293
95305
95327
95346
95352
95359
95369
95391
95419
95436
95445
95447
95461
95491
95494
95509
95543
95548
95592
95611
95618
95633
95634
95646
95692
95716
95732
95753
95780
95783
95818
95828
95860
95908
95929
95936
95951
95969
96008
96028
96053
96073
96077
96078
96079
96098
96102
96131
96132
96155
96163
96177
96186
96199
96213
96225
96233
96235
96289
96291
96315
96319
96321
96323
96370
96372
96373
96374
96375
96381
96389
96426
96428
96443
96444
96478
96492
96512
96529
96551
96553
96561
96562
96587
96667
96676
96691
96711
96747
96782
96849
96883
96889
96922
96946
96949
96954
96965
96970
96990
96998
97007
97020
97038
97049
97075
97105
97164
97173
97208
97227
97233
97245
97248
97255
97291
97295
97309
97312
97317
97328
97349
97398
97420
97435
97504
97510
97512
97517
97525
97542
97587
97592
97667
97707
97723
97759
97809
97843
97867
97896
97903
97922
97926
97929
97961
97963
97973
97994
98002
98050
98067
98088
98091
98125
98133
98163
98198
98243
98245
98250
98279
98305
98307
98322
98335
98342
98357
98363
98372
98388
98408
98418
98424
98435
98468
98487
98512
98514
98560
98576
98585
98586
98592
98617
98623
98634
98643
98645
98654
98681
98702
98707
98709
98731
98736
98742
98782
98784
98802
98814
98863
98884
98894
98917
98918
98922
98929
98932
98934
98942
98980
99005
99017
99029
99031
99033
99049
99058
99088
99101
99104
99117
99120
99128
99171
99180
99201
99220
99244
99248
99267
99269
99309
99323
99331
99348
99371
99409
99449
99469
99503
99505
99518
99527
99549
99574
99598
99641
99673
99713
99749
99815
99816
99825
99826
99857
99877
99902
99949
99966
99974
99977
100005
100020
100032
100034
100035
100068
100097
100098
100102
100132
100155
100158
100177
100184
100187
100241
100259
100282
100285
100288
100298
100337
100341
100344
100363
100389
100399
100409
100475
100484
100497
100531
100549
100557
100567
100581
100587
100590
100644
100728
100753
100759
100828
100829
100834
100836
100857
100864
100885
100895
100910
100913
100944
100958
100963
100971
100996
101015
101019
101039
101047
101098
101118
101125
101129
101144
101156
101163
101292
101349
101367
101379
101415
101533
101542
101561
101649
101655
101660
101664
101683
101690
101724
101734
101735
101743
101747
101752
101767
101797
101831
101838
101874
101898
101934
101935
101958
101971
102011
102115
102149
102159
102182
102200
102205
102215
102272
102278
102284
102288
102310
102337
102348
102356
102370
102380
102394
102396
102494
102512
102519
102554
102556
102561
102565
102579
102615
102627
102631
102639
102676
102677
102711
102721
102729
102732
102743
102747
102750
102775
102804
102806
102825
102845
102855
102883
102897
102913
102936
102951
102956
102958
102978
102995
103024
103078
103090
103108
103134
103136
103181
103185
103209
103259
103264
103284
103334
103340
103366
103373
103405
103502
103510
103579
103596
103642
103644
103714
103731
103744
103747
103761
103770
103799
103864
103869
103871
103877
103879
103880
103925
103934
103949
104036
104042
104044
104081
104087
104089
104136
104144
104213
104228
104253
104254
104275
104279
104312
104332
104358
104367
104381
104385
104396
104406
104526
104555
104571
104578
104593
104596
104601
104633
104643
104645
104669
104686
104699
104746
104761
104764
104789
104798
104806
104818
104835
104947
104961
104962
105007
105018
105039
105046
105064
105078
105082
105111
105124
105132
105144
105162
105163
105200
105305
105308
105309
105311
105316
105329
105364
105370
105377
105476
105490
105491
105500
105508
105528
105565
105591
105610
105692
105697
105732
105749
105752
105775
105795
105823
105848
105863
105886
105894
105958
105974
105985
106006
106008
106010
106037
106038
106094
106096
106111
106153
106160
106238
106244
106263
106265
106266
106278
106341
106395
106406
106418
106430
106447
106463
106488
106490
106514
106526
106568
106583
106612
106702
106714
106788
106823
106853
106858
106863
106875
106897
106937
106944
107008
107013
107027
107030
107051
107065
107112
107119
107129
107144
107147
107149
107188
107202
107204
107322
107346
107363
107403
107404
107418
107457
107501
107504
107516
107522
107537
107548
107559
107565
107580
107584
107588
107590
107601
107610
107625
107644
107691
107699
107704
107715
107720
107760
107783
107802
107818
107827
107839
107842
107866
107877
107883
107885
107926
107979
107988
108016
108029
108061
108067
108146
108148
108257
108265
108276
108299
108337
108387
108390
108409
108414
108427
108459
108469
108481
108484
108489
108507
108516
108601
108602
108626
108635
108646
108711
108723
108761
108828
108862
108881
108885
108933
108942
108946
108950
108958
108978
108981
108987
109005
109037
109066
109071
109082
109141
109152
109154
109160
109193
109221
109224
109293
109315
109358
109415
109431
109434
109443
109451
109455
109467
109512
109545
109575
109577
109589
109674
109707
109732
109796
109856
109858
109871
109873
109883
109903
109933
109943
109955
109966
109967
110009
110020
110021
110087
110101
110122
110144
110145
110168
110178
110202
110208
110229
110287
110296
110303
110321
110324
110345
110355
110376
110394
110428
110456
110468
110471
110494
110506
110541
110561
110582
110618
110667
110674
110693
110713
110766
110775
110855
110876
110883
110899
110934
110960
111010
111032
111056
111067
111085
111087
111089
111097
111098
111109
111116
111144
111150
111151
111155
111218
111284
111309
111341
111369
111466
111486
111499
111527
111561
111629
111696
111768
111801
111824
111833
111841
111909
111912
111946
111976
111980
111995
112008
112026
112036
112067
112072
112111
112133
112134
112135
112179
112184
112272
112293
112318
112379
112391
112415
112431
112447
112476
112482
112511
112527
112542
112692
112746
112747
112750
112782
112850
112862
112869
112906
112909
112926
112932
112933
112937
112945
112967
112970
112975
112983
112994
113005
113007
113020
113027
113110
113144
113156
113187
113194
113231
113241
113243
113255
113261
113278
113331
113350
113355
113374
113382
113395
113453
113497
113500
113513
113531
113598
113627
113638
113642
113679
113827
113850
113854
113863
113868
113875
113876
113887
113924
113929
113974
114012
114045
114048
114064
114065
114072
114085
114097
114106
114115
114119
114120
114123
114128
114131
114140
114158
114170
114190
114193
114194
114208
114218
114258
114290
114305
114318
114339
114342
114345
114361
114396
114399
114426
114465
114485
114509
114517
114558
114567
114591
114610
114628
114640
114672
114682
114724
114727
114729
114785
114802
114848
114868
114873
114907
114913
114950
114957
114977
114992
115016
115045
115057
115083
115102
115104
115119
115125
115149
115186
115198
115219
115283
115309
115310
115328
115330
115361
115370
115411
115416
115422
115454
115474
115525
115572
115574
115577
115632
115653
115657
115679
115684
115704
115713
115726
115733
115775
115808
115814
115819
115853
115885
115915
115916
115934
115936
116046
116057
116068
116077
116078
116085
116095
116118
116148
116177
116222
116246
116256
116282
116321
116336
116338
116383
116388
116423
116501
116564
116600
116621
116631
116647
116674
116678
116699
116702
116705
116714
116715
116721
116729
116755
116763
116768
116804
116812
116830
116843
116868
116878
116916
116927
116932
116937
116944
116951
116957
116961
116969
117007
117013
117038
117045
117100
117147
117200
117265
117277
117295
117333
117338
117357
117361
117370
117391
117402
117418
117439
117440
117531
117532
117538
117573
117576
117593
117614
117634
117656
117677
117691
117701
117729
117734
117793
117862
117863
117881
117910
117920
117926
117964
117987
117994
118029
118068
118096
118110
118126
118136
118160
118179
118233
118287
118313
118317
118318
118322
118323
118336
118339
118344
118388
118424
118432
118468
118483
118500
118510
118527
118537
118539
118595
118597
118629
118657
118662
118665
118669
118676
118748
118767
118785
118808
118820
118870
118872
118902
118904
118909
118929
118979
118984
118991
118993
119009
119015
119045
119065
119124
119137
119145
119146
119165
119172
119174
119180
119202
119219
119276
119290
119304
119318
119337
119352
119364
119370
119386
119390
119392
119398
119438
119451
119460
119498
119529
119543
119546
119547
119548
119580
119583
119591
119597
119689
119715
119723
119728
119775
119777
119810
119817
119850
119853
119872
119920
119923
119942
119950
120002
120006
120050
120078
120092
120100
120103
120112
120122
120161
120188
120254
120295
120379
120383
120428
120429
120434
120440
120460
120462
120557
120559
120600
120607
120611
120630
120631
120655
120659
120708
120713
120723
120734
120772
120808
120809
120833
120862
120900
120919
120961
121007
121010
121060
121105
121131
121135
121207
121227
121241
121294
121313
121347
121352
121364
121373
121384
121401
121423
121424
121440
121443
121456
121458
121471
121495
121502
121505
121539
121574
121619
121650
121681
121699
121700
121723
121738
121742
121761
121786
121791
121796
121808
121831
121835
121841
121878
121943
121953
121955
121973
122028
122062
122103
122104
122151
122160
122165
122175
122210
122211
122213
122226
122273
122278
122303
122334
122366
122376
122430
122454
122533
122536
122540
122554
122566
122573
122601
122619
122625
122637
122660
122709
122714
122750
122796
122803
122814
122848
122922
122944
122946
122985
123018
123027
123071
123073
123087
123130
123156
123173
123189
123230
123251
123256
123260
123264
123287
123363
123368
123393
123402
123431
123455
123458
123490
123495
123508
123532
123540
123553
123565
123574
123578
123591
123601
123604
123619
123635
123641
123650
123687
123692
123760
123792
123811
123815
123844
123850
123880
123949
124018
124019
124020
124053
124055
124091
124106
124110
124139
124152
124157
124165
124202
124213
124245
124259
124297
124300
124329
124333
124348
124351
124353
124392
124412
124432
124487
124531
124558
124615
124649
124652
124653
124661
124677
124688
124702
124732
124744
124748
124764
124815
124825
124829
124831
124837
124843
124897
124968
125042
125043
125066
125070
125076
125080
125102
125130
125149
125201
125203
125204
125250
125281
125282
125313
125338
125340
125346
125349
125373
125374
125377
125390
125412
125455
125505
125520
125533
125536
125575
125615
125643
125656
125670
125678
125735
125792
125842
125843
125853
125856
125879
125925
125940
125955
125990
125997
126044
126055
126100
126104
126105
126111
126160
126165
126183
126187
126208
126256
126314
126321
126337
126362
126371
126388
126394
126460
126463
126483
126487
126510
126557
126559
126585
126621
126642
126650
126666
126712
126713
126735
126740
126773
126805
126816
126827
126910
126929
126957
126982
126996
127006
127021
127042
127071
127083
127084
127118
127120
127141
127144
127189
127191
127201
127202
127244
127310
127311
127314
127326
127342
127345
127418
127419
127453
127519
127544
127557
127603
127610
127618
127645
127652
127656
127658
127667
127720
127746
127755
127757
127780
127783
127810
127811
127821
127825
127836
127857
127866
127919
127920
127932
127939
127962
127967
127974
127976
127977
127995
128011
128019
128048
128058
128149
128150
128152
128159
128165
128191
128213
128246
128258
128298
128317
128388
128408
128417
128456
128463
128468
128474
128483
128486
128487
128541
128597
128601
128615
128621
128622
128638
128649
128653
128656
128664
128665
128674
128724
128733
128801
128824
128834
128838
128844
128855
128875
128911
128919
128923
129024
129103
129111
129114
129120
129136
129147
129149
129187
129196
129215
129221
129308
129317
129318
129330
129334
129361
129373
129384
129388
129414
129436
129444
129448
129501
129511
129544
129582
129597
129617
129660
129661
129689
129748
129751
129756
129782
129822
129828
129833
129870
129894
129935
129983
130005
130016
130020
130041
130058
130064
130068
130085
130088
130092
130107
130111
130117
130136
130188
130195
130214
130229
130265
130272
130278
130283
130303
130312
130313
130324
130378
130416
130471
130510
130532
130608
130615
130643
130675
130703
130733
130765
130777
130778
130831
130853
130867
130915
130924
130962
131017
131023
131035
