16 100
0 55561
12 43965
30 453
34 45195
52 49427
67 46039
78 37040
88 20478
105 57142
110 38908
127 16839
130 46727
135 493
137 58195
146 411
196 51054
219 35065
228 28918
237 13545
243 34851
250 33095
261 22796
279 9899
286 1099
300 15167
311 55654
324 58724
327 381
338 13515
345 31582
359 18905
370 34109
374 35293
379 26449
401 2976
407 58022
429 55372
437 60372
447 63763
477 41928
484 24349
487 20294
497 11675
507 10183
522 37962
543 29846
545 60819
549 13066
551 47210
557 1052
560 18702
561 13708
572 54340
573 49768
577 51923
588 34527
608 42920
610 17087
619 44095
649 64596
666 28029
679 37566
693 24408
696 17883
710 35158
724 11544
726 24377
731 36499
747 26031
756 1569
776 27857
795 56887
796 34487
798 29853
805 48335
808 33963
813 47384
832 38185
847 132
855 55865
877 52518
889 23461
898 17250
919 46432
927 39815
952 17896
953 19878
958 22330
980 20208
994 58452
996 23383
998 48358
1016 54078
1018 59223
1049 64405
1054 58629
1072 30884
1074 52923
1080 29929
1122 2450
1128 9112
1135 8782
1152 55301
1162 4521
1169 2079
1198 24886
1206 7799
1208 6878
1213 40008
1221 40947
1229 2183
1230 32216
1244 58056
1269 17436
1278 59155
1282 56886
1307 35315
1330 31069
1340 14751
1363 22759
1367 56801
1372 8822
1385 7282
1388 48664
1394 50162
1435 25980
1450 9564
1455 54412
1462 20530
1474 28518
1483 23258
1506 29572
1507 47245
1518 4833
1524 55350
1541 46245
1545 46336
1551 12270
1552 4529
1591 47773
1594 29050
1600 9791
1609 59328
1627 21482
1645 49174
1652 29003
1656 62566
1662 40374
1729 47620
1745 20251
1748 40334
1749 24491
1752 7543
1790 3521
1797 40068
1800 1486
1801 15475
1811 43275
1814 20106
1817 37983
1820 35754
1829 57904
1831 55469
1855 62111
1857 57860
1902 45626
1906 10086
1908 19575
1910 24305
1913 43683
1914 18586
1929 56328
1959 4512
1976 27157
1985 31696
2002 27502
2018 64871
2046 13689
2053 28461
2061 19909
2070 59743
2072 58942
2073 64179
2079 5895
2080 33907
2082 35001
2083 35761
2091 41862
2124 51493
2127 48560
2133 48327
2139 52238
2147 9672
2154 60699
2170 43046
2173 41885
2177 50212
2185 4275
2208 60146
2210 25438
2221 38739
2255 16988
2268 63329
2293 16384
2327 32539
2339 8037
2348 38716
2351 35136
2371 36212
2391 65270
2399 63820
2432 56323
2441 42955
2443 47146
2450 29957
2452 45067
2464 44105
2470 39454
2472 17054
2490 65198
2508 16213
2568 53391
2585 30143
2586 14687
2603 13531
2648 40792
2651 38849
2653 63279
2659 30896
2661 57276
2669 10424
2678 49585
2681 4067
2686 47310
2689 50653
2699 43539
2709 13813
2726 52301
2738 34072
2739 10578
2751 64182
2765 25702
2768 41367
2773 29922
2780 26226
2794 25030
2811 61799
2817 30804
2826 38354
2832 3077
2836 60985
2840 91
2850 31113
2862 4230
2866 23214
2883 53343
2890 24657
2910 37526
2950 26691
2953 56276
2956 11297
2959 27835
2978 31342
2979 59486
2982 57375
2985 50438
2999 29623
3008 2816
3010 23350
3012 9267
3020 27735
3027 14688
3031 53943
3032 25878
3033 28724
3035 42002
3037 57835
3053 48334
3056 34810
3062 17283
3074 30463
3093 8150
3097 45880
3106 11859
3117 47405
3122 42381
3128 11901
3138 53404
3149 26568
3156 2657
3160 37139
3163 37870
3165 29310
3172 11942
3177 11123
3180 1124
3183 59053
3188 50173
3191 5308
3203 44144
3207 53778
3216 65524
3227 34869
3239 39863
3266 27587
3283 52246
3285 63317
3317 57452
3339 20034
3351 62771
3362 14668
3363 27606
3367 29400
3379 35317
3394 22838
3405 51386
3425 41411
3464 58553
3473 45669
3474 12264
3482 13175
3487 28968
3489 8599
3491 48215
3505 7626
3508 4456
3510 7516
3521 46018
3529 13557
3533 3090
3541 31720
3542 48141
3548 9717
3549 54158
3566 48734
3590 25925
3592 47999
3608 59923
3620 22662
3626 25300
3635 1358
3636 47261
3642 10000
3657 19607
3661 4333
3675 60999
3676 45113
3688 11324
3719 31654
3728 2120
3752 20103
3759 24921
3763 30750
3781 62116
3782 30455
3784 53742
3788 51765
3803 17992
3807 38500
3817 61662
3825 50284
3826 33293
3839 5602
3843 14421
3856 64323
3858 17540
3859 32188
3864 30021
3867 7359
3889 21730
3893 41693
3894 6293
3919 9684
3928 55630
3942 17003
3970 34848
3973 59750
3979 54939
3982 59646
3994 4238
3997 679
4001 41923
4016 32294
4017 46549
4035 57052
4036 1859
4050 11190
4063 27778
4070 21231
4078 24190
4093 552
4112 47966
4113 28990
4124 45740
4159 16481
4164 15665
4175 33733
4182 1086
4187 21466
4188 12613
4197 28962
4207 49446
4217 20951
4223 2110
4225 52189
4229 14617
4240 16754
4243 22921
4265 34849
4268 14653
4293 12260
4302 44493
4315 54883
4330 31569
4369 21693
4372 58535
4378 12423
4390 42049
4401 57956
4433 62034
4446 30628
4447 11735
4448 5516
4460 20058
4465 27341
4471 60273
4475 27462
4476 13474
4477 52677
4501 4498
4502 9328
4504 47324
4510 36850
4512 41189
4520 34315
4524 22722
4529 63507
4551 44607
4589 60643
4596 61797
4609 18080
4612 39102
4617 6786
4628 39176
4634 64531
4639 16195
4640 749
4649 56750
4653 56847
4669 38334
4671 2975
4674 39317
4675 44462
4677 38747
4682 2889
4685 65394
4697 61113
4698 17729
4699 15256
4708 47552
4715 36812
4719 37900
4729 11169
4754 52045
4769 38387
4782 50616
4784 52093
4788 17838
4793 52315
4798 38784
4814 3207
4824 48641
4846 18050
4854 47776
4862 63218
4863 53661
4898 64652
4904 18477
4909 8553
4920 26721
4933 48357
4935 56617
4941 11941
4951 49710
4954 1409
5000 42797
5017 38456
5019 53085
5029 32117
5039 28409
5052 61686
5072 42742
5079 53323
5092 20891
5093 52996
5100 47830
5105 36684
5113 1535
5128 55073
5140 11881
5143 42363
5163 62268
5187 50124
5195 10589
5200 1617
5206 63396
5212 28868
5225 58688
5234 27445
5263 60991
5272 60434
5283 15647
5285 6656
5288 8823
5289 21071
5300 38075
5305 3240
5310 31951
5313 1944
5319 33730
5328 15399
5338 4236
5379 35803
5384 5992
5388 13192
5394 8148
5395 19309
5401 35915
5402 55267
5412 34347
5414 16575
5427 31855
5429 1700
5435 45942
5436 51863
5444 30550
5446 61356
5448 51127
5466 13580
5469 63627
5491 7841
5505 45927
5511 44212
5517 10742
5522 32479
5525 41060
5526 61625
5531 14101
5537 12751
5540 53453
5557 29599
5563 59074
5574 32208
5585 22444
5586 13318
5589 46450
5599 27054
5605 29643
5607 30400
5611 16994
5620 19992
5634 23890
5638 44298
5640 60344
5650 38362
5663 532
5664 4996
5682 63962
5683 14926
5685 9933
5700 32854
5719 40443
5721 65175
5730 34970
5742 28994
5750 64909
5762 56360
5764 51500
5772 15114
5775 42476
5782 30999
5788 8285
5799 23867
5818 44462
5824 12089
5845 60193
5868 49000
5869 19088
5893 42398
5897 10794
5899 16138
5913 10449
5921 53088
5927 1251
5928 57412
5932 47953
5958 13238
5973 26565
5979 44289
5985 7596
5994 29717
6005 39458
6006 12323
6049 46701
6055 24875
6067 4255
6105 55991
6113 49544
6122 33265
6126 15304
6135 60747
6137 58328
6139 6138
6147 43736
6151 36578
6162 34200
6163 49620
6167 1185
6169 41468
6181 34606
6185 19827
6198 11075
6224 9131
6230 42645
6233 37450
6252 3472
6260 50561
6276 62216
6342 33067
6358 21893
6359 59212
6385 37493
6393 61859
6399 32189
6403 54984
6416 14902
6447 41105
6448 59255
6454 25663
6461 63262
6478 18542
6502 45167
6503 9137
6506 2473
6531 49445
6546 65296
6547 59506
6553 31378
6572 47228
6588 57235
6593 34044
6596 39422
6607 31256
6630 28090
6635 22886
6640 13485
6660 13447
6665 48231
6680 54546
6685 7702
6690 25590
6701 12629
6729 53912
6744 44905
6757 23540
6758 37376
6766 26493
6791 24815
6794 43443
6797 49430
6800 25402
6803 7050
6814 15371
6819 48842
6826 10092
6835 33762
6840 45913
6843 4778
6847 4767
6861 40192
6864 35969
6890 38870
6899 18576
6901 35771
6936 33521
6947 47203
6974 59622
6994 13964
7005 973
7009 28411
7010 36879
7036 60204
7037 6293
7053 4463
7054 44305
7066 40617
7070 55678
7073 45366
7088 55955
7097 60167
7127 62788
7134 6775
7154 38362
7168 63311
7171 14460
7180 10317
7181 1090
7187 58969
7196 57623
7201 43200
7208 44598
7216 7803
7217 51251
7262 34235
7276 46475
7278 4556
7283 52090
7291 63453
7297 50206
7300 50480
7302 64581
7321 6436
7326 47402
7333 28624
7337 22782
7339 44400
7350 64458
7351 56661
7361 15967
7366 24432
7384 58493
7386 57041
7393 24462
7408 44490
7410 6268
7448 34496
7452 2844
7457 34036
7458 40578
7459 13782
7471 18744
7499 26468
7503 120
7511 23700
7526 38389
7533 9747
7535 35049
7544 33243
7549 45437
7553 6756
7559 43000
7563 19848
7583 22067
7594 41833
7599 63437
7614 49999
7616 16348
7619 56580
7633 54704
7639 31082
7663 57992
7686 11795
7691 57097
7700 31382
7702 15687
7722 7966
7742 4061
7752 26085
7757 28621
7764 54697
7788 6936
7802 2932
7811 34127
7814 56442
7826 12669
7851 26693
7878 44735
7880 55499
7886 17734
7894 13930
7927 26735
7943 64881
7978 16212
8003 46449
8015 57070
8016 728
8034 8558
8040 26542
8046 5632
8060 25906
8079 63686
8088 10328
8094 33418
8101 56324
8118 29307
8125 61343
8133 2078
8135 56791
8137 56626
8158 64822
8168 21523
8182 20469
8188 57770
8195 9027
8208 28558
8209 31724
8216 46073
8218 46598
8223 14550
8230 4996
8239 1168
8261 30060
8264 27907
8272 63474
8322 34792
8340 54247
8366 62722
8381 51603
8389 23950
8394 12204
8397 40827
8403 65161
8405 30024
8426 30328
8433 41881
8440 6947
8460 19751
8478 12342
8486 37690
8502 6155
8509 31629
8524 52744
8530 23627
8534 14025
8536 24293
8538 9740
8556 32269
8570 44208
8571 32321
8576 12012
8578 9151
8594 42700
8622 32642
8624 16266
8626 1667
8664 53108
8683 64289
8690 56564
8708 50541
8725 47645
8736 47615
8737 25056
8746 59071
8749 5229
8753 31288
8766 41386
8767 46362
8769 63616
8770 38754
8801 52032
8804 60608
8811 53300
8819 46363
8825 11630
8826 39021
8834 7828
8849 30429
8859 29476
8862 22748
8863 22798
8865 21594
8883 42479
8888 33131
8890 22520
8893 7868
8895 12480
8908 12545
8917 17768
8923 42349
8939 12873
8940 20772
8963 35793
8970 59344
8978 37594
8979 63813
8980 29613
8983 61447
8998 51398
9000 62990
9004 15216
9009 11177
9014 11681
9017 45066
9021 61130
9034 54181
9052 2190
9080 11365
9087 37872
9099 21498
9100 37561
9107 59167
9117 53931
9119 39313
9123 65443
9125 40947
9138 26088
9149 56762
9152 17200
9153 50796
9169 36919
9187 43012
9199 57345
9200 60005
9205 48622
9216 12825
9225 41740
9227 34808
9240 63254
9243 59958
9254 46688
9264 3303
9284 21848
9287 59275
9290 487
9292 52802
9299 53194
9301 14944
9316 7245
9331 46457
9337 14368
9341 26361
9342 37592
9357 16313
9369 10624
9372 29112
9387 33621
9393 58079
9398 4339
9418 3251
9424 12029
9434 57497
9440 47178
9456 3212
9457 38106
9458 63078
9460 41403
9465 12709
9471 35551
9478 40605
9482 64139
9483 63115
9496 40427
9497 28017
9503 18796
9519 46389
9527 33630
9533 23634
9546 36282
9556 24742
9569 37139
9576 44341
9584 58969
9587 12706
9589 12375
9609 33606
9625 16490
9649 17930
9660 46061
9678 57022
9689 13871
9693 42025
9695 5773
9701 51588
9707 34426
9711 54403
9714 22873
9720 59781
9731 48152
9733 31324
9745 14090
9758 30300
9771 40804
9773 63395
9785 28438
9790 13138
9799 10304
9804 50747
9814 48357
9815 8055
9822 58734
9825 41136
9827 34646
9830 13216
9833 65385
9841 47024
9849 34207
9856 3281
9861 61679
9872 60501
9880 24413
9885 26299
9892 36056
9897 16083
9904 14547
9906 40656
9907 34590
9908 6646
9945 46722
9953 62898
9976 373
10007 10668
10010 23575
10014 44570
10020 54297
10025 39795
10028 61499
10029 39406
10038 34510
10042 59731
10045 24739
10047 46080
10058 62275
10069 38914
10082 47029
10088 5028
10103 63619
10106 32839
10111 52939
10116 10124
10118 42525
10132 19712
10142 8689
10176 18126
10177 47772
10178 26189
10182 48406
10183 40940
10184 39944
10185 45450
10196 14842
10216 64188
10217 4473
10218 8183
10268 39058
10270 17591
10274 61399
10282 11889
10317 15807
10322 45079
10332 50591
10340 45233
10341 13777
10375 15349
10382 34121
10387 18220
10396 40654
10415 15683
10417 21339
10428 36140
10451 33430
10458 16489
10478 32674
10488 8260
10499 27128
10501 63524
10507 53092
10514 23139
10517 48705
10540 16089
10551 48251
10565 15344
10571 33346
10581 21361
10593 27464
10625 11282
10638 7333
10652 3838
10662 41999
10664 47030
10666 7640
10670 7349
10671 57238
10677 12730
10683 42574
10698 63835
10699 16400
10718 40969
10738 49167
10750 20333
10756 60533
10765 40300
10775 7080
10782 37554
10810 49598
10811 11919
10817 20746
10839 12709
10841 49532
10854 13807
10866 10060
10872 6284
10875 31607
10888 5952
10891 56723
10895 31236
10899 55286
10904 50534
10917 2848
10922 24461
10929 27127
10933 18316
10961 38747
10968 30936
10970 53607
10989 16904
10995 2703
10999 61507
11009 36548
11016 27841
11023 14348
11036 8193
11055 23712
11058 55939
11061 30123
11066 4444
11071 16390
11072 64119
11082 7841
11115 41407
11116 41735
11120 53618
11123 56646
11126 10462
11143 2902
11147 62921
11152 45739
11162 46014
11165 30221
11195 50126
11212 58198
11215 43027
11216 23634
11238 23608
11240 43831
11246 6885
11248 57083
11255 33399
11256 15931
11277 32342
11280 33126
11286 26473
11287 44974
11289 2944
11294 26362
11299 17537
11304 29508
11305 38554
11313 23933
11323 50976
11324 57777
11332 40888
11345 55197
11347 28862
11351 13235
11380 48270
11386 25463
11399 44480
11404 56077
11419 63907
11430 7541
11449 45316
11450 21334
11454 10485
11460 11791
11495 158
11513 29139
11517 36823
11519 62230
11522 37849
11523 56803
11528 12100
11535 22548
11536 24620
11543 59198
11563 13027
11567 2171
11568 57219
11572 20954
11576 55904
11577 57195
11587 997
11602 11780
11622 17829
11642 29168
11643 14190
11671 7570
11683 47936
11688 50952
11700 39523
11726 14326
11731 52839
11737 14056
11746 21990
11747 2276
11751 53666
11757 2231
11784 44846
11792 35838
11799 25313
11804 50828
11805 52803
11819 49105
11821 25897
11826 49063
11827 53258
11833 56131
11859 23690
11865 55202
11882 37103
11892 35240
11893 20265
11900 59063
11911 55473
11937 48537
11944 37995
11946 11502
11957 21631
11959 26400
11975 32275
11982 27039
11985 26271
11989 22720
12002 57006
12004 43962
12014 1410
12031 26841
12040 38845
12054 640
12060 30277
12061 10019
12094 22141
12096 24552
12100 38524
12116 11831
12126 32765
12133 43278
12136 7432
12144 19375
12148 48276
12149 4416
12154 2102
12162 62296
12169 9895
12172 2581
12195 59945
12198 49226
12200 16794
12208 27416
12213 59761
12221 34372
12230 54500
12234 12704
12239 34017
12242 46806
12283 34099
12330 30883
12331 13464
12344 21468
12355 63829
12365 25946
12368 26137
12370 9230
12384 22120
12385 62649
12397 52276
12408 47998
12414 65488
12423 27371
12425 59286
12437 53725
12438 37059
12451 52460
12473 33144
12480 16700
12486 26886
12489 52229
12494 16088
12527 50673
12528 20526
12534 17840
12545 13410
12563 42775
12564 8632
12567 31692
12578 45244
12583 51870
12592 11362
12608 62202
12609 32595
12613 25286
12616 52759
12627 1737
12644 13503
12657 19135
12669 4036
12681 5237
12687 60773
12703 13780
12706 14126
12711 46106
12727 44076
12730 6246
12735 18537
12739 63736
12766 51855
12785 57946
12790 21306
12802 435
12805 38004
12807 16236
12817 31712
12820 24649
12836 40163
12852 63090
12864 62594
12896 44067
12912 8938
12917 31194
12918 53569
12936 55119
12955 10025
12969 4796
12973 58843
12981 53128
12985 3090
12987 21075
13024 19888
13040 65191
13049 44431
13054 43329
13065 33316
13077 21184
13081 14476
13088 20531
13093 13549
13099 42729
13129 34629
13134 27926
13136 25639
13172 31443
13180 19060
13182 2165
13189 31834
13198 5208
13199 25677
13203 49563
13205 61662
13213 62166
13221 31560
13227 61028
13230 46530
13253 14392
13281 13501
13282 37887
13302 42472
13305 64187
13311 17394
13328 2295
13341 44363
13363 46542
13372 60002
13389 5312
13401 46975
13403 35768
13419 5254
13421 20265
13445 61688
13471 33515
13482 53610
13491 17879
13504 51536
13507 4827
13511 9052
13512 61176
13514 16185
13529 36460
13532 3077
13546 64388
13553 14521
13571 7586
13582 31446
13586 18449
13607 1917
13627 47302
13635 23703
13665 20637
13666 22762
13671 18503
13674 65362
13676 19470
13705 37580
13717 4981
13721 47081
13722 46384
13725 21318
13729 345
13737 18669
13747 30964
13753 38984
13762 37559
13772 54289
13777 11885
13792 28176
13829 4340
13832 830
13849 53831
13850 59782
13851 36822
13853 52196
13877 53580
13891 42249
13898 23296
13899 16684
13902 36478
13909 35339
13954 28087
13959 57076
13990 47134
14008 27529
14012 55166
14013 50542
14049 53235
14066 32554
14072 56647
14104 46229
14107 33119
14114 4788
14115 61979
14119 60035
14127 44175
14177 30293
14214 32254
14220 37869
14246 26700
14273 47914
14274 36470
14282 6714
14286 59476
14290 2603
14291 32577
14299 8978
14301 20641
14318 64234
14331 19368
14344 63260
14350 57638
14352 27388
14358 3832
14369 32069
14387 13099
14406 2181
14414 58121
14415 15551
14422 12943
14460 3350
14462 30984
14465 21930
14478 14744
14492 24464
14511 6691
14514 47914
14518 57193
14519 12223
14529 53231
14531 30697
14534 40162
14537 13921
14560 17301
14576 8564
14581 4575
14594 54115
14599 15363
14600 40155
14613 10622
14620 15683
14646 37046
14653 15820
14658 38431
14659 7727
14664 64526
14679 22142
14680 1249
14681 56229
14685 25480
14688 62086
14691 20638
14697 44826
14720 35566
14729 19921
14738 1137
14745 44021
14763 33689
14765 32837
14780 17329
14787 59903
14788 64088
14794 49653
14797 5325
14801 2840
14816 19485
14819 48821
14826 23758
14832 54945
14855 32894
14876 28893
14885 56969
14886 49006
14895 38332
14922 37924
14935 41479
14944 62590
14957 37488
14981 44704
14995 40467
15015 37707
15048 2374
15056 24305
15062 45742
15066 36526
15073 52425
15074 40348
15085 49682
15089 4309
15101 24165
15106 8676
15113 16352
15118 25453
15120 42694
15123 36928
15126 21967
15127 59638
15130 58264
15178 63205
15185 64505
15194 57899
15199 34170
15201 65170
15207 36320
15209 38142
15225 914
15244 33225
15246 57143
15248 10177
15257 58722
15285 9845
15301 11815
15303 39329
15307 62275
15309 3733
15314 16040
15315 11196
15317 14877
15319 58736
15326 19886
15333 4187
15334 46368
15342 32541
15350 42135
15363 14281
15371 41428
15383 16026
15385 29501
15396 18607
15403 41618
15418 12529
15427 31499
15431 5823
15439 50205
15440 54389
15441 38683
15445 64224
15460 39561
15472 44621
15479 14051
15482 37595
15497 54397
15503 58032
15509 55907
15510 55539
15522 7202
15525 18731
15532 44560
15534 62453
15540 33304
15556 49182
15558 11171
15559 19660
15577 50718
15584 30084
15596 10226
15597 5687
15598 35659
15599 23964
15616 16389
15619 39553
15640 740
15665 56963
15671 60486
15696 6448
15711 64686
15714 43934
15726 29323
15732 58665
15736 22649
15740 33484
15743 39446
15748 63974
15750 15609
15775 2577
15776 32893
15787 25119
15801 10227
15802 28813
15807 8144
15808 55238
15812 55173
15822 30515
15824 24278
15828 37556
15833 36240
15870 31691
15884 42820
15892 31740
15902 59886
15909 12659
15927 16239
15932 49952
15937 46534
15948 2648
15957 15247
15961 14637
15971 6025
15997 38776
16019 13669
16021 37782
16022 8004
16029 47992
16031 41458
16034 27873
16038 62812
16046 30978
16069 63995
16071 50739
16075 26376
16085 31329
16087 49007
16088 64199
16092 51609
16102 11704
16108 14133
16115 19768
16136 35859
16141 43359
16152 45757
16159 2468
16200 34855
16213 42886
16231 55358
16237 27873
16241 36607
16247 19822
16253 16030
16256 11140
16260 48600
16263 19664
16284 28453
16298 34308
16310 51849
16311 62987
16316 60345
16339 52106
16343 24102
16362 12467
16372 11739
16375 41745
16406 33026
16414 39066
16417 49117
16424 22621
16438 42857
16440 49801
16441 47298
16442 5552
16445 14474
16447 39093
16450 14343
16451 63122
16454 30759
16460 3286
16477 18027
16479 29659
16480 16615
16521 42502
16526 7863
16531 44384
16541 9282
16547 27256
16572 46670
16576 52321
16580 14357
16581 34930
16617 11792
16618 18363
16621 34383
16622 1557
16637 20666
16652 9220
16653 46487
16660 52315
16668 16412
16672 55935
16687 36232
16695 15746
16699 6540
16704 47969
16711 48782
16713 62523
16715 30272
16729 15294
16751 36993
16752 48056
16756 17789
16760 35494
16761 36130
16770 51607
16774 42347
16783 12384
16788 40053
16797 15692
16810 27869
16820 58911
16821 41978
16828 59465
16830 38751
16847 54667
16854 41238
16885 22398
16889 14254
16937 12541
16947 15631
16978 32351
16995 31609
16997 11670
16999 30160
17001 22788
17008 51895
17026 36687
17038 40938
17043 3699
17046 7229
17057 46680
17060 34617
17097 108
17150 54703
17180 2159
17189 8583
17201 65408
17260 18560
17263 5690
17264 49332
17265 38843
17272 49064
17274 53791
17278 39507
17280 22257
17281 42988
17283 4926
17289 4895
17298 33613
17299 56755
17317 46528
17319 60832
17329 16452
17334 63172
17339 29610
17342 28488
17355 64139
17366 28649
17379 44761
17393 44105
17396 15202
17409 46719
17429 11049
17461 27575
17463 54807
17485 42388
17488 57709
17493 31525
17502 35541
17533 15767
17541 11378
17567 54162
17574 504
17579 63273
17591 32251
17612 39317
17617 11519
17619 2810
17632 43798
17637 33910
17644 41997
17654 20477
17660 63361
17675 3135
17678 7051
17679 15087
17680 58913
17688 29798
17713 207
17714 63512
17726 9730
17728 38387
17742 46002
17759 6901
17770 45145
17782 1243
17785 50753
17792 10187
17794 18101
17795 60085
17805 30847
17806 20190
17818 32481
17844 63373
17851 60343
17855 29961
17857 19629
17887 56845
17890 32463
17901 8077
17904 9880
17909 40546
17914 57221
17918 38976
17930 63073
17932 5343
17949 30638
17956 40671
17977 38236
17978 8541
17989 24231
17992 45016
18013 12545
18019 46335
18023 47128
18033 2310
18035 57892
18037 2475
18050 6545
18059 52358
18064 7093
18067 44929
18068 65326
18074 16037
18083 19046
18089 44464
18111 23524
18119 59713
18124 16499
18131 26301
18135 38859
18137 52129
18142 63617
18150 1778
18154 13893
18189 13341
18192 16519
18201 21979
18202 23863
18203 54394
18207 2684
18216 34527
18231 26078
18232 61755
18239 3341
18241 33855
18260 8224
18277 35063
18287 43537
18289 45719
18308 62792
18330 25279
18345 15990
18352 8635
18355 51946
18358 50700
18378 49118
18381 56666
18412 14966
18422 514
18440 5328
18442 25901
18447 17306
18452 48258
18459 20535
18460 52944
18486 8187
18503 63878
18510 40361
18523 48767
18526 5641
18538 43593
18539 8808
18541 58468
18558 6815
18593 12818
18608 43068
18619 41357
18638 22039
18648 61986
18654 387
18666 56959
18676 11399
18677 7899
18678 6453
18683 35831
18687 11857
18688 34145
18690 38192
18699 196
18721 20067
18722 58243
18724 21463
18725 50412
18732 23660
18736 2326
18766 8903
18767 51234
18777 8968
18785 47809
18788 48129
18835 24580
18843 50445
18846 6420
18873 7367
18881 35180
18893 30883
18896 53998
18898 23175
18903 33433
18909 1903
18913 37762
18914 719
18939 12385
18951 29874
18954 28890
18966 16834
18971 34041
18982 43574
18983 31148
18994 41239
19004 11203
19012 22858
19016 27127
19020 47062
19044 22472
19051 34241
19055 39032
19061 45895
19071 22874
19080 52136
19111 59435
19112 38074
19123 30329
19125 27270
19127 6844
19129 27618
19133 65535
19136 51425
19158 53488
19189 63020
19203 31224
19216 4722
19218 34955
19237 49208
19241 5648
19242 5853
19249 7892
19276 8897
19282 9705
19286 33961
19297 45973
19302 40456
19304 48897
19305 48707
19314 1329
19315 60148
19322 47830
19325 55161
19328 12013
19343 62692
19359 16973
19370 24970
19377 24070
19380 37599
19399 20377
19403 50729
19416 35167
19418 51033
19430 34690
19431 46263
19442 11790
19446 34419
19451 45602
19468 56216
19474 39655
19476 61106
19479 36195
19489 35622
19490 4606
19506 17957
19524 44806
19531 5948
19553 26866
19556 32563
19564 31970
19569 18761
19580 15958
19586 7810
19591 62644
19594 28062
19597 10802
19598 21837
19599 45302
19603 51001
19604 29193
19608 22338
19614 53728
19650 59170
19662 24079
19667 60161
19671 16253
19684 3769
19692 65473
19695 31496
19699 27907
19701 20311
19703 9395
19717 11778
19732 36640
19743 20095
19745 10825
19747 25852
19748 14899
19753 47509
19757 53819
19775 19417
19784 17772
19788 24095
19800 12587
19814 24265
19843 25312
19847 43567
19850 23398
19856 26798
19861 28690
19868 26886
19878 47073
19879 6940
19884 58286
19899 18943
19903 20990
19913 4251
19918 62170
19937 13877
19941 10191
19948 16762
19969 54077
19975 53032
19999 36469
20015 52911
20023 4448
20032 10929
20035 37294
20038 24768
20044 14822
20060 43067
20067 51247
20086 40231
20089 30593
20099 53888
20103 57269
20113 8536
20125 54733
20127 37020
20130 21691
20135 7708
20149 1181
20154 956
20161 23627
20173 39192
20182 62252
20183 58707
20184 49275
20190 3940
20195 49808
20229 18786
20254 21694
20257 64574
20260 26006
20277 11897
20300 2714
20321 37492
20338 33589
20340 46574
20341 1833
20343 10549
20358 62343
20361 25983
20363 34036
20371 53042
20383 4858
20434 31003
20442 60159
20451 34739
20474 40495
20491 64022
20525 53645
20526 56901
20531 14755
20540 12081
20557 53057
20560 37007
20568 38154
20596 50882
20607 41658
20608 30895
20614 52519
20624 61877
20627 22708
20637 52999
20639 35336
20648 42566
20650 9081
20655 22106
20661 40764
20677 16681
20705 25221
20712 45636
20726 1853
20731 16634
20734 21661
20737 10151
20758 56017
20769 12773
20771 29313
20790 52131
20791 33794
20821 49907
20825 832
20835 16885
20849 58239
20850 14712
20867 19176
20872 63997
20888 14391
20897 53393
20936 5163
20953 26167
20958 41500
20964 61898
20989 23032
20990 59019
21000 65191
21021 14862
21036 12819
21041 56999
21059 55097
21078 39765
21102 50923
21106 28082
21112 60002
21119 27390
21134 27293
21147 2703
21163 47296
21197 21172
21209 54906
21235 1597
21236 22516
21243 21635
21257 33481
21258 63726
21267 11664
21270 26112
21281 60215
21286 45106
21318 55178
21321 17476
21338 8528
21354 15747
21376 27955
21386 7216
21404 4780
21419 1687
21427 8960
21437 15850
21441 52410
21445 15726
21453 2433
21458 26024
21459 57716
21460 14805
21464 48883
21472 9
21478 50082
21488 47617
21503 40380
21504 472
21507 2683
21524 42007
21542 23130
21547 60247
21551 43734
21568 31445
21590 33943
21596 4592
21605 33163
21610 39755
21613 39835
21614 48950
21616 7189
21620 6451
21631 63653
21639 19774
21641 4115
21651 31812
21658 42583
21667 21114
21676 65197
21677 24475
21681 40309
21682 56675
21683 32099
21693 20093
21695 15970
21711 2279
21714 38747
21724 17468
21727 18450
21734 27032
21742 37210
21743 34935
21768 18454
21770 53552
21780 14992
21793 27023
21803 63875
21810 56549
21817 57073
21820 53103
21831 26068
21832 41778
21842 5468
21843 38993
21849 50749
21857 29950
21871 19082
21875 36864
21880 62053
21893 49907
21901 49702
21906 7270
21918 27354
21930 46087
21937 24753
21945 16441
21946 4163
21948 52085
21952 5196
21961 64307
21987 42267
21988 17828
22002 14412
22008 64567
22009 18894
22039 60697
22042 47975
22078 57613
22084 21418
22106 24927
22107 13083
22150 42343
22161 33047
22165 29312
22191 9564
22209 44330
22214 33809
22241 7666
22245 29674
22255 10207
22259 53676
22261 10696
22263 1553
22269 21574
22271 23758
22277 18221
22291 46791
22292 37533
22297 30795
22306 12232
22309 23005
22310 35442
22323 64230
22326 45634
22332 29003
22338 30227
22345 18760
22356 9227
22357 22330
22362 30911
22379 30140
22382 53145
22383 58697
22404 27054
22414 917
22431 13390
22437 55212
22439 17991
22446 6785
22486 31582
22495 12973
22497 50191
22520 28415
22541 50729
22553 51239
22559 11198
22565 3405
22576 43341
22586 2009
22605 22917
22617 29853
22627 44769
22630 30406
22632 34050
22641 30269
22690 28544
22721 15283
22789 26265
22792 40998
22816 19719
22828 27316
22837 26691
22840 23026
22850 65023
22861 35971
22884 5615
22889 11261
22900 4282
22931 8422
22933 23281
22972 38502
23004 51570
23016 26417
23024 63159
23030 12666
23032 15829
23033 49401
23048 48994
23066 2600
23072 63820
23076 9137
23087 30546
23108 13410
23109 43677
23139 45580
23141 31474
23143 17506
23153 32734
23157 47001
23172 6736
23191 55355
23240 65127
23241 63153
23255 35328
23257 29143
23259 45995
23263 51410
23273 20818
23297 21495
23298 51857
23310 57558
23325 8381
23338 179
23342 23773
23346 15322
23350 15058
23352 60899
23362 43330
23370 48588
23392 18302
23415 45924
23428 13634
23441 40724
23447 10934
23460 26678
23466 6455
23476 60293
23496 21302
23498 283
23509 24815
23518 12763
23519 42963
23521 837
23525 22825
23527 38067
23546 28841
23565 58485
23592 23312
23607 64683
23610 38291
23619 44653
23627 40279
23637 19755
23650 35228
23657 60288
23675 47808
23690 54206
23691 29348
23697 32366
23722 11083
23724 38942
23740 12389
23789 8482
23796 33689
23819 8778
23821 30927
23850 62066
23879 11877
23907 18812
23912 27905
23926 34269
23938 25842
23948 37305
23950 62796
23967 12713
23982 52196
23989 36228
23998 8580
24004 13921
24008 13618
24027 20385
24034 15392
24043 32086
24049 54638
24062 1756
24071 51517
24077 46754
24081 65455
24086 17834
24087 49115
24091 62268
24093 33478
24109 33894
24118 54479
24123 33095
24161 59667
24171 19291
24173 4258
24198 979
24207 31626
24209 35284
24217 13164
24221 55492
24227 30563
24229 12995
24230 40853
24248 35319
24250 9257
24254 38827
24265 39470
24273 20089
24305 7139
24308 57734
24315 55317
24317 56939
24319 46086
24336 23657
24341 69
24363 5587
24366 54392
24377 46237
24398 31332
24401 44270
24404 9174
24409 41385
24410 6571
24431 5228
24456 5222
24457 25060
24465 47091
24476 23326
24481 21828
24491 13682
24512 10201
24514 36690
24527 10139
24534 8621
24544 8786
24563 20329
24568 22320
24569 34334
24585 52515
24592 45791
24617 14244
24655 37110
24693 3589
24721 27302
24722 13144
24729 55908
24754 56339
24760 9757
24763 37924
24766 54899
24773 5565
24779 43510
24782 28367
24784 34623
24790 53322
24792 26969
24793 46534
24798 1382
24813 56990
24818 4370
24845 32429
24847 15577
24852 63829
24862 15686
24864 5711
24879 55886
24884 16046
24899 22962
24916 2639
24919 42922
24925 43491
24931 62521
24934 41665
24937 7707
24951 27387
24962 51738
24975 43858
24979 52898
24987 56146
25005 58531
25012 50258
25017 60425
25018 11717
25021 25797
25025 12232
25030 14400
25041 59422
25081 44374
25087 31060
25088 20556
25101 3674
25106 24276
25129 53240
25133 59768
25134 456
25143 44931
25151 49398
25157 6730
25192 5429
25196 61231
25204 1728
25205 46665
25226 38503
25228 9657
25233 17716
25239 31940
25283 23973
25296 47889
25298 7699
25311 44212
25316 55855
25319 37844
25331 32789
25347 12221
25356 13427
25367 2617
25373 26101
25388 44938
25392 12857
25400 39911
25402 52812
25403 48125
25407 15187
25415 24133
25425 37638
25435 44606
25441 27707
25442 33724
25444 55149
25447 24263
25475 26619
25482 26050
25486 37877
25516 61683
25522 62306
25541 15170
25551 21911
25552 43968
25562 19525
25565 53844
25576 7440
25594 14103
25603 34306
25608 3731
25610 47728
25615 42081
25617 21881
25623 34149
25625 32500
25628 64640
25633 51704
25636 51876
25644 28898
25652 36830
25654 51384
25694 40686
25696 45276
25698 14125
25703 571
25704 40347
25707 38143
25743 47602
25751 33159
25772 18339
25789 32210
25791 8244
25795 53083
25820 12282
25824 8184
25835 52636
25854 63949
25859 40493
25876 45666
25895 42320
25909 23732
25915 42379
25921 40917
25927 20290
25931 10617
25950 477
25951 63932
25953 18055
25963 49055
25970 47803
25975 26618
25979 60938
25984 61633
25987 12562
26006 19633
26010 63272
26011 1664
26024 52099
26030 36353
26046 22616
26048 46839
26070 60006
26087 30178
26112 56449
26123 15468
26131 38153
26133 6160
26135 50120
26137 49225
26150 26837
26151 11309
26153 11191
26177 58252
26188 62300
26201 64305
26211 4300
26214 25515
26240 29137
26246 65245
26247 26673
26250 53195
26261 12367
26281 14842
26282 16353
26294 40813
26306 41770
26322 55076
26325 39154
26330 60349
26334 9656
26360 4246
26377 51666
26384 25305
26391 9883
26400 12507
26403 7414
26458 47906
26479 40782
26484 10775
26487 39948
26555 768
26567 28
26572 33511
26577 25005
26590 28142
26599 39250
26630 20959
26640 45482
26648 19947
26657 64246
26662 54155
26672 7204
26676 11270
26685 29644
26720 52790
26721 47137
26734 19676
26769 59365
26773 29448
26793 3112
26799 8789
26801 19724
26804 42771
26805 43019
26814 25264
26815 13827
26825 39961
26832 27892
26841 50189
26843 51295
26847 15770
26848 20782
26863 62030
26865 23348
26872 56054
26889 49109
26897 62787
26898 26467
26899 56205
26908 53558
26914 6181
26924 31006
26925 37842
26926 61088
26931 26303
26957 55970
26958 33369
26963 28559
26964 7801
26978 44807
26985 44516
27002 20410
27007 31163
27028 7509
27030 30783
27035 37163
27047 5075
27048 5350
27080 50961
27085 10242
27089 9062
27093 18492
27106 18163
27112 50163
27132 45776
27135 15082
27150 59076
27161 27658
27167 38622
27169 65318
27171 51000
27237 33539
27259 20394
27269 21869
27270 64659
27274 8390
27280 10632
27286 37035
27302 45975
27305 7585
27309 50351
27314 31263
27334 35791
27352 1093
27357 36756
27365 26365
27369 5301
27390 40626
27419 7128
27421 28054
27429 488
27430 43241
27437 20580
27451 36607
27458 35098
27468 13589
27477 26992
27493 57338
27497 22639
27498 11525
27504 11335
27505 35236
27521 26323
27567 29621
27569 57235
27587 25258
27607 29127
27613 19715
27630 22684
27652 8968
27654 17479
27661 48095
27662 33448
27666 36244
27697 2356
27699 57106
27707 56430
27733 19089
27738 12393
27745 59436
27753 22572
27767 29596
27790 36808
27792 41798
27810 31161
27811 47472
27834 49996
27838 47635
27839 6533
27853 23787
27865 33384
27867 22305
27896 33659
27907 7334
27926 54477
27932 49450
27947 63425
27948 57241
27959 40850
27964 19948
27982 43434
27983 45317
28008 56352
28050 46854
28070 56858
28108 21802
28119 12781
28121 55256
28127 34182
28132 16262
28138 61721
28146 53312
28151 56080
28154 59083
28156 63169
28174 34140
28176 22388
28184 51499
28193 49777
28197 5039
28210 62284
28248 21323
28252 43401
28296 43594
28300 11422
28304 49525
28306 17769
28320 46263
28326 64503
28340 32373
28344 31358
28347 43661
28357 50199
28389 22153
28403 61608
28421 18664
28462 35623
28466 55513
28473 40782
28496 25641
28500 49834
28517 64098
28534 15502
28544 7030
28548 27241
28595 32021
28596 37165
28606 2180
28624 15511
28633 22467
28638 9478
28661 14585
28667 27039
28671 45887
28672 20571
28673 3717
28678 41318
28709 47723
28710 27139
28726 8959
28730 44743
28732 2597
28748 21269
28768 15341
28772 4740
28774 39739
28778 23835
28779 40414
28780 28942
28783 30292
28789 56238
28790 44901
28792 33796
28797 29471
28802 12690
28829 7491
28831 55217
28843 36623
28859 11227
28870 16046
28871 13187
28881 11305
28891 40916
28910 15750
28940 5955
28951 27623
28969 61582
28975 2188
28984 64059
29016 34332
29017 54
29021 28721
29024 48933
29025 53407
29044 53785
29045 47752
29054 52875
29057 39143
29060 61965
29077 20401
29078 23843
29095 20400
29104 39568
29117 31759
29118 13301
29145 55273
29150 5433
29151 19756
29156 50491
29163 64419
29171 58669
29180 58027
29185 11589
29186 29275
29205 57484
29207 59517
29227 60745
29238 14595
29251 58208
29265 60017
29278 882
29305 59715
29318 12518
29319 33126
29324 59836
29330 5571
29340 30667
29349 36524
29359 18308
29408 3397
29430 63036
29431 30310
29438 14258
29465 42695
29469 20857
29476 64582
29488 60084
29492 18062
29495 60843
29507 33088
29513 51396
29533 63810
29539 787
29564 1254
29641 47426
29649 26987
29654 54165
29675 57176
29687 31728
29692 55329
29699 60217
29702 18365
29738 51750
29743 62586
29751 14911
29757 8959
29769 36979
29791 38621
29810 15232
29816 43620
29820 14672
29823 56214
29833 57393
29854 49615
29855 59271
29867 38632
29877 44955
29883 16017
29900 17572
29908 36845
29909 32472
29911 55708
29925 45230
29926 31429
29955 63802
29958 34361
29959 10551
29973 27438
30007 11913
30012 22345
30017 35370
30021 18275
30027 41509
30041 38958
30056 52054
30075 19808
30082 50187
30097 42822
30098 30025
30110 45576
30119 9848
30124 1108
30144 15676
30156 31816
30173 45088
30180 8506
30183 45512
30196 17712
30202 48829
30217 49076
30235 7045
30244 24540
30247 57824
30258 57517
30282 62766
30292 8636
30312 34793
30313 27665
30322 14497
30324 63726
30329 59788
30339 59542
30372 1343
30377 60234
30393 31854
30400 16945
30403 11067
30415 7764
30424 42552
30433 47330
30440 38930
30472 8936
30492 47444
30503 19942
30507 26282
30514 7648
30517 8847
30528 18124
30537 53276
30541 53613
30542 3731
30543 9868
30559 8978
30562 5259
30566 39262
30595 5928
30596 10305
30610 57404
30616 64726
30619 33610
30624 62068
30627 52631
30641 25847
30642 1554
30650 11783
30657 60610
30663 60468
30673 4526
30676 47297
30677 50322
30689 61758
30697 24535
30699 55932
30707 5591
30753 31720
30755 49444
30758 54541
30779 28056
30783 49615
30785 59389
30787 55523
30797 6351
30819 508
30834 40291
30836 57005
30837 63228
30838 54730
30839 18175
30845 28761
30853 31247
30890 47780
30892 14010
30897 54774
30907 54498
30908 17324
30912 27509
30922 1617
30927 22739
30928 29744
30942 6037
30951 20680
30956 33491
30959 5406
30962 15862
30971 62330
30976 34012
30993 16009
31015 37750
31017 4000
31025 8880
31026 65326
31034 6934
31051 34927
31113 40371
31116 20856
31130 17063
31131 15002
31136 6183
31140 36422
31155 22014
31175 40434
31178 36343
31191 14746
31198 58398
31205 13134
31207 61629
31211 12820
31238 10053
31246 63576
31259 39508
31269 9771
31284 4716
31290 33507
31291 38448
31299 62768
31300 10620
31308 41168
31313 18275
31314 24831
31316 32798
31322 26167
31333 7771
31342 39269
31347 60331
31353 59608
31360 5736
31374 59912
31386 52595
31395 40287
31410 57763
31413 6463
31418 56102
31429 55481
31434 33189
31435 27872
31440 35857
31454 5752
31462 36768
31471 2581
31484 61862
31502 61585
31513 48273
31535 11554
31539 27993
31569 47516
31592 28068
31628 55040
31637 34310
31651 40969
31663 38631
31672 19744
31673 17486
31676 55627
31691 28200
31697 14984
31707 23240
31709 29687
31712 61795
31719 49134
31722 42042
31749 44465
31755 55500
31759 5436
31762 35306
31767 53343
31768 55228
31770 55847
31773 34123
31775 8529
31776 7485
31781 13572
31792 10566
31813 13521
31852 52
31862 62620
31870 36104
31884 23891
31897 36696
31899 36028
31903 735
31923 33074
31962 13283
31963 25588
31968 11910
31974 63676
31976 58545
31978 19908
31981 60115
31989 40454
31992 13526
31997 10939
32006 24732
32025 62017
32038 22334
32051 37314
32056 26061
32060 50069
32119 32645
32131 41558
32139 17372
32165 41593
32171 19172
32180 38046
32187 57150
32191 27156
32220 32941
32223 31491
32232 26066
32273 24086
32289 1836
32298 31219
32307 40044
32331 24657
32337 10435
32340 34011
32360 1240
32367 18506
32375 3636
32383 44332
32386 45458
32390 15945
32393 46715
32419 26196
32425 59856
32427 9830
32437 8260
32439 18293
32446 58115
32458 19213
32466 27072
32514 30482
32519 55104
32526 47592
32531 61011
32552 55484
32555 12714
32563 50088
32589 46486
32591 18620
32597 55083
32627 54842
32662 35454
32667 41136
32694 14566
32698 31415
32703 2319
32707 40066
32709 59206
32714 24085
32730 51984
32743 49630
32744 61277
32750 62269
32769 53857
32771 44399
32772 25877
32786 53300
32799 12039
32802 517
32806 6111
32810 40596
32821 20037
32827 58004
32836 14427
32846 46173
32852 18691
32866 9496
32872 27640
32874 43203
32879 8881
32882 51440
32888 54820
32896 16363
32899 17943
32912 35155
32932 35448
32943 61597
32951 64595
32964 59658
32971 42642
32976 16605
32978 48182
32988 2676
33001 27144
33024 2859
33040 65289
33049 59316
33050 30934
33056 44943
33065 5714
33076 11296
33081 55293
33082 55918
33087 63736
33098 46076
33107 44516
33109 27710
33118 48390
33145 34834
33166 10373
33171 3100
33173 46287
33175 14173
33176 18647
33177 25453
33183 31244
33184 38371
33195 1490
33200 50389
33204 23186
33205 19639
33206 62035
33207 43455
33223 18786
33246 25178
33247 22046
33248 19207
33256 63976
33266 46867
33278 15567
33291 29910
33292 51149
33301 27702
33314 3051
33326 54511
33327 36756
33336 8014
33348 29862
33351 64464
33358 10945
33379 54550
33381 4120
33382 37675
33386 36645
33393 38446
33396 21056
33398 14809
33406 58849
33415 3741
33433 62573
33444 7173
33456 2962
33469 6056
33481 41260
33493 16700
33495 50150
33497 6313
33513 56422
33522 57391
33527 3746
33533 50583
33552 4925
33565 21477
33568 55718
33573 65162
33575 24242
33581 23660
33582 51776
33584 18835
33585 39246
33592 22314
33610 15998
33620 60161
33635 18792
33644 17920
33645 56195
33647 48293
33656 12929
33661 43641
33665 33726
33670 37930
33684 59186
33707 56744
33708 9692
33712 33631
33731 42475
33733 1886
33748 25195
33773 30383
33780 5970
33787 41339
33795 32473
33807 59767
33812 42902
33826 45790
33835 51741
33849 8476
33855 16069
33856 8956
33859 54016
33870 10864
33873 63517
33913 17148
33923 52995
33930 56192
33933 56958
33963 26892
33967 15346
33969 45436
33982 21370
33991 56407
33995 29021
34002 38303
34013 31859
34028 11942
34032 57170
34034 25312
34038 50728
34062 13506
34070 48137
34105 37472
34107 3078
34125 13043
34127 19326
34137 24959
34140 29828
34158 59932
34160 34193
34164 15747
34175 21332
34177 36195
34181 38686
34195 39320
34213 27484
34262 39047
34268 20853
34279 243
34280 24014
34289 43334
34290 30944
34296 49523
34321 23855
34326 17747
34328 12381
34341 38517
34363 60564
34366 57601
34398 64707
34413 49356
34430 36505
34438 35835
34441 62432
34469 33387
34483 28770
34484 40281
34495 48019
34496 48794
34498 40239
34499 45174
34532 48625
34542 1100
34547 6236
34552 56868
34553 63557
34561 25553
34562 21596
34566 13455
34575 54688
34596 30391
34605 180
34619 10856
34622 11371
34631 30641
34636 53144
34641 33980
34642 38901
34648 38435
34651 27927
34661 11620
34705 20424
34723 36890
34729 59871
34746 65506
34749 30097
34752 22454
34762 63868
34768 30115
34775 56332
34781 6110
34800 49684
34801 60544
34803 57454
34805 58514
34808 24572
34827 7433
34853 16895
34863 39270
34873 4029
34924 26742
34930 31758
34936 30389
34939 27038
34940 14272
34948 45182
34952 23663
34954 65257
34961 53189
34980 43706
34981 1647
34986 20569
34995 13713
34997 36465
35006 3563
35013 9301
35021 41460
35031 54682
35045 13416
35051 42097
35053 7353
35054 49544
35066 44203
35108 15623
35119 39840
35122 20172
35123 2942
35142 40934
35167 41220
35172 38024
35178 63344
35181 26517
35192 28443
35200 19864
35217 56971
35218 32139
35223 2638
35241 44752
35249 45263
35250 42560
35253 61331
35263 35501
35281 3118
35282 51469
35292 52999
35293 53527
35298 10195
35300 21445
35305 53798
35314 49383
35318 12926
35321 50300
35324 55092
35328 37878
35329 46841
35349 13670
35350 56332
35359 779
35374 43608
35377 49102
35392 58735
35408 11327
35422 11014
35427 5062
35435 62232
35453 8990
35460 1719
35479 13539
35483 28072
35503 510
35510 17177
35511 50051
35514 56468
35524 47101
35553 14819
35562 55844
35575 42532
35582 61039
35584 1105
35589 23713
35593 6278
35606 47643
35608 24832
35620 16200
35627 19570
35644 13274
35693 33339
35730 52042
35748 16183
35756 64654
35800 29617
35813 27462
35831 50845
35843 33693
35867 51594
35869 41942
35879 32791
35899 53907
35907 45727
35945 30935
35966 11614
35972 3291
35978 39473
35997 26046
36006 9231
36010 21579
36025 52325
36054 22154
36065 31167
36082 45540
36103 33007
36113 26553
36119 25352
36124 30086
36128 51471
36139 52709
36147 47223
36148 45081
36154 54554
36160 62750
36165 6207
36170 57668
36188 13321
36195 14309
36198 18701
36199 11
36207 13213
36208 43642
36211 8903
36216 42513
36230 11454
36231 11501
36254 12106
36261 51016
36280 485
36287 21444
36290 31669
36295 25416
36302 31898
36322 11135
36334 47386
36338 64088
36348 22736
36362 41576
36370 6165
36374 27252
36393 30442
36398 56373
36399 23780
36410 43479
36422 36436
36427 16683
36430 57813
36435 11074
36475 59625
36502 38515
36505 9133
36510 44740
36527 9351
36531 22511
36549 51006
36571 27204
36576 10415
36579 61629
36596 14263
36603 47031
36613 8699
36622 32091
36623 56347
36643 11505
36646 59839
36664 42332
36669 57348
36679 53353
36713 23501
36736 44178
36740 3412
36742 12672
36748 20462
36752 41114
36766 17884
36774 46350
36780 32333
36800 20305
36801 15168
36812 18053
36819 3520
36820 64673
36831 13828
36834 22825
36844 24606
36858 36535
36860 62243
36873 45479
36874 7428
36881 22766
36884 20917
36886 22045
36889 48684
36912 51912
36937 9745
36958 9029
36970 26691
36976 56999
36978 48479
36983 55535
36988 52602
37000 31549
37018 25929
37019 48002
37020 19287
37025 43700
37029 35227
37043 28287
37044 30794
37048 16221
37053 31805
37054 49497
37058 62190
37059 26849
37062 53271
37063 22264
37065 12060
37067 13285
37079 1701
37089 48679
37091 52252
37095 31347
37103 3418
37115 20240
37116 24601
37126 40892
37140 42517
37141 12397
37159 59512
37175 5442
37185 10671
37193 57777
37196 40906
37201 13318
37207 51012
37211 39142
37214 15458
37239 8951
37240 57847
37242 37862
37268 55932
37270 3645
37289 10869
37297 60982
37309 29654
37311 43098
37319 5567
37327 29012
37331 22638
37347 18168
37361 34288
37373 21814
37377 60000
37382 65273
37388 24676
37393 45639
37397 21664
37400 9153
37415 16840
37420 12159
37422 42517
37431 37084
37442 47899
37453 41424
37456 11123
37457 53912
37459 62806
37488 39926
37489 53530
37509 48458
37533 46282
37542 60778
37547 47463
37554 37318
37566 45664
37572 38974
37576 15342
37579 3664
37598 6739
37600 2034
37610 49690
37614 3695
37621 60282
37622 30168
37623 61053
37629 54137
37645 43984
37649 19953
37661 63896
37673 3913
37702 49572
37723 13193
37728 53802
37748 60345
37751 22642
37772 12408
37787 60335
37788 64072
37791 39358
37798 48996
37804 12744
37813 20108
37816 24209
37822 62792
37825 34147
37830 59688
37837 24094
37856 43433
37858 57773
37869 36903
37885 4776
37897 54465
37900 35454
37913 5837
37918 61591
37926 58378
37948 53166
37963 6605
37966 41600
37974 62703
37996 23678
38004 55605
38012 48855
38025 42073
38037 56307
38043 6754
38057 52466
38060 19166
38064 17514
38093 20433
38106 45218
38108 8352
38152 64354
38168 28793
38178 37098
38185 27752
38187 32364
38195 6648
38201 4161
38204 20489
38208 45996
38211 52770
38225 3154
38234 46578
38246 39262
38249 48848
38255 828
38260 16091
38263 51018
38311 15101
38313 36473
38328 26966
38333 44899
38335 57298
38341 22563
38343 12446
38344 22111
38375 1046
38389 4393
38398 38093
38412 15546
38413 14060
38437 34312
38464 62516
38477 49988
38496 39213
38500 4837
38506 16679
38508 16189
38509 3817
38513 15316
38540 60442
38545 21091
38551 14947
38553 25170
38567 31572
38586 17091
38600 58087
38608 43921
38672 8696
38677 57140
38680 51786
38692 36810
38713 18273
38717 27702
38718 25147
38727 48753
38737 24039
38739 51968
38743 11299
38754 41729
38776 59440
38796 21321
38797 24083
38822 17256
38831 37304
38836 49198
38845 34671
38849 9668
38851 36678
38860 871
38870 33465
38886 52508
38892 49662
38904 48595
38923 51816
38926 58064
38927 47086
38952 16109
38978 53827
38990 37708
39010 15276
39017 24501
39019 17429
39035 7430
39042 978
39056 31009
39057 65216
39060 18859
39065 3921
39068 35645
39089 49199
39092 9035
39097 16611
39099 42828
39107 55236
39108 54683
39109 34898
39119 63375
39133 46558
39134 15351
39141 38353
39150 23581
39163 61105
39170 31252
39175 47044
39189 8111
39210 8703
39225 32642
39226 30377
39228 60515
39253 59859
39262 43657
39269 59488
39270 19374
39282 56269
39299 28675
39310 45132
39311 43896
39315 55532
39336 53501
39394 6575
39410 36243
39411 62683
39425 5254
39426 30718
39431 4585
39454 13060
39471 16917
39482 21719
39486 64717
39491 59434
39495 28323
39503 56916
39507 34308
39510 52645
39528 46819
39542 19204
39546 26104
39571 12424
39574 21215
39575 28984
39580 31140
39588 17185
39591 7530
39596 17111
39603 33957
39608 38189
39616 24256
39623 25424
39626 10961
39627 16647
39638 63775
39662 39248
39664 2985
39688 26877
39691 5289
39719 48292
39723 29533
39746 50725
39761 6188
39766 25985
39769 18348
39772 42410
39773 43392
39775 35288
39780 8152
39790 13281
39793 18936
39800 51321
39818 64542
39828 50896
39834 17692
39841 65287
39843 28964
39876 50184
39905 58189
39919 9855
39920 46579
39940 55940
39954 47404
39955 62329
39964 35829
39965 28642
39972 52673
39985 45203
39986 27908
39992 11842
39995 52375
40002 63236
40005 55861
40008 49855
40013 41121
40029 57995
40039 60818
40055 44737
40074 22075
40096 26241
40098 32436
40127 64172
40137 53705
40145 5209
40156 33175
40161 16660
40177 41500
40178 29941
40196 14604
40213 31138
40216 37188
40228 52794
40239 55310
40250 53452
40259 18270
40283 51600
40287 18969
40306 40917
40312 39471
40317 54541
40327 35834
40332 25869
40350 56761
40356 12400
40358 7347
40374 17029
40377 56181
40379 35236
40389 33404
40411 39399
40422 17027
40428 42802
40438 13288
40439 39781
40449 50842
40450 18519
40469 8362
40470 24141
40472 23754
40474 25863
40501 54694
40502 29277
40558 3536
40560 28335
40562 7420
40575 59674
40592 33927
40612 37500
40615 38600
40617 22162
40624 13168
40671 30715
40676 46620
40684 51847
40686 7741
40702 28384
40708 23985
40727 43196
40729 46299
40730 47040
40731 23050
40742 20792
40761 14756
40790 33496
40805 29061
40810 15355
40827 11973
40859 41379
40870 8903
40879 39781
40880 42178
40882 20312
40894 45796
40911 13922
40914 27834
40927 15448
40952 37457
40954 12698
40978 22900
40990 62614
41005 28285
41023 53431
41032 25041
41035 23708
41046 21575
41047 47802
41076 4630
41077 31673
41078 43008
41113 29536
41134 12158
41146 61135
41150 42650
41153 44209
41154 16994
41166 21346
41174 22147
41178 23585
41190 62343
41191 14977
41243 20281
41252 49451
41268 46642
41287 339
41304 11192
41317 52906
41322 49157
41327 52623
41339 48988
41340 35268
41361 63250
41363 48343
41401 17753
41408 6659
41440 47143
41472 5736
41475 56877
41477 61340
41491 23093
41494 51592
41508 3012
41515 57026
41529 48299
41530 56437
41555 57544
41569 63063
41576 44579
41578 6180
41583 30827
41584 47118
41590 1599
41593 59281
41608 63253
41609 61614
41611 63262
41612 26532
41613 52949
41652 62039
41653 1838
41666 51421
41668 6417
41680 51265
41688 14616
41698 60790
41722 47727
41763 39480
41776 23257
41786 41119
41787 63605
41792 42476
41803 63915
41810 45995
41811 41542
41812 51211
41827 11077
41835 11384
41838 48349
41842 49163
41856 15758
41867 22501
41868 26146
41875 38085
41882 33602
41891 32565
41893 26049
41896 41447
41905 45090
41916 15688
41917 25886
41920 10300
41921 20134
41922 36483
41946 39178
41965 60619
41968 10941
41980 27176
41986 24114
42001 34322
42003 7166
42007 50598
42009 12710
42012 52427
42023 6518
42029 23204
42034 22548
42044 35328
42048 39527
42052 39390
42054 2367
42065 38862
42074 10150
42089 20656
42108 35707
42146 32745
42155 27060
42163 37894
42168 14369
42170 6487
42179 18268
42184 27926
42187 36695
42202 15111
42224 44563
42235 47641
42237 29573
42247 61216
42263 43167
42266 12292
42274 36396
42280 38124
42282 3868
42291 40873
42303 3754
42306 32129
42325 13425
42330 26716
42341 58803
42347 46004
42349 36795
42354 2635
42364 41226
42365 65477
42390 3648
42410 37993
42437 40154
42443 28435
42452 2748
42460 24190
42476 6064
42480 50879
42488 23277
42493 48189
42525 41473
42531 6445
42533 18183
42536 20985
42570 34829
42578 55367
42610 21257
42612 61044
42618 20478
42652 43095
42669 37049
42721 38168
42724 3021
42729 4277
42738 62119
42740 14593
42759 17803
42763 42205
42792 14322
42800 65026
42801 55387
42804 44442
42805 22144
42813 13971
42814 8617
42822 56222
42827 27961
42840 47868
42848 47712
42851 52206
42852 16075
42854 51377
42855 8758
42861 6674
42873 40179
42874 59138
42878 54679
42891 61225
42923 35653
42933 19759
42937 35261
42941 9121
42945 30641
42948 23639
42952 45304
42953 64542
42971 39460
42974 55580
42975 32249
42980 28540
42981 8640
42984 46325
43044 18283
43049 58506
43060 33793
43065 60059
43066 55643
43069 60588
43090 29493
43099 33584
43110 60553
43124 16488
43130 60411
43153 63146
43175 33599
43182 10815
43187 8460
43191 61939
43194 3808
43195 22178
43207 49471
43221 55411
43222 25887
43225 10425
43243 14769
43274 55284
43292 41404
43294 60200
43301 61428
43305 35902
43322 39830
43326 43405
43338 20650
43342 16695
43345 6392
43349 39489
43370 5851
43397 9105
43406 11640
43410 37696
43414 21696
43416 61770
43422 41949
43442 27895
43445 48132
43451 44993
43469 32288
43480 65424
43488 20238
43490 42616
43492 63955
43497 4388
43501 9078
43519 51944
43530 34193
43535 44034
43540 23092
43546 38377
43605 34990
43610 13527
43616 55352
43618 59010
43624 8368
43634 44564
43643 41792
43648 16301
43649 62309
43652 58095
43657 64315
43660 50123
43685 41545
43688 46637
43691 42993
43757 51790
43768 8502
43779 62271
43786 9847
43797 38032
43799 33445
43807 39349
43812 55796
43822 56622
43837 34704
43854 14440
43855 64823
43856 1532
43879 20875
43892 1095
43895 27818
43898 21987
43899 15991
43907 7761
43912 59616
43915 26458
43919 17531
43927 27342
43930 26203
43931 60019
43943 58599
43974 29840
43976 5672
43981 64414
44009 63607
44023 54141
44039 27039
44041 3649
44053 8731
44086 45067
44106 51800
44129 691
44136 53407
44138 36682
44157 41788
44160 16636
44171 6716
44185 19688
44196 8058
44233 36026
44235 54808
44246 34744
44250 6892
44260 51779
44284 19120
44314 8032
44320 28323
44322 60206
44327 8156
44335 57263
44337 20562
44347 19930
44354 39087
44367 10067
44394 63186
44397 39863
44407 5334
44419 31366
44429 52109
44430 56863
44431 39766
44434 48032
44441 24162
44473 32069
44478 61228
44484 32594
44485 24877
44486 65390
44494 18142
44511 2113
44519 55126
44551 17690
44565 13913
44583 51071
44586 9541
44591 65424
44596 11423
44597 5178
44608 48539
44609 63788
44611 24250
44616 18494
44632 44677
44642 15556
44666 9196
44669 64503
44670 38272
44672 36205
44693 43176
44697 11493
44714 4451
44726 27577
44738 10084
44745 40202
44751 36460
44760 10966
44767 38973
44776 21518
44777 36836
44785 24902
44788 44161
44803 47191
44809 7648
44819 20469
44829 9865
44840 44538
44844 16567
44849 30557
44854 44038
44858 18978
44867 4687
44890 50275
44892 61344
44905 35806
44913 7660
44920 48210
44932 58506
44933 35026
44935 63845
44936 29437
44956 45822
44958 17340
44970 48498
44997 55833
45000 19422
45005 56705
45011 51654
45025 25401
45046 23932
45061 49839
45078 1320
45082 57131
45084 54211
45094 15961
45110 13656
45118 1345
45130 24948
45131 34210
45138 59795
45139 49747
45157 5524
45159 7206
45177 5627
45230 60106
45239 43502
45243 37139
45275 43173
45312 59655
45314 4158
45319 39979
45322 62896
45330 48130
45340 35819
45347 21623
45353 18412
45360 32971
45363 64658
45364 47925
45398 34998
45424 45861
45439 25012
45444 10184
45470 36021
45474 6049
45480 54152
45489 1092
45496 22608
45500 61029
45520 57044
45522 60716
45531 10628
45549 21493
45551 38148
45553 31733
45561 56772
45562 8580
45573 65465
45580 61856
45595 37514
45608 15962
45614 63234
45615 52515
45619 60036
45660 4983
45673 40035
45682 40957
45698 5911
45700 49262
45748 50524
45752 36356
45758 12600
45763 36661
45770 23505
45773 48385
45805 35531
45833 63643
45837 10026
45887 44561
45924 22440
45930 16096
45934 59350
45947 55534
45950 19484
45963 11786
45968 22714
45991 38478
46002 48941
46025 49294
46034 19449
46093 45502
46102 21807
46105 24129
46113 5662
46119 42858
46144 51982
46160 47116
46171 40251
46223 48127
46232 63910
46265 20863
46267 42203
46288 50433
46297 46436
46305 19681
46328 15085
46334 55269
46337 34417
46373 51240
46376 17537
46383 26369
46386 12694
46404 12563
46410 53016
46415 37295
46440 43499
46444 64712
46446 63591
46459 34417
46472 783
46475 63321
46476 36254
46490 4921
46498 48637
46500 57176
46510 39655
46531 60396
46533 30432
46536 56150
46561 27931
46575 25943
46582 28520
46590 37077
46596 29281
46597 34494
46598 19787
46599 9213
46610 52169
46613 36964
46627 61588
46629 48798
46643 58235
46648 1896
46736 4269
46750 15581
46756 28094
46757 15874
46782 14309
46805 20967
46821 20059
46843 25603
46855 48412
46873 52655
46879 55908
46888 32251
46895 35157
46899 37142
46911 62322
46940 32052
46946 37359
46975 9874
46991 33143
47006 49351
47015 29534
47017 56689
47038 28610
47040 11456
47045 28826
47080 9135
47110 36822
47111 10784
47156 41580
47160 61260
47199 15740
47208 23399
47210 13554
47211 20379
47214 8279
47222 1810
47223 10108
47233 23019
47236 22636
47246 26808
47250 64215
47270 9714
47314 4890
47326 39721
47333 30304
47348 35128
47353 57026
47370 11305
47373 18099
47377 37457
47378 19352
47390 44282
47396 64148
47397 37029
47401 22584
47409 3079
47431 63506
47434 23869
47439 3432
47440 42999
47447 53145
47458 6362
47469 53144
47471 34203
47484 9557
47485 33162
47491 11140
47516 7812
47555 33553
47574 9457
47586 4717
47606 5484
47608 6306
47620 14150
47624 49754
47638 17092
47645 49135
47651 50957
47652 37088
47658 32879
47678 55592
47691 56781
47695 63753
47705 19347
47707 20873
47716 25131
47719 4434
47725 54703
47742 24537
47752 52255
47763 63596
47790 63591
47793 61757
47795 47324
47806 8700
47809 783
47812 17097
47814 29059
47819 4770
47829 14007
47834 42479
47838 49638
47846 1020
47851 25929
47859 39250
47873 47648
47911 48760
47917 6583
47945 14127
47951 7678
47961 8388
47963 51414
47964 5182
47968 10233
47977 50300
47980 45740
47993 51845
47995 2236
47996 12779
48021 38752
48031 53690
48054 3001
48062 1779
48067 40822
48079 18235
48091 22863
48097 25057
48102 1043
48106 40018
48107 12768
48110 30541
48112 32321
48119 59317
48142 23108
48143 6956
48168 43527
48172 18152
48180 21063
48244 56198
48290 25979
48291 40094
48314 31699
48318 60213
48326 22465
48327 44580
48332 60994
48333 3009
48339 34617
48340 53995
48344 14499
48348 303
48349 23180
48351 62919
48372 2898
48387 42630
48388 36057
48393 21680
48415 40365
48431 36535
48438 17105
48440 22893
48450 6016
48463 28887
48476 309
48486 14226
48489 21375
48495 28753
48496 29606
48509 23367
48512 22299
48521 47706
48528 53025
48529 63758
48536 59857
48543 32433
48549 62868
48561 16569
48570 15580
48579 3152
48583 11952
48584 47153
48587 33738
48592 14928
48595 20535
48604 30105
48605 12472
48606 17385
48622 37193
48624 21999
48634 23717
48642 23185
48650 23186
48654 55303
48657 37410
48658 6207
48672 54532
48673 60405
48682 49298
48683 11830
48702 29283
48722 6608
48743 31504
48754 9459
48768 61809
48769 42126
48782 43120
48803 35855
48806 59153
48809 17940
48825 50435
48860 14029
48863 23798
48866 38850
48883 44320
48888 1948
48890 42717
48899 53614
48929 3706
48945 53986
48949 15875
48973 5129
48981 21472
49008 19792
49014 13225
49022 42658
49031 42204
49055 34392
49056 53540
49058 13452
49074 508
49089 42735
49092 5534
49102 18881
49104 12970
49126 17266
49136 21992
49146 20395
49160 1630
49163 65343
49176 31935
49187 60170
49188 11713
49191 58279
49193 58314
49210 24008
49219 2527
49249 13266
49254 63185
49262 27219
49266 2742
49286 5552
49304 61734
49309 8263
49312 47356
49320 55317
49322 2205
49332 64295
49334 45045
49337 18956
49350 28419
49360 57160
49369 49432
49371 2844
49377 14303
49387 16199
49392 32561
49401 4272
49405 24735
49409 23205
49414 62528
49421 65326
49427 6174
49441 7235
49449 10458
49450 31949
49456 63685
49480 9479
49484 48351
49491 58118
49493 54371
49509 32430
49512 23665
49521 28914
49541 22249
49547 31789
49566 35738
49568 5514
49570 61071
49583 20961
49584 813
49589 40035
49591 14075
49613 11614
49614 57491
49637 11374
49643 755
49650 41919
49658 49731
49662 35730
49683 24879
49699 19728
49702 1799
49706 38269
49724 6462
49733 35288
49740 32836
49744 31874
49745 29270
49747 42951
49751 53388
49773 52430
49774 38532
49792 26568
49794 2613
49799 59840
49802 14223
49804 10040
49806 19378
49813 7299
49819 5767
49825 13243
49834 46707
49871 31859
49875 58439
49880 38606
49886 31250
49891 40087
49918 39508
49932 41129
49934 20705
49938 57755
49989 42347
50016 56488
50036 31514
50038 40639
50041 20990
50062 62383
50066 34820
50082 13649
50088 22800
50096 48970
50113 5246
50117 16808
50120 16609
50121 17680
50143 16995
50148 50538
50168 64366
50169 45803
50171 65217
50177 7018
50178 35700
50185 19210
50190 41990
50197 723
50239 48798
50262 28757
50272 48953
50278 41659
50281 63470
50283 25759
50316 24456
50317 4651
50336 49164
50349 42053
50354 53605
50374 44600
50379 30018
50380 11142
50397 37296
50398 16798
50400 14650
50412 14555
50418 33268
50446 64558
50457 12148
50491 38242
50494 7551
50506 22558
50510 31118
50521 7451
50532 58325
50536 64565
50541 9730
50542 15755
50544 29210
50545 41287
50549 44798
50551 19033
50559 6371
50582 23779
50586 55557
50610 28617
50611 61021
50612 6243
50641 54547
50657 44530
50686 48462
50706 19377
50710 45110
50720 45858
50738 37169
50739 56863
50746 38845
50766 57641
50785 5089
50788 57052
50800 36997
50802 3468
50828 61522
50847 21951
50852 12524
50882 38925
50887 25893
50901 2000
50941 14523
50965 61950
50968 61043
50978 4417
50993 21140
51028 60812
51034 62968
51042 40312
51051 46511
51064 27355
51065 55879
51074 60555
51085 52344
51091 35774
51095 49166
51100 12530
51111 44718
51117 53568
51122 24954
51138 50252
51142 48953
51147 61996
51153 43593
51163 44202
51166 3449
51169 3247
51178 46996
51179 18225
51185 28583
51191 30909
51193 29337
51203 63169
51214 50737
51219 25348
51227 12975
51232 23763
51246 36652
51263 27384
51265 6461
51268 7067
51276 1301
51285 53223
51294 27448
51307 32500
51332 63331
51342 45428
51380 7445
51384 20925
51391 57789
51392 12748
51396 17170
51401 46663
51406 19453
51408 21647
51415 43459
51417 8010
51421 49742
51425 43092
51431 46072
51433 1961
51454 53553
51456 34898
51461 50835
51471 56906
51476 46724
51477 3366
51481 39335
51484 14668
51498 34784
51502 39765
51508 10961
51509 23277
51526 55038
51545 56748
51564 114
51571 3972
51579 35725
51611 40705
51647 58231
51649 45052
51653 58413
51663 23772
51664 23547
51668 24397
51669 13167
51702 45863
51726 56428
51729 15591
51740 38507
51741 5122
51759 3605
51797 9648
51802 46941
51814 40268
51815 9202
51821 20583
51825 48598
51834 41889
51839 19949
51848 47411
51851 22114
51855 13127
51866 33137
51872 6469
51882 54918
51903 65517
51904 44346
51982 1252
51995 47707
51996 59132
52002 35031
52010 47737
52012 4568
52035 27510
52037 49581
52040 26568
52056 21515
52057 61892
52078 20822
52098 13104
52100 61775
52109 6590
52120 34526
52131 14323
52136 5217
52141 48612
52146 45716
52155 30467
52165 31731
52170 49545
52178 29246
52179 53155
52193 29882
52198 44264
52205 65358
52225 13428
52227 33184
52257 27102
52273 34867
52274 24725
52292 18344
52296 17145
52313 32837
52326 5018
52327 33559
52345 49335
52352 6830
52374 52207
52384 60206
52390 43452
52400 16796
52408 14016
52421 24901
52428 1235
52451 16045
52456 40929
52458 25506
52459 6054
52468 49398
52489 45682
52490 10357
52493 55999
52494 23374
52532 40580
52534 56336
52550 6493
52560 27274
52566 31292
52574 34425
52585 10999
52590 23065
52592 48278
52593 26446
52600 28712
52624 65532
52633 58228
52634 2334
52643 37052
52646 33947
52691 56426
52697 44480
52703 49615
52719 14548
52751 9069
52777 7387
52781 49987
52782 48303
52786 22378
52787 29414
52800 55607
52803 23655
52805 1677
52808 11194
52813 34584
52827 41843
52830 63599
52842 6532
52843 15122
52852 59489
52853 10336
52863 3092
52873 24484
52883 57321
52884 43947
52888 24076
52896 41944
52903 46955
52908 13990
52927 45238
52932 14761
52942 20576
52947 6254
52955 8520
52964 56503
52974 65091
52983 25809
52991 65459
53001 14856
53003 47070
53007 1959
53018 53729
53031 60842
53040 25362
53049 16779
53057 47269
53059 28154
53061 9049
53093 43475
53121 10277
53126 12133
53129 51388
53133 18204
53140 13460
53155 13029
53163 1641
53212 11161
53231 1119
53249 27381
53258 47037
53269 17770
53272 14001
53282 56697
53284 38053
53287 10992
53293 27160
53326 24788
53329 30604
53334 59877
53336 9298
53344 11640
53362 63275
53366 52975
53368 6027
53373 53271
53393 34294
53410 65361
53423 40769
53443 42514
53448 54687
53455 43152
53457 63788
53472 28485
53473 4353
53479 11450
53486 40925
53495 39671
53501 4536
53509 63450
53510 57820
53529 57019
53536 43493
53543 56066
53588 15869
53593 43923
53601 59008
53609 29293
53610 47669
53613 29011
53615 18133
53629 51985
53636 29440
53638 35566
53644 13316
53659 50856
53665 40846
53666 23307
53683 26386
53690 42072
53727 18164
53740 55002
53754 22506
53758 60452
53764 39645
53768 32321
53782 7425
53783 2064
53791 64668
53801 34863
53811 3944
53816 38328
53828 58169
53834 65212
53850 42506
53854 59698
53856 56880
53862 24049
53869 29484
53871 184
53886 52302
53887 62385
53896 63908
53902 59087
53915 49100
53924 59166
53936 39283
53940 10227
53947 21536
53962 25544
53965 41045
53986 63866
53993 61273
54006 50093
54007 53029
54010 2022
54011 64321
54012 18543
54044 27895
54047 60331
54055 12833
54061 35489
54110 56417
54131 25292
54148 15845
54153 17379
54157 11968
54179 50898
54187 56746
54192 55910
54215 43498
54223 59260
54231 46457
54239 7293
54241 57027
54246 22317
54249 21104
54256 16929
54258 32287
54272 47241
54274 62569
54281 64500
54296 18750
54314 56021
54317 45375
54328 7559
54336 30813
54373 57385
54384 57064
54387 19647
54399 51272
54406 62100
54414 28759
54436 49329
54456 7022
54466 6501
54470 56784
54476 33294
54481 13354
54489 13503
54513 869
54514 27704
54534 64554
54542 38700
54546 49473
54548 47147
54556 15993
54564 61595
54567 42256
54575 35200
54576 35595
54583 7243
54586 28048
54602 61774
54615 9613
54625 2697
54642 16656
54652 21583
54670 19359
54674 18608
54677 23226
54680 3284
54690 21716
54718 1934
54725 35960
54734 40669
54745 53953
54750 21093
54755 20795
54759 60310
54779 44251
54806 47666
54815 30790
54842 55236
54843 14408
54847 50981
54868 54946
54883 23055
54892 26568
54893 32526
54897 31141
54898 50950
54904 1690
54917 6936
54924 11680
54926 62050
54941 30823
54943 8261
54974 64949
55007 39895
55021 36022
55023 63329
55047 41905
55064 20873
55071 41035
55075 36668
55094 32620
55095 60717
55116 37439
55119 54473
55122 10771
55123 63181
55130 51545
55172 1820
55177 36882
55187 16893
55190 65049
55198 20525
55199 36852
55212 22521
55214 57622
55216 6726
55231 7333
55236 11722
55237 47510
55244 3021
55250 43348
55255 34292
55262 33541
55266 4929
55272 38857
55273 29260
55276 63423
55286 44340
55288 36308
55297 51555
55298 17935
55318 9019
55326 31755
55350 234
55364 30462
55365 62671
55383 25122
55385 3611
55391 2735
55400 48043
55425 59489
55432 46853
55434 47341
55436 50016
55471 22625
55474 13430
55500 24411
55503 20424
55504 44776
55524 39746
55533 10852
55538 61953
55548 53083
55562 748
55569 58438
55577 34067
55592 2079
55595 17619
55598 19174
55599 24828
55617 55205
55619 52533
55624 64167
55640 19274
55656 32722
55671 8754
55679 28678
55683 46634
55691 42349
55694 46278
55701 5986
55705 5329
55749 31588
55758 46650
55767 27565
55770 62660
55777 59977
55778 36331
55797 54748
55811 11910
55816 22951
55818 50360
55820 60931
55827 54599
55828 14028
55837 42355
55848 60340
55855 32253
55863 5290
55865 4223
55887 19653
55888 10277
55904 32370
55907 60954
55912 51365
55920 18496
55922 32487
55923 55570
55925 28199
55935 12079
55957 59266
55959 13573
55966 11271
55969 54309
56003 44982
56038 30395
56061 40107
56064 54123
56083 40178
56088 41599
56100 54402
56108 25800
56114 21278
56120 40627
56129 36408
56145 16208
56163 31054
56164 41321
56173 30
56187 53175
56202 14364
56206 41708
56224 843
56225 9338
56250 64392
56255 16546
56260 5738
56272 45306
56289 46110
56295 21294
56299 3765
56305 38749
56333 62948
56342 24338
56348 40225
56357 32362
56377 33607
56400 39851
56407 27117
56417 15933
56418 4313
56419 18847
56437 53143
56480 19231
56492 50255
56516 65194
56526 3786
56540 13046
56567 61760
56568 34393
56591 18351
56595 19552
56604 2081
56615 5680
56624 9814
56629 37599
56639 63712
56640 19173
56662 637
56665 49327
56673 30279
56674 26568
56675 55257
56677 56579
56690 41205
56699 20639
56721 43822
56726 34353
56737 64096
56742 47459
56745 64748
56767 14287
56771 39631
56773 54850
56779 57424
56786 53737
56798 38878
56830 43822
56834 60281
56840 3358
56850 61582
56894 29131
56899 35219
56918 50646
56942 6691
56974 8567
56997 36755
57000 39632
57001 10459
57004 34511
57017 60475
57018 27418
57030 12129
57031 21870
57037 12840
57059 2587
57065 63293
57083 43086
57089 15541
57097 54459
57101 30511
57124 47770
57125 43656
57173 30119
57178 30725
57181 61187
57182 6560
57214 33462
57260 63315
57264 50866
57267 2284
57273 27076
57278 10648
57293 62786
57298 61517
57312 19376
57333 46253
57348 19535
57373 38671
57386 17081
57408 49012
57410 51668
57416 8960
57420 39468
57449 14410
57467 55552
57482 24897
57491 58268
57507 39236
57509 50031
57535 10071
57537 51331
57551 18318
57556 32241
57559 14701
57562 28451
57575 11079
57594 29213
57602 13627
57608 22512
57615 35311
57620 4355
57637 57268
57643 7666
57653 50688
57662 3009
57663 55077
57666 53579
57669 27935
57694 34906
57708 61478
57715 39937
57720 44802
57724 33282
57728 15369
57743 3211
57745 1335
57750 37093
57751 39291
57753 2108
57754 27994
57773 17359
57794 3504
57827 9208
57832 17783
57833 25709
57839 20099
57857 2690
57859 27425
57863 15201
57866 1490
57887 8866
57890 46540
57895 3719
57915 41761
57919 42497
57922 14851
57924 52891
57950 49228
57954 61974
57955 48674
57959 35581
57964 46634
57965 7643
57972 50096
57996 59258
58004 58196
58011 52945
58012 57263
58017 12962
58029 2682
58038 35475
58042 29717
58055 4644
58065 38302
58068 38879
58078 54646
58083 10442
58099 35456
58105 20974
58114 60575
58132 55346
58142 63729
58151 24682
58154 48278
58156 49611
58169 63148
58171 40165
58218 21125
58224 52931
58249 34721
58251 13727
58255 15141
58256 14801
58267 6992
58273 40806
58275 47066
58279 36075
58308 33077
58314 46371
58323 6357
58324 9902
58344 8418
58361 45230
58377 42666
58380 5044
58413 51092
58423 24151
58429 45319
58468 61694
58482 38163
58483 52092
58484 32095
58488 53291
58517 31343
58519 31551
58555 32441
58570 50803
58574 32684
58579 5015
58603 12156
58615 62657
58616 63267
58621 50126
58629 34981
58636 17582
58649 30665
58664 44997
58666 6531
58668 38400
58675 21567
58677 52654
58688 64762
58692 12638
58698 3625
58709 13669
58718 18983
58723 41618
58761 48374
58763 53634
58764 39498
58793 611
58797 33719
58800 32224
58804 57485
58812 44095
58815 33971
58817 29937
58835 46625
58856 63982
58876 10087
58884 57874
58896 27383
58901 46044
58920 8468
58951 58880
58975 38987
58995 57168
59022 19340
59026 61378
59048 42370
59059 58540
59079 12882
59082 35263
59085 19605
59113 3875
59116 25194
59117 8258
59123 57829
59125 56314
59141 24501
59152 36660
59160 37595
59166 43272
59184 16158
59196 7811
59208 15386
59212 39499
59228 29913
59273 40021
59279 40780
59289 7088
59293 41433
59295 54715
59298 20619
59301 38275
59303 14651
59307 22350
59331 23327
59332 5340
59340 12800
59361 126
59387 25759
59412 65255
59431 9175
59432 9721
59435 50509
59441 6873
59466 41710
59506 62595
59507 10357
59530 57292
59534 6293
59540 50227
59544 39569
59547 22462
59566 58252
59582 33858
59594 41127
59598 31452
59612 21592
59613 29549
59631 28027
59647 44753
59665 17458
59666 34080
59667 18198
59668 64410
59700 43942
59703 38863
59713 7948
59714 46151
59734 52895
59742 44061
59745 61539
59746 18036
59750 34994
59771 29675
59776 42060
59777 53460
59784 33399
59788 55125
59802 15486
59804 28442
59805 3897
59810 58550
59812 54221
59813 62168
59817 17286
59837 17886
59838 10344
59841 3048
59854 30109
59876 1106
59892 26311
59919 44589
59929 7371
59943 62134
59949 33010
59969 13748
59970 54695
59978 62311
59984 3584
59988 30697
59989 16199
59995 7994
59997 1041
59999 64790
60000 50358
60002 43610
60032 37216
60039 53701
60057 20235
60060 41680
60079 3837
60107 835
60120 57
60134 40351
60142 35624
60162 4940
60168 32596
60179 10557
60199 42027
60200 33538
60207 41670
60215 55065
60234 34447
60256 43075
60270 21909
60285 35991
60306 30494
60307 51334
60311 19040
60317 17887
60320 46847
60330 1164
60343 17461
60381 28024
60389 14105
60402 4555
60404 49660
60412 32215
60419 58382
60425 60922
60451 14994
60454 49590
60459 48164
60461 21572
60470 36596
60479 29900
60508 61984
60512 23567
60519 16120
60558 8741
60564 23447
60568 46163
60569 35655
60575 9231
60596 63010
60597 30555
60600 61906
60608 49208
60624 28987
60629 32955
60633 7381
60647 1960
60649 47439
60651 237
60670 21162
60672 9117
60673 833
60684 48488
60696 14662
60720 11065
60748 49391
60761 54434
60778 64251
60785 60223
60787 3831
60793 29117
60801 39160
60803 3779
60817 1390
60826 58979
60835 64075
60850 44938
60852 52925
60858 43062
60892 5364
60913 48850
60924 7495
60927 44500
60947 65370
60950 51443
60951 48939
60974 48271
60975 54530
60992 17827
61004 49763
61021 47633
61023 11295
61035 29177
61049 13113
61050 17896
61064 3840
61073 30282
61085 31980
61087 26184
61106 52148
61114 20403
61130 30324
61134 34570
61176 39657
61177 44574
61184 27070
61199 47447
61204 25697
61237 38892
61245 21546
61252 5617
61264 43433
61266 2252
61269 49310
61280 4052
61281 55578
61282 37658
61291 52955
61308 3340
61315 17348
61351 34242
61352 59463
61368 229
61374 37397
61391 8932
61393 12616
61421 30806
61425 46830
61434 18705
61446 62862
61455 11260
61460 17459
61470 54021
61485 32728
61494 35333
61506 57998
61535 9397
61537 54493
61547 52394
61548 25095
61563 41475
61569 7413
61570 39929
61582 8471
61584 23063
61587 46918
61605 21537
61608 54292
61619 2509
61633 46370
61637 14463
61646 3757
61653 258
61655 5334
61664 62580
61665 64646
61666 35018
61678 44685
61705 28725
61708 53660
61727 19077
61737 9477
61743 6471
61754 48060
61762 34207
61774 24874
61775 14795
61778 12331
61781 43024
61790 64079
61804 32610
61806 57236
61809 30335
61811 49900
61825 14690
61878 15295
61882 27648
61883 28295
61917 49825
61924 1841
61925 1673
61956 18250
61961 63599
61983 694
62008 27098
62013 54951
62021 41629
62052 56351
62067 51130
62074 12281
62082 32662
62109 6744
62115 5804
62116 49121
62120 42045
62122 44790
62131 11917
62154 8532
62179 15873
62184 25337
62202 54517
62210 16122
62217 15872
62219 50742
62221 11157
62229 57525
62233 19848
62244 56895
62247 47979
62274 50649
62275 23458
62285 24086
62289 60160
62300 50089
62302 49970
62321 55919
62330 829
62383 3668
62384 39923
62390 2777
62396 385
62403 32881
62423 1079
62426 42134
62429 24730
62431 51229
62438 50779
62440 31315
62441 11150
62456 6078
62458 48828
62459 42266
62475 59172
62483 2449
62493 29107
62500 35597
62509 30883
62512 16311
62516 51031
62522 39310
62539 4970
62554 14537
62560 9451
62577 4542
62613 43255
62614 18487
62616 38081
62617 20281
62623 65380
62629 48994
62633 20999
62636 20838
62655 22113
62677 39059
62704 38238
62710 34026
62713 57911
62715 39303
62722 60881
62741 2247
62744 31129
62747 16535
62762 14013
62768 57384
62781 9938
62825 34859
62830 58876
62835 55845
62844 43595
62852 8905
62872 16419
62881 7827
62891 7242
62906 1785
62913 57807
62915 23229
62917 17890
62920 47244
62924 40335
62926 2837
62927 23162
62932 34340
62935 2455
62938 16043
62947 60235
62950 32310
62951 54128
62965 20666
62975 29252
62985 63309
63005 24310
63025 27281
63028 40598
63030 64574
63040 21565
63050 61371
63061 64139
63065 55441
63072 17663
63079 1305
63085 10405
63086 26025
63102 2148
63113 53729
63117 34707
63120 3729
63123 619
63128 11521
63129 15687
63136 54164
63137 61510
63138 45437
63140 47489
63141 31882
63151 11837
63188 28272
63190 45979
63197 42621
63260 19978
63261 5153
63265 3765
63266 50061
63275 2180
63281 54457
63288 52846
63298 38035
63301 58166
63302 25682
63308 56492
63319 10556
63326 44384
63337 29335
63339 59915
63345 60025
63360 21067
63375 35472
63383 34311
63387 1012
63404 8852
63421 60299
63442 50791
63445 20102
63450 30301
63488 23024
63491 42293
63508 25646
63514 30210
63523 20021
63558 58234
63560 3066
63567 28334
63575 2314
63578 49935
63584 22013
63590 43129
63599 6349
63600 19228
63611 37340
63612 10388
63613 29043
63622 11185
63632 63564
63646 38370
63651 62578
63655 62869
63658 17620
63660 59928
63661 24714
63679 56867
63685 56973
63726 53963
63741 31085
63749 26527
63750 19079
63763 5463
63768 48586
63772 38397
63777 65084
63781 52607
63782 9178
63794 6158
63798 30887
63825 18361
63837 44911
63848 23060
63852 42823
63853 37759
63878 28392
63889 64150
63900 18091
63908 16704
63912 44561
63935 57429
63940 5304
63944 62827
63965 5408
63975 10060
63983 56951
64006 5468
64008 14695
64015 45541
64029 8004
64046 25875
64061 38111
64069 15907
64081 21635
64105 6356
64109 41911
64124 15973
64125 28267
64126 10896
64129 2313
64153 10236
64157 57540
64168 64860
64212 35073
64215 30620
64220 15918
64246 26623
64258 29839
64273 8334
64275 26995
64286 59196
64292 59564
64297 47031
64334 55969
64350 41142
64352 50687
64358 28297
64375 52838
64381 27089
64393 35250
64399 54326
64401 33408
64412 51597
64418 44315
64438 35398
64447 43715
64458 25635
64469 58056
64480 61641
64483 63482
64484 60275
64505 16705
64522 19377
64528 46399
64532 44683
64549 48712
64550 9435
64552 19081
64556 20781
64560 64885
64571 54383
64575 8711
64581 7028
64595 8546
64600 12141
64608 25871
64652 31863
64656 50013
64659 49811
64678 2990
64687 17871
64693 43818
64695 59847
64696 18712
64729 14511
64736 3098
64742 38566
64747 45823
64756 4557
64767 48607
64773 43949
64776 944
64777 33644
64788 7855
64807 48530
64829 57958
64842 28111
64861 21447
64867 51109
64869 40574
64880 25809
64904 8928
64935 48652
64961 34829
64970 713
64974 47746
64975 34764
64996 42910
65029 13665
65031 33179
65049 42869
65052 51853
65068 17558
65072 37037
65079 33602
65080 4179
65091 39037
65107 40764
65121 61931
65139 21436
65154 28829
65157 8491
65167 27372
65189 21363
65196 51214
65197 37222
65214 27257
65219 22721
65224 60341
65228 36643
65229 54442
65241 55299
65242 35377
65258 27711
65267 44965
65269 44330
65280 57597
65283 55569
65287 12520
65295 62328
65296 10025
65299 65520
65315 3189
65317 59921
65331 58701
65368 20399
65370 26554
65379 17991
65381 27837
65388 58159
65398 53238
65414 27623
65421 34427
65426 53052
65481 18210
65484 8660
65487 54327
65499 9402
65501 11142
65513 54653
65531 30619
