17 131
1278
2327
3626
5072
5640
7722
8626
8725
9587
10683
11567
11892
13546
17714
18150
18843
19416
19918
20067
23241
23926
24773
27790
29340
30027
30559
30819
31299
33855
33856
34619
35907
36766
37576
37751
41811
42533
43124
44611
44726
46113
47110
47645
48768
49799
52853
52883
53040
53163
53410
53629
53811
53887
58763
59700
62891
62915
63123
65641
66930
67875
68205
68915
69552
69983
70636
70748
71122
73624
74800
75877
76440
76618
76688
77207
77904
78263
78353
79289
81493
81644
81898
83264
83891
83988
84967
85010
85116
86996
87795
88095
90415
92500
94774
94841
95359
95445
96319
97903
97929
98067
98133
98512
98742
98942
102278
102284
103880
105775
106447
113144
113374
113513
114120
114913
115083
117357
117614
123130
124661
124744
124968
126183
126666
127042
127191
127610
127939
128844
130303
130643
