10 256
0
4
6
16
18
20
25
31
33
40
48
63
64
66
67
69
75
80
88
92
99
101
102
105
109
114
116
124
127
130
133
142
157
160
162
171
177
183
184
185
188
190
197
200
206
208
211
213
215
225
230
231
234
235
236
241
246
247
250
254
255
257
259
264
268
276
279
280
286
290
291
299
303
306
307
308
317
320
324
331
336
337
340
343
348
351
354
357
360
362
367
370
371
374
379
381
385
386
395
407
408
410
411
422
424
427
429
434
436
438
439
441
443
444
448
450
451
455
456
462
465
466
476
477
479
482
484
498
504
506
513
519
520
522
529
533
534
537
538
540
541
549
554
557
558
559
560
563
566
579
584
595
597
604
608
611
620
621
623
628
629
630
632
633
634
635
636
638
639
640
643
644
647
649
652
659
660
664
668
671
679
680
690
691
694
696
712
713
714
718
721
726
734
742
748
750
751
755
757
777
778
787
803
805
807
808
816
817
821
822
824
827
840
842
844
851
853
858
862
863
868
872
873
875
878
883
887
902
905
908
910
912
920
923
926
931
935
939
944
947
959
963
970
974
975
976
979
980
984
996
999
1002
1004
1009
1011
1017
