10 921
0 602
1 715
2 251
3 965
4 905
5 217
6 288
7 177
8 862
9 45
10 43
11 562
12 656
13 0
14 516
15 787
16 39
17 353
18 70
19 1
20 986
21 615
22 913
23 116
24 889
25 215
27 396
28 677
29 750
30 606
31 508
32 579
33 389
34 577
35 63
36 797
38 679
39 217
40 482
41 564
42 418
43 672
45 680
46 989
47 415
48 574
49 291
50 26
51 677
52 289
53 370
54 684
55 678
56 697
57 617
58 628
59 248
60 508
61 526
63 864
64 458
65 438
66 183
67 173
68 362
69 569
70 476
71 860
72 906
75 121
76 190
77 124
78 321
79 784
80 610
81 412
82 263
83 220
84 1007
85 294
86 170
88 687
89 642
90 859
91 538
92 876
94 19
95 545
96 710
97 142
98 216
99 741
100 517
101 496
102 246
103 119
104 105
105 81
106 980
107 881
108 781
109 19
110 226
111 683
112 166
113 293
114 711
115 90
116 980
117 856
118 812
119 379
120 640
121 911
123 193
124 376
125 411
126 963
127 616
128 250
129 825
130 639
132 85
133 92
134 184
135 128
136 584
137 518
138 341
140 141
142 677
143 498
144 824
145 532
146 651
147 678
148 283
150 292
151 530
152 358
153 448
154 696
155 853
156 249
157 483
158 797
159 823
160 977
162 976
163 533
165 135
166 627
167 888
169 945
170 593
171 145
172 768
173 236
174 633
175 718
176 829
177 960
178 681
180 624
181 145
183 45
184 897
185 733
186 461
187 401
188 219
189 536
190 78
191 697
192 736
193 481
194 513
195 893
196 633
197 482
198 570
199 318
200 270
201 848
202 990
203 107
204 437
205 98
206 316
207 972
208 694
209 902
210 568
211 175
213 998
214 705
215 268
217 238
218 740
219 586
220 908
221 904
222 842
223 205
224 691
225 901
227 426
228 43
229 282
230 267
231 500
232 846
233 734
234 346
235 375
236 141
237 459
238 947
239 868
240 235
241 835
242 233
243 234
244 994
246 516
247 618
248 1016
250 753
251 808
252 802
253 313
254 77
255 410
256 956
257 30
258 399
259 973
260 690
261 160
262 649
263 630
264 48
265 210
266 117
267 629
268 289
269 874
270 290
271 652
272 261
273 284
275 947
276 240
277 190
278 484
279 681
280 940
281 485
282 835
283 78
284 784
286 837
287 711
288 512
289 33
290 569
291 392
292 211
293 380
294 451
295 379
296 274
297 56
298 60
299 714
300 9
301 138
303 379
304 423
305 853
306 68
307 746
308 179
309 49
310 179
311 739
312 0
313 723
314 766
315 894
316 311
317 345
319 409
320 969
321 208
322 311
323 869
324 493
325 231
326 621
327 104
328 551
330 209
331 725
332 117
333 197
334 728
335 892
336 764
337 629
338 603
339 908
340 862
341 638
342 234
343 766
344 186
345 297
348 464
349 1020
350 335
351 663
352 96
353 536
354 478
355 989
356 152
357 611
358 274
360 216
361 593
362 598
364 371
365 157
367 804
368 1014
369 704
370 931
371 687
372 461
374 387
375 402
376 224
377 524
378 775
379 813
380 158
381 962
383 543
384 911
385 817
386 833
387 693
388 699
389 676
390 551
391 977
393 54
395 279
396 34
397 104
398 184
399 317
400 1022
401 944
402 208
403 91
404 332
405 14
406 934
407 26
408 268
409 580
410 737
411 725
413 244
414 188
415 375
416 163
417 581
418 879
419 180
420 501
421 703
422 681
424 915
425 605
426 890
427 775
428 520
429 519
430 43
432 404
433 228
434 839
435 959
436 304
437 873
438 500
439 768
441 362
442 309
443 406
444 614
445 677
446 242
447 713
448 67
449 177
450 880
451 451
452 746
453 114
455 921
456 39
458 542
461 667
462 268
463 137
464 771
465 840
466 116
467 667
468 38
469 451
470 127
471 856
473 594
476 601
477 461
478 689
479 983
480 128
481 351
482 136
483 106
484 993
485 906
486 595
487 505
488 507
489 219
491 534
492 318
493 140
494 380
495 110
496 491
497 380
498 318
501 16
502 579
503 588
504 1006
505 991
506 487
508 316
510 341
511 998
512 787
513 484
514 205
515 862
516 1017
517 601
519 842
520 171
521 110
522 292
523 949
524 1
525 828
527 282
528 284
529 702
530 745
531 627
532 358
533 334
534 651
535 661
536 524
537 213
538 924
539 327
540 813
541 592
542 224
543 563
544 866
545 101
546 888
547 267
548 701
549 423
550 868
551 571
553 804
554 339
555 220
556 773
557 910
558 925
559 470
560 120
561 80
562 96
563 910
564 950
565 968
566 193
567 975
568 952
569 510
570 847
571 129
572 951
573 967
574 316
575 978
576 539
577 184
578 66
579 669
580 357
581 482
582 792
583 793
584 133
586 901
587 728
588 510
589 559
590 997
591 892
592 437
593 453
594 367
595 848
596 104
597 155
599 784
600 773
601 585
602 845
603 1008
604 504
605 516
606 448
607 237
608 555
609 240
610 521
611 447
612 349
613 442
614 999
615 405
616 768
618 511
619 604
620 852
621 725
622 993
623 622
624 510
625 172
626 734
627 970
628 633
629 306
630 172
631 284
632 902
633 682
634 418
635 740
636 820
637 498
638 1003
639 649
640 52
641 595
642 104
643 286
644 1017
645 813
646 831
647 929
648 222
649 957
650 482
651 933
652 206
653 551
654 3
655 117
656 461
657 468
659 267
660 429
661 905
662 165
663 563
664 663
665 518
666 994
667 355
668 839
669 295
670 661
671 776
673 224
674 792
675 325
676 196
677 269
678 38
679 990
680 284
682 358
684 614
685 790
686 1016
687 692
688 443
689 922
690 66
691 276
692 551
693 169
694 390
696 518
697 444
698 499
702 201
703 682
704 187
706 684
707 613
708 913
709 978
710 211
711 9
712 225
713 126
714 1000
716 89
717 969
718 10
719 716
720 305
721 541
723 328
724 557
725 384
726 561
727 666
728 98
729 233
730 652
731 613
732 830
734 647
735 16
737 683
739 295
740 875
742 1019
743 880
744 187
745 212
746 612
747 360
748 295
749 182
750 11
751 703
752 275
753 472
754 111
755 225
756 218
757 457
759 201
760 369
761 506
762 517
763 284
765 203
766 446
767 330
769 403
770 80
771 554
773 338
775 407
776 724
777 189
778 137
779 73
780 197
781 274
782 908
783 897
784 822
786 48
787 639
788 372
789 353
790 157
791 231
792 812
793 398
794 547
796 273
797 313
799 87
800 1021
801 182
802 927
803 134
804 267
805 238
806 91
807 807
808 197
809 712
810 979
811 534
812 336
813 327
814 914
815 824
816 604
817 776
818 193
819 614
821 698
822 762
823 128
824 245
825 987
826 89
827 949
828 3
829 642
831 116
832 695
833 482
834 241
835 22
836 114
837 468
838 793
840 480
841 105
842 714
844 393
847 380
848 373
849 771
850 153
851 866
852 926
853 670
854 994
855 717
856 330
857 137
858 471
859 767
860 827
861 968
862 911
863 120
864 759
865 359
866 393
867 997
868 849
869 549
870 484
871 587
872 725
873 421
875 77
876 862
877 155
878 958
879 792
880 931
881 20
882 180
883 521
884 625
885 170
886 54
887 500
888 124
889 588
890 659
891 973
892 608
893 166
894 108
895 60
896 586
897 534
898 575
899 934
900 70
901 453
902 872
903 476
904 682
905 466
906 345
907 543
908 928
909 645
910 832
911 993
912 387
914 975
915 795
916 831
918 688
919 342
920 999
922 615
923 629
924 323
926 488
927 353
928 797
929 1020
930 107
931 965
933 758
934 251
935 648
936 251
937 479
938 864
939 728
940 149
941 142
943 321
944 777
946 911
947 992
948 307
950 970
951 350
952 858
953 623
954 460
955 600
956 44
957 601
958 463
959 681
960 881
961 855
962 109
963 944
964 787
965 432
966 804
967 458
968 865
969 353
970 1010
971 306
973 423
974 437
975 903
976 601
977 479
978 355
979 361
980 446
981 842
982 47
983 23
984 206
985 934
986 793
987 611
988 774
989 617
990 872
991 987
992 769
993 927
995 360
996 73
997 487
998 145
999 185
1000 749
1001 204
1002 808
1003 725
1004 84
1005 207
1007 635
1008 25
1009 539
1011 916
1012 773
1013 908
1014 107
1015 892
1016 26
1017 757
1018 850
1019 33
1020 307
1023 77
