14 1638
0
3
11
18
31
42
56
61
67
76
78
88
96
97
98
105
110
111
120
130
135
137
142
147
152
185
188
192
196
197
203
208
210
225
234
235
253
269
272
288
297
298
303
304
320
332
341
345
372
377
386
395
399
418
427
432
436
437
438
439
446
455
462
463
480
498
501
523
546
559
563
583
592
610
611
614
619
638
647
650
654
679
696
710
723
725
728
731
756
766
776
796
800
805
807
814
816
837
877
879
881
884
896
914
936
961
991
995
998
1005
1009
1019
1027
1058
1074
1079
1081
1087
1088
1102
1126
1135
1152
1162
1184
1195
1198
1208
1227
1244
1246
1248
1253
1260
1266
1278
1294
1296
1304
1307
1330
1339
1344
1357
1372
1389
1392
1394
1407
1421
1434
1460
1462
1471
1489
1500
1506
1507
1512
1518
1522
1534
1546
1560
1586
1591
1594
1600
1635
1636
1656
1670
1699
1730
1731
1735
1749
1753
1758
1766
1779
1784
1785
1794
1808
1813
1814
1817
1820
1826
1829
1831
1841
1847
1851
1880
1883
1899
1903
1905
1908
1922
1924
1939
1961
1971
1978
1981
1985
2000
2001
2007
2028
2033
2035
2037
2068
2070
2073
2075
2079
2080
2082
2119
2124
2126
2142
2154
2168
2174
2177
2180
2186
2210
2232
2238
2239
2240
2253
2268
2270
2281
2283
2292
2315
2319
2325
2327
2338
2339
2340
2348
2351
2371
2374
2382
2404
2427
2449
2450
2451
2459
2462
2495
2512
2513
2517
2524
2525
2530
2560
2582
2586
2591
2606
2607
2609
2669
2671
2673
2681
2685
2692
2696
2699
2726
2728
2735
2738
2739
2752
2756
2768
2780
2794
2811
2814
2819
2825
2832
2838
2840
2844
2852
2858
2859
2865
2885
2905
2913
2925
2926
2953
2962
2968
2975
2986
3019
3027
3032
3033
3045
3046
3047
3062
3090
3106
3111
3117
3122
3131
3139
3156
3160
3161
3172
3177
3183
3196
3200
3204
3207
3219
3224
3229
3230
3232
3266
3283
3286
3297
3307
3311
3314
3333
3342
3356
3371
3379
3380
3386
3391
3400
3402
3408
3420
3430
3439
3440
3448
3472
3481
3486
3493
3494
3508
3519
3527
3534
3542
3549
3570
3592
3594
3626
3635
3639
3642
3648
3651
3654
3656
3659
3661
3676
3678
3683
3691
3701
3702
3731
3732
3736
3742
3743
3746
3751
3756
3765
3798
3803
3811
3812
3826
3835
3839
3845
3851
3854
3855
3858
3859
3875
3876
3878
3888
3893
3896
3897
3901
3907
3937
3942
3954
3972
3974
3977
3980
3982
3998
4001
4011
4012
4016
4060
4067
4092
4116
4117
4124
4141
4142
4144
4174
4184
4187
4192
4197
4220
4229
4240
4252
4258
4271
4290
4291
4305
4321
4323
4342
4343
4347
4349
4357
4373
4374
4378
4384
4387
4390
4407
4428
4441
4446
4447
4466
4471
4477
4484
4492
4502
4520
4524
4551
4563
4575
4602
4609
4628
4629
4639
4640
4652
4653
4659
4676
4685
4710
4735
4763
4769
4784
4786
4793
4804
4808
4824
4825
4830
4841
4851
4858
4863
4903
4905
4951
4960
4983
4992
5001
5002
5005
5019
5020
5029
5035
5039
5043
5054
5072
5076
5089
5094
5097
5100
5101
5104
5105
5113
5123
5140
5158
5163
5187
5195
5198
5200
5206
5212
5225
5232
5236
5247
5257
5267
5272
5283
5285
5293
5297
5300
5305
5313
5314
5318
5330
5338
5361
5362
5384
5400
5401
5423
5424
5427
5436
5440
5448
5459
5465
5505
5509
5518
5522
5528
5537
5546
5562
5563
5564
5568
5573
5575
5576
5585
5586
5589
5599
5611
5624
5640
5644
5658
5663
5683
5685
5691
5709
5716
5719
5723
5740
5777
5782
5783
5788
5830
5840
5855
5869
5871
5875
5907
5909
5924
5942
5954
5958
5969
5971
5978
5998
6006
6025
6028
6053
6055
6136
6146
6167
6175
6213
6224
6251
6260
6267
6274
6276
6280
6282
6284
6288
6289
6319
6324
6337
6339
6351
6373
6396
6421
6444
6448
6472
6485
6494
6500
6501
6502
6514
6519
6549
6572
6588
6635
6659
6663
6711
6714
6724
6725
6744
6766
6771
6773
6797
6806
6820
6835
6840
6857
6864
6870
6875
6901
6914
6920
6931
6941
6947
6962
6966
6968
6977
6978
6986
6993
6994
7008
7012
7054
7063
7070
7073
7082
7097
7120
7137
7147
7168
7181
7187
7208
7217
7218
7243
7291
7333
7339
7361
7364
7369
7374
7410
7428
7448
7452
7458
7471
7477
7487
7499
7511
7522
7523
7535
7538
7542
7544
7549
7582
7593
7598
7606
7609
7620
7646
7654
7660
7663
7665
7682
7687
7698
7706
7709
7722
7725
7733
7734
7752
7777
7787
7788
7792
7807
7811
7824
7843
7852
7864
7866
7870
7878
7885
7913
7916
7921
7931
7933
7934
7943
7957
7959
7961
7972
8026
8034
8040
8047
8088
8102
8111
8121
8128
8135
8143
8146
8150
8159
8160
8168
8184
8186
8201
8223
8233
8234
8239
8261
8267
8297
8310
8339
8366
8382
8383
8389
8410
8422
8442
8460
8478
8491
8495
8500
8536
8542
8556
8559
8563
8570
8576
8578
8591
8595
8603
8626
8633
8642
8690
8703
8704
8707
8723
8725
8726
8736
8737
8738
8749
8762
8767
8772
8773
8787
8801
8803
8810
8811
8812
8815
8822
8845
8849
8859
8862
8865
8888
8890
8908
8912
8926
8931
8932
8940
8947
8963
8972
8983
8989
8999
9002
9004
9017
9018
9019
9021
9043
9060
9067
9074
9097
9098
9102
9107
9115
9119
9123
9148
9149
9152
9157
9171
9181
9197
9212
9216
9224
9233
9241
9244
9252
9264
9270
9277
9287
9299
9306
9316
9321
9323
9331
9340
9367
9369
9400
9402
9403
9407
9411
9416
9418
9434
9440
9456
9479
9492
9511
9514
9523
9527
9540
9543
9546
9547
9557
9569
9586
9587
9597
9611
9622
9625
9645
9649
9652
9695
9712
9724
9739
9747
9749
9765
9771
9823
9825
9827
9866
9884
9885
9901
9906
9910
9941
9945
9950
9973
10007
10016
10025
10037
10056
10060
10069
10082
10087
10106
10132
10151
10155
10169
10178
10179
10180
10183
10184
10185
10203
10213
10216
10260
10280
10282
10292
10297
10317
10337
10340
10341
10356
10382
10414
10415
10426
10439
10446
10453
10454
10479
10505
10506
10515
10526
10530
10540
10541
10547
10548
10577
10580
10581
10593
10594
10601
10602
10625
10648
10650
10651
10654
10665
10674
10683
10698
10701
10720
10724
10738
10750
10751
10767
10778
10782
10791
10811
10818
10837
10841
10842
10848
10850
10853
10866
10875
10881
10884
10892
10904
10918
10922
10925
10961
11011
11018
11023
11027
11031
11058
11072
11082
11084
11093
11123
11127
11137
11139
11143
11144
11152
11154
11155
11178
11206
11213
11255
11267
11268
11270
11273
11277
11286
11307
11315
11324
11347
11354
11361
11370
11380
11383
11406
11426
11445
11450
11454
11456
11472
11483
11495
11499
11518
11521
11523
11528
11542
11544
11563
11567
11568
11576
11586
11596
11599
11602
11624
11626
11633
11635
11651
11671
11673
11674
11683
11688
11716
11731
11748
11762
11772
11775
11792
11795
11798
11799
11804
11819
11822
11823
11826
11829
11840
11841
11843
11864
11869
11874
11892
11898
11900
11901
11912
11921
11929
11935
11937
11954
11958
11975
11978
11982
11983
12008
12009
12014
12025
12037
12047
12061
12089
12093
12100
12112
12116
12126
12137
12139
12148
12149
12150
12156
12169
12195
12208
12221
12229
12294
12308
12316
12326
12331
12354
12363
12364
12368
12388
12391
12396
12413
12414
12438
12459
12462
12471
12480
12486
12503
12512
12526
12528
12563
12564
12567
12572
12578
12579
12591
12596
12600
12608
12609
12630
12638
12640
12641
12659
12673
12681
12693
12694
12720
12727
12730
12731
12779
12783
12796
12807
12809
12817
12847
12851
12854
12896
12918
12921
12922
12932
12936
12956
12957
12968
12970
13002
13037
13040
13050
13054
13077
13081
13085
13092
13095
13122
13129
13155
13180
13195
13198
13200
13203
13221
13227
13231
13251
13253
13257
13271
13286
13311
13315
13318
13323
13328
13331
13345
13354
13363
13364
13370
13372
13403
13421
13425
13426
13432
13439
13445
13464
13471
13481
13482
13483
13499
13525
13527
13542
13546
13563
13566
13570
13571
13582
13605
13607
13623
13633
13635
13636
13643
13666
13672
13676
13698
13707
13721
13722
13725
13726
13729
13730
13732
13739
13753
13763
13765
13768
13774
13792
13814
13818
13842
13849
13875
13877
13880
13891
13898
13902
13908
13909
13927
13928
13934
13940
13954
13961
13971
13977
13990
14038
14056
14066
14088
14104
14108
14114
14119
14123
14127
14133
14146
14156
14175
14177
14182
14235
14243
14249
14273
14274
14277
14282
14286
14289
14331
14342
14350
14369
14387
14399
14401
14403
14408
14414
14435
14438
14446
14450
14465
14478
14482
14494
14513
14514
14523
14524
14534
14538
14543
14560
14572
14587
14599
14600
14602
14620
14641
14642
14653
14671
14679
14680
14681
14688
14700
14701
14716
14720
14723
14745
14747
14752
14763
14788
14791
14792
14797
14801
14819
14827
14840
14856
14875
14876
14877
14900
14906
14915
14922
14923
14924
14930
14944
14949
14958
14973
14990
14995
15002
15011
15016
15025
15027
15048
15050
15062
15070
15078
15083
15106
15127
15143
15177
15185
15194
15209
15227
15244
15248
15266
15279
15286
15292
15295
15307
15311
15314
15319
15323
15331
15332
15338
15365
15371
15375
15380
15385
15391
15392
15398
15400
15412
15418
15423
15429
15441
15456
15468
15479
15507
15513
15525
15534
15550
15571
15581
15584
15590
15596
15599
15604
15608
15615
15619
15620
15621
15624
15625
15640
15647
15655
15667
15672
15677
15709
15717
15741
15747
15760
15776
15801
15803
15812
15816
15822
15824
15854
15866
15874
15882
15900
15920
15928
15934
15947
15955
15957
15969
15971
15976
15983
15986
15991
16000
16001
16009
16021
16022
16031
16034
16046
16062
16076
16089
16092
16108
16120
16147
16161
16165
16168
16179
16181
16213
16216
16227
16243
16246
16274
16288
16298
16325
16346
16358
16360
16362
16379
