10 102
6 623
18 816
20 67
31 851
33 63
48 303
63 208
64 694
80 853
92 441
99 320
101 351
105 920
116 714
124 66
127 902
142 947
162 306
197 40
213 908
215 842
225 628
231 787
234 357
250 748
254 858
255 88
279 807
291 386
303 630
307 276
308 632
331 534
340 721
370 386
371 188
374 620
381 31
395 696
407 660
411 726
427 513
434 608
438 608
439 712
443 206
451 230
456 691
462 127
466 247
504 905
520 331
529 424
533 259
541 264
549 102
554 734
563 133
566 268
579 184
595 522
597 560
611 537
621 611
629 931
633 422
634 410
638 635
639 805
640 630
647 643
649 246
659 1011
664 540
668 343
694 436
712 157
713 498
734 185
742 817
748 559
755 878
757 563
827 160
840 116
844 69
863 336
873 652
878 584
887 671
912 579
926 444
939 348
944 200
963 920
975 456
976 935
980 379
984 636
999 290
1002 751
1004 482
