15 16384
0
1
2
3
4
6
7
8
9
11
12
18
19
21
23
24
25
28
30
31
32
34
35
36
38
42
52
53
54
55
57
59
60
63
67
68
69
70
71
76
78
84
85
86
88
91
93
96
98
101
102
104
105
106
108
110
111
113
114
120
122
124
125
126
127
128
130
131
132
135
137
141
144
146
149
150
153
156
157
158
164
173
175
176
179
180
182
183
184
185
187
189
192
193
195
196
197
198
203
207
208
210
214
215
219
220
228
229
231
233
234
237
238
239
242
243
244
246
248
250
253
256
258
261
266
267
268
272
273
274
275
279
281
282
283
286
288
293
296
297
299
300
303
304
306
308
309
310
311
313
314
319
320
321
323
324
327
330
331
336
337
338
339
340
341
344
345
350
351
358
359
363
364
369
370
371
373
374
375
376
377
379
381
382
384
385
387
389
391
394
395
398
401
403
405
407
408
409
411
415
416
418
420
421
424
427
429
431
432
435
436
437
438
439
443
447
453
454
455
456
457
460
468
472
475
477
478
479
480
484
485
486
487
488
489
493
497
498
500
504
507
508
510
513
514
515
517
519
522
523
524
525
526
530
532
533
534
536
538
539
541
543
545
546
548
549
550
551
552
556
557
558
559
560
561
564
568
570
571
572
573
575
577
578
580
581
583
588
590
591
596
601
608
610
611
613
614
616
618
619
622
623
624
625
627
628
630
631
632
636
637
638
640
645
646
647
649
650
653
655
656
660
662
665
666
668
671
676
677
678
679
680
685
686
688
691
692
693
694
695
696
697
699
701
709
710
712
713
716
718
719
723
724
725
726
727
728
729
731
735
738
739
740
743
745
747
748
749
753
754
755
756
759
763
765
768
770
771
773
775
776
778
779
780
783
784
785
787
790
791
792
793
795
796
797
798
800
805
807
808
809
810
813
814
815
816
817
819
821
823
824
828
829
830
831
832
833
834
835
837
838
839
842
843
845
847
852
853
855
857
861
862
863
865
867
868
869
871
874
876
877
878
879
882
883
884
888
889
891
892
893
896
897
898
901
902
905
907
913
914
916
917
919
921
925
927
934
936
938
939
940
943
944
945
946
949
951
952
953
956
957
958
959
961
962
963
965
966
968
969
970
971
972
973
975
978
979
980
982
985
986
994
995
996
997
998
999
1000
1003
1005
1012
1016
1017
1018
1019
1020
1025
1026
1027
1028
1033
1035
1038
1039
1041
1042
1043
1044
1046
1047
1049
1052
1053
1054
1055
1057
1058
1061
1067
1071
1072
1074
1075
1079
1080
1081
1083
1086
1087
1088
1090
1091
1092
1093
1095
1098
1099
1100
1102
1105
1106
1107
1108
1110
1115
1119
1122
1123
1124
1125
1126
1128
1129
1131
1132
1135
1137
1139
1140
1142
1143
1144
1145
1146
1150
1152
1155
1159
1161
1162
1164
1165
1166
1168
1169
1174
1175
1177
1179
1181
1182
1183
1185
1187
1189
1190
1193
1195
1198
1199
1201
1203
1204
1206
1208
1209
1212
1213
1214
1221
1223
1227
1229
1230
1231
1232
1234
1235
1236
1238
1240
1242
1243
1244
1245
1248
1249
1250
1251
1252
1253
1254
1255
1258
1259
1260
1261
1264
1265
1266
1268
1269
1270
1272
1273
1276
1278
1280
1282
1285
1294
1296
1297
1298
1299
1301
1302
1304
1305
1307
1308
1309
1310
1311
1312
1313
1317
1320
1325
1326
1329
1330
1331
1335
1336
1337
1339
1340
1341
1342
1343
1345
1348
1351
1353
1355
1357
1358
1359
1360
1362
1363
1366
1367
1369
1372
1375
1377
1379
1381
1382
1383
1385
1388
1390
1391
1392
1394
1396
1399
1401
1402
1404
1407
1409
1410
1413
1414
1416
1421
1422
1424
1425
1427
1432
1435
1437
1439
1442
1444
1445
1450
1454
1455
1457
1462
1467
1468
1469
1471
1473
1474
1478
1481
1483
1486
1490
1494
1500
1501
1503
1504
1506
1507
1508
1511
1512
1518
1520
1521
1522
1524
1525
1526
1528
1532
1535
1538
1540
1541
1542
1543
1544
1545
1547
1548
1551
1552
1553
1554
1557
1558
1560
1562
1564
1566
1569
1572
1573
1579
1582
1585
1588
1590
1591
1593
1594
1595
1597
1598
1599
1600
1603
1604
1606
1608
1609
1611
1613
1614
1615
1617
1621
1623
1624
1625
1627
1628
1629
1630
1632
1639
1641
1644
1645
1647
1649
1650
1651
1652
1653
1656
1657
1658
1659
1660
1662
1664
1665
1667
1669
1670
1671
1673
1676
1677
1678
1679
1685
1687
1688
1690
1696
1700
1701
1706
1710
1713
1714
1715
1716
1718
1719
1725
1726
1727
1728
1729
1730
1731
1735
1737
1739
1740
1742
1743
1745
1746
1747
1748
1749
1752
1755
1756
1758
1759
1764
1765
1766
1772
1773
1774
1778
1779
1784
1785
1788
1789
1790
1793
1794
1797
1798
1799
1800
1801
1802
1804
1807
1808
1810
1811
1814
1816
1817
1819
1820
1822
1828
1829
1831
1832
1833
1836
1837
1838
1839
1841
1842
1843
1849
1851
1853
1854
1855
1857
1859
1861
1862
1863
1867
1868
1869
1873
1874
1875
1877
1878
1879
1880
1881
1883
1886
1889
1891
1893
1896
1899
1900
1902
1903
1906
1908
1910
1913
1914
1917
1920
1922
1925
1928
1929
1931
1932
1933
1934
1936
1937
1939
1943
1944
1947
1948
1952
1953
1955
1957
1959
1960
1961
1969
1971
1976
1978
1981
1984
1985
1986
1988
1994
1995
1996
1999
2000
2001
2002
2005
2007
2009
2011
2012
2013
2015
2016
2018
2022
2024
2025
2027
2029
2032
2033
2034
2035
2037
2040
2042
2045
2046
2052
2053
2055
2057
2059
2061
2064
2065
2066
2069
2070
2072
2073
2075
2077
2078
2079
2080
2081
2082
2083
2085
2087
2088
2089
2091
2092
2095
2096
2098
2099
2100
2101
2102
2105
2106
2107
2108
2110
2113
2114
2116
2120
2122
2124
2127
2130
2133
2138
2139
2142
2145
2147
2148
2149
2150
2154
2156
2157
2159
2162
2163
2165
2167
2168
2170
2171
2172
2173
2174
2175
2177
2179
2180
2181
2183
2184
2185
2186
2187
2188
2190
2193
2194
2202
2205
2206
2207
2208
2210
2212
2213
2218
2221
2222
2226
2227
2228
2229
2230
2231
2233
2235
2236
2238
2245
2246
2247
2248
2250
2252
2253
2255
2256
2257
2258
2261
2263
2264
2268
2269
2276
2277
2278
2279
2280
2281
2282
2283
2284
2285
2286
2289
2293
2295
2296
2297
2298
2301
2302
2304
2305
2310
2313
2314
2319
2322
2326
2327
2328
2330
2334
2338
2339
2340
2341
2343
2345
2347
2348
2350
2351
2354
2355
2356
2358
2360
2363
2365
2367
2368
2371
2373
2374
2379
2385
2387
2389
2390
2391
2393
2396
2398
2399
2403
2404
2410
2412
2413
2414
2416
2419
2421
2424
2427
2432
2433
2441
2443
2444
2448
2449
2450
2451
2452
2453
2455
2459
2460
2464
2467
2468
2470
2472
2473
2475
2479
2481
2482
2483
2485
2488
2490
2492
2493
2495
2498
2500
2502
2504
2505
2508
2509
2513
2514
2516
2519
2520
2524
2525
2527
2528
2529
2530
2531
2532
2533
2535
2537
2538
2541
2543
2546
2547
2549
2550
2551
2553
2555
2556
2557
2558
2560
2561
2565
2568
2569
2571
2574
2576
2577
2581
2582
2583
2584
2585
2586
2587
2588
2591
2592
2597
2598
2600
2602
2603
2606
2607
2608
2609
2613
2617
2619
2623
2624
2630
2631
2635
2638
2639
2640
2642
2643
2644
2648
2651
2653
2654
2655
2656
2657
2659
2661
2664
2667
2669
2674
2675
2676
2678
2680
2681
2682
2683
2684
2685
2686
2687
2688
2689
2690
2692
2697
2699
2700
2702
2703
2704
2705
2707
2709
2711
2714
2715
2721
2726
2728
2733
2735
2738
2739
2742
2743
2746
2748
2749
2751
2752
2753
2756
2759
2761
2763
2765
2768
2769
2771
2772
2773
2774
2775
2777
2778
2780
2782
2783
2785
2790
2791
2792
2794
2798
2801
2806
2807
2810
2811
2813
2814
2816
2817
2820
2821
2823
2825
2826
2827
2829
2830
2832
2836
2837
2838
2840
2842
2843
2844
2845
2848
2849
2850
2851
2852
2854
2855
2856
2857
2859
2862
2863
2866
2867
2870
2873
2876
2877
2878
2883
2884
2885
2887
2888
2889
2890
2891
2892
2893
2895
2896
2897
2898
2902
2910
2917
2925
2932
2939
2942
2944
2950
2951
2952
2953
2954
2955
2956
2957
2959
2962
2963
2967
2968
2970
2974
2975
2976
2978
2979
2980
2982
2985
2986
2988
2990
2993
2999
3000
3001
3003
3005
3006
3008
3009
3010
3012
3014
3016
3020
3021
3023
3025
3027
3028
3029
3030
3031
3032
3033
3035
3037
3038
3040
3043
3045
3048
3050
3051
3053
3054
3056
3060
3061
3062
3063
3066
3067
3069
3070
3074
3075
3077
3078
3079
3080
3087
3089
3090
3091
3092
3093
3097
3098
3099
3100
3101
3106
3107
3111
3112
3117
3118
3120
3122
3123
3128
3131
3134
3135
3136
3138
3139
3141
3142
3143
3147
3149
3152
3153
3154
3156
3160
3163
3164
3165
3167
3172
3174
3177
3180
3182
3183
3184
3187
3188
3189
3191
3192
3198
3200
3201
3203
3204
3205
3206
3207
3210
3211
3212
3213
3216
3217
3223
3227
3229
3231
3237
3238
3239
3240
3241
3242
3247
3249
3250
3251
3253
3254
3257
3258
3260
3266
3268
3270
3273
3277
3281
3283
3284
3285
3286
3288
3289
3291
3297
3303
3307
3313
3314
3315
3317
3318
3321
3322
3323
3325
3328
3329
3332
3333
3335
3336
3339
3340
3341
3343
3345
3350
3351
3353
3356
3358
3359
3360
3361
3362
3363
3366
3367
3371
3372
3373
3377
3379
3380
3386
3387
3392
3393
3394
3397
3399
3402
3403
3405
3406
3408
3412
3413
3414
3416
3417
3418
3420
3424
3425
3427
3430
3431
3432
3437
3439
3440
3442
3443
3444
3448
3449
3454
3458
3460
3462
3463
3464
3465
3468
3472
3473
3474
3475
3476
3482
3486
3487
3489
3491
3493
3495
3497
3498
3502
3504
3505
3508
3510
3512
3513
3514
3519
3520
3521
3522
3527
3529
3533
3534
3536
3540
3541
3542
3543
3544
3548
3549
3552
3553
3554
3557
3561
3563
3566
3567
3570
3571
3575
3580
3583
3584
3585
3587
3588
3589
3590
3592
3594
3602
3605
3606
3608
3611
3613
3618
3620
3625
3626
3627
3628
3629
3630
3631
3635
3636
3640
3642
3644
3645
3646
3648
3649
3651
3654
3657
3658
3659
3661
3662
3664
3666
3667
3668
3674
3675
3676
3681
3683
3684
3688
3692
3695
3697
3698
3699
3701
3702
3703
3705
3706
3707
3710
3715
3717
3719
3724
3725
3726
3728
3729
3731
3733
3734
3737
3741
3742
3743
3746
3749
3752
3754
3756
3757
3758
3759
3761
3763
3765
3767
3769
3775
3779
3780
3781
3782
3784
3786
3787
3788
3791
3792
3803
3806
3807
3808
3810
3811
3812
3814
3815
3816
3817
3825
3826
3828
3829
3831
3832
3835
3837
3838
3839
3840
3843
3845
3846
3849
3854
3855
3856
3857
3858
3859
3863
3864
3866
3867
3868
3869
3872
3875
3876
3877
3878
3879
3880
3884
3885
3889
3891
3892
3893
3894
3896
3897
3900
3901
3905
3906
3910
3911
3913
3914
3915
3916
3917
3919
3921
3922
3927
3928
3937
3938
3939
3940
3942
3944
3945
3948
3953
3954
3960
3965
3967
3968
3969
3970
3972
3973
3974
3976
3978
3979
3980
3982
3984
3986
3987
3988
3989
3992
3994
3995
3997
3998
4000
4001
4002
4006
4012
4013
4016
4017
4021
4022
4024
4027
4028
4029
4030
4032
4033
4035
4036
4038
4040
4042
4044
4045
4050
4051
4052
4053
4054
4055
4056
4060
4061
4062
4063
4066
4067
4068
4070
4072
4074
4076
4077
4078
4082
4083
4084
4087
4089
4090
4092
4093
4095
4096
4101
4105
4106
4107
4110
4111
4112
4113
4114
4115
4116
4117
4118
4120
4121
4122
4124
4130
4134
4135
4138
4144
4151
4156
4157
4158
4159
4160
4161
4163
4164
4165
4169
4173
4175
4179
4180
4182
4187
4188
4190
4196
4197
4198
4202
4203
4206
4207
4208
4210
4211
4214
4215
4216
4217
4218
4219
4220
4222
4223
4225
4229
4230
4232
4233
4234
4235
4236
4238
4239
4240
4243
4246
4249
4250
4251
4252
4253
4255
4257
4258
4261
4264
4265
4267
4268
4269
4272
4274
4275
4276
4277
4278
4280
4281
4282
4284
4285
4286
4290
4291
4292
4293
4294
4295
4297
4299
4300
4302
4308
4309
4311
4312
4313
4315
4316
4320
4321
4322
4323
4325
4327
4330
4333
4335
4338
4339
4340
4342
4343
4346
4347
4348
4352
4353
4355
4358
4359
4362
4368
4369
4370
4371
4372
4373
4374
4378
4379
4380
4385
4388
4390
4391
4393
4395
4397
4398
4401
4403
4407
4416
4417
4420
4425
4428
4432
4433
4434
4439
4442
4443
4444
4446
4447
4448
4449
4451
4454
4456
4457
4458
4460
4463
4465
4468
4471
4472
4473
4474
4475
4476
4477
4479
4481
4482
4483
4485
4488
4489
4494
4498
4500
4501
4502
4503
4504
4508
4509
4510
4512
4513
4514
4520
4521
4524
4526
4527
4528
4529
4533
4536
4537
4541
4542
4543
4546
4550
4551
4552
4555
4556
4557
4558
4559
4562
4563
4566
4568
4572
4575
4579
4580
4581
4584
4585
4587
4588
4589
4591
4592
4593
4596
4603
4605
4606
4608
4609
4612
4613
4614
4617
4620
4625
4628
4629
4630
4632
4633
4634
4636
4637
4638
4639
4640
4642
4643
4644
4647
4649
4651
4652
4653
4654
4658
4661
4663
4665
4669
4671
4674
4675
4677
4682
4684
4685
4687
4688
4689
4691
4693
4694
4696
4697
4698
4699
4700
4703
4704
4708
4714
4715
4716
4717
4719
4720
4721
4722
4724
4725
4726
4729
4732
4740
4741
4744
4746
4750
4753
4754
4756
4758
4761
4763
4765
4767
4769
4770
4774
4776
4778
4779
4780
4782
4784
4785
4786
4788
4791
4792
4793
4796
4798
4800
4804
4808
4811
4812
4814
4816
4818
4819
4824
4825
4826
4827
4830
4831
4832
4833
4837
4842
4846
4847
4853
4854
4855
4858
4861
4862
4863
4865
4869
4870
4872
4876
4877
4879
4881
4887
4889
4890
4892
4893
4895
4898
4904
4905
4906
4907
4908
4909
4915
4920
4921
4922
4925
4926
4928
4929
4930
4932
4933
4934
4935
4936
4937
4938
4939
4940
4941
4943
4945
4951
4954
4955
4958
4959
4960
4961
4962
4970
4980
4981
4982
4983
4988
4991
4992
4993
4994
4996
4997
5000
5001
5002
5004
5006
5012
5013
5014
5015
5017
5018
5019
5020
5023
5028
5029
5030
5035
5036
5038
5039
5042
5044
5045
5046
5048
5051
5052
5054
5057
5060
5061
5062
5063
5068
5069
5072
5074
5075
5076
5079
5080
5081
5084
5085
5087
5088
5089
5090
5092
5093
5094
5098
5100
5101
5102
5104
5105
5106
5107
5109
5110
5113
5116
5117
5118
5119
5120
5121
5122
5126
5128
5129
5131
5132
5140
5142
5143
5145
5149
5150
5153
5156
5158
5159
5161
5162
5163
5164
5165
5167
5168
5175
5177
5178
5180
5181
5182
5184
5187
5189
5190
5191
5192
5194
5195
5196
5198
5199
5200
5201
5206
5208
5209
5212
5215
5217
5218
5222
5223
5225
5227
5228
5229
5231
5234
5235
5236
5237
5241
5242
5243
5244
5246
5251
5252
5254
5256
5257
5258
5259
5263
5264
5266
5267
5268
5269
5272
5273
5275
5278
5280
5281
5283
5285
5288
5289
5290
5292
5293
5296
5299
5300
5301
5303
5304
5305
5306
5307
5308
5310
5312
5313
5314
5317
5319
5321
5324
5325
5328
5329
5330
5332
5334
5337
5338
5339
5340
5341
5343
5350
5356
5364
5370
5374
5375
5379
5380
5381
5383
5384
5385
5386
5388
5393
5394
5395
5397
5398
5400
5401
5402
5403
5406
5408
5409
5410
5412
5414
5417
5419
5421
5424
5427
5429
5433
5434
5435
5436
5439
5440
5442
5443
5444
5445
5446
5448
5449
5452
5453
5457
5459
5463
5466
5468
5469
5470
5473
5474
5476
5478
5481
5484
5487
5491
5492
5495
5500
5501
5504
5505
5506
5507
5509
5511
5514
5516
5517
5520
5522
5523
5524
5525
5526
5528
5529
5531
5534
5535
5537
5540
5543
5544
5545
5546
5551
5552
5557
5560
5563
5564
5565
5566
5567
5569
5571
5573
5574
5575
5576
5579
5585
5586
5587
5589
5590
5591
5594
5596
5599
5602
5603
5605
5607
5609
5611
5612
5615
5616
5617
5619
5620
5621
5623
5624
5627
5629
5630
5632
5633
5634
5638
5640
5641
5644
5645
5647
5648
5650
5651
5652
5653
5662
5663
5664
5667
5669
5672
5674
5675
5678
5680
5682
5683
5685
5687
5688
5690
5693
5696
5700
5706
5707
5709
5710
5711
5712
5713
5714
5717
5719
5721
5728
5729
5730
5732
5734
5735
5736
5738
5739
5740
5741
5742
5745
5747
5748
5749
5750
5752
5754
5755
5756
5758
5762
5763
5764
5766
5767
5768
5772
5773
5775
5777
5782
5783
5785
5786
5788
5792
5798
5799
5802
5804
5805
5808
5809
5811
5818
5823
5824
5826
5828
5830
5832
5835
5837
5838
5840
5845
5851
5853
5854
5857
5863
5864
5866
5868
5869
5874
5876
5878
5880
5883
5893
5895
5897
5899
5901
5903
5904
5905
5909
5911
5912
5913
5915
5916
5918
5921
5924
5925
5927
5928
5932
5935
5936
5937
5938
5942
5943
5945
5946
5948
5949
5950
5952
5954
5955
5958
5959
5967
5969
5970
5971
5973
5975
5978
5979
5981
5983
5984
5985
5986
5987
5990
5992
5994
5996
5998
6002
6004
6005
6006
6008
6011
6016
6025
6027
6028
6029
6037
6041
6049
6051
6052
6054
6055
6056
6057
6059
6061
6062
6063
6064
6067
6068
6070
6072
6073
6075
6077
6078
6079
6081
6082
6083
6085
6089
6090
6091
6092
6094
6095
6101
6102
6103
6105
6110
6111
6113
6114
6118
6121
6122
6123
6124
6125
6126
6127
6133
6135
6136
6137
6138
6139
6140
6143
6144
6146
6147
6150
6151
6152
6154
6155
6157
6158
6159
6160
6161
6162
6163
6165
6166
6167
6169
6171
6174
6180
6181
6183
6184
6185
6188
6189
6190
6197
6198
6200
6201
6203
6205
6206
6207
6208
6210
6211
6216
6219
6222
6224
6225
6229
6230
6233
6234
6235
6236
6238
6240
6242
6243
6246
6248
6249
6251
6252
6253
6254
6255
6260
6261
6262
6264
6267
6268
6269
6272
6274
6275
6276
6277
6278
6279
6284
6287
6288
6289
6290
6291
6292
6293
6294
6297
6298
6300
6306
6313
6314
6315
6319
6320
6321
6323
6324
6325
6327
6329
6331
6332
6334
6337
6339
6340
6341
6342
6343
6349
6351
6352
6354
6355
6356
6357
6358
6359
6362
6363
6365
6366
6367
6371
6372
6373
6374
6375
6376
6382
6384
6385
6386
6387
6388
6392
6393
6394
6395
6399
6402
6403
6405
6407
6408
6410
6416
6417
6418
6420
6421
6423
6424
6425
6428
6429
6435
6436
6442
6445
6447
6448
6449
6451
6453
6454
6455
6457
6458
6460
6461
6462
6463
6464
6467
6468
6469
6470
6471
6473
6478
6480
6482
6485
6486
6487
6489
6493
6494
6496
6499
6501
6502
6503
6506
6510
6514
6515
6516
6518
6520
6523
6525
6528
6531
6532
6533
6535
6537
6538
6540
6542
6543
6545
6546
6547
6548
6549
6550
6552
6553
6558
6560
6561
6564
6565
6567
6568
6569
6571
6572
6575
6577
6578
6580
6581
6582
6583
6586
6587
6588
6590
6591
6593
6596
6600
6601
6602
6604
6605
6606
6607
6608
6609
6618
6619
6621
6622
6626
6630
6631
6635
6638
6639
6640
6642
6643
6645
6646
6647
6648
6650
6654
6656
6657
6658
6659
6660
6661
6663
6665
6667
6669
6671
6674
6678
6680
6685
6686
6687
6690
6691
6692
6693
6696
6698
6700
6701
6702
6703
6705
6712
6714
6715
6716
6717
6718
6719
6720
6721
6722
6723
6724
6725
6726
6727
6729
6730
6731
6732
6735
6736
6739
6740
6742
6744
6752
6753
6754
6755
6756
6757
6758
6759
6760
6764
6766
6767
6771
6773
6774
6775
6778
6783
6785
6786
6789
6791
6793
6794
6795
6796
6797
6800
6801
6802
6803
6806
6807
6811
6812
6814
6815
6819
6820
6822
6823
6826
6828
6830
6835
6836
6837
6840
6843
6844
6845
6847
6848
6854
6855
6856
6858
6859
6860
6861
6863
6864
6869
6870
6873
6875
6877
6878
6881
6885
6887
6889
6890
6892
6894
6895
6896
6899
6901
6903
6919
6920
6921
6923
6926
6931
6932
6933
6934
6935
6936
6939
6940
6944
6945
6946
6947
6948
6951
6953
6955
6956
6957
6964
6965
6966
6971
6974
6978
6987
6990
6992
6993
6994
6996
6997
6998
6999
7000
7001
7003
7004
7005
7006
7007
7009
7010
7012
7013
7014
7015
7016
7018
7022
7023
7025
7027
7028
7030
7032
7036
7037
7039
7043
7045
7047
7048
7050
7051
7052
7053
7054
7058
7060
7062
7066
7067
7070
7072
7073
7075
7080
7083
7088
7092
7093
7094
7095
7096
7097
7098
7100
7101
7103
7104
7105
7108
7116
7123
7127
7128
7131
7132
7133
7134
7137
7138
7139
7140
7143
7145
7146
7151
7152
7153
7154
7155
7156
7157
7158
7159
7161
7166
7168
7169
7170
7171
7172
7173
7176
7180
7181
7185
7186
7187
7189
7193
7196
7197
7201
7202
7204
7206
7207
7208
7211
7212
7213
7214
7216
7217
7218
7221
7224
7227
7229
7234
7235
7236
7237
7238
7239
7240
7241
7242
7243
7245
7246
7250
7253
7259
7261
7262
7267
7270
7271
7276
7278
7281
7282
7283
7285
7287
7290
7291
7293
7295
7297
7298
7299
7300
7301
7302
7303
7306
7319
7321
7323
7326
7328
7330
7332
7333
7334
7335
7337
7339
7344
7347
7349
7350
7351
7353
7356
7359
7361
7365
7366
7367
7369
7370
7371
7372
7373
7377
7380
7381
7384
7385
7386
7387
7388
7393
7394
7395
7397
7400
7406
7408
7409
7410
7411
7413
7414
7418
7420
7422
7424
7425
7427
7428
7430
7432
7433
7434
7440
7441
7445
7448
7451
7452
7457
7458
7459
7460
7463
7464
7465
7466
7471
7476
7479
7482
7483
7485
7491
7492
7494
7495
7499
7500
7501
7503
7509
7510
7511
7513
7515
7516
7518
7519
7523
7526
7527
7528
7530
7532
7533
7535
7537
7538
7539
7541
7542
7543
7544
7548
7549
7551
7553
7554
7558
7559
7561
7563
7564
7566
7567
7570
7574
7579
7580
7581
7582
7583
7584
7585
7586
7587
7588
7590
7593
7594
7596
7597
7599
7602
7603
7606
7609
7610
7611
7612
7614
7616
7619
7621
7626
7627
7630
7633
7639
7640
7641
7642
7643
7645
7646
7648
7649
7653
7654
7658
7659
7660
7661
7662
7663
7666
7668
7669
7670
7671
7673
7675
7677
7678
7679
7681
7682
7686
7688
7691
7692
7696
7697
7699
7700
7701
7702
7704
7705
7706
7707
7708
7709
7716
7722
7723
7725
7726
7727
7728
7729
7731
7733
7734
7741
7742
7748
7752
7754
7755
7756
7757
7761
7764
7766
7769
7771
7774
7775
7776
7778
7787
7788
7790
7792
7794
7795
7797
7799
7800
7801
7802
7803
7806
7807
7808
7809
7810
7811
7812
7814
7824
7825
7826
7827
7828
7830
7831
7837
7841
7844
7847
7848
7849
7851
7853
7855
7856
7858
7859
7863
7865
7868
7871
7873
7877
7878
7880
7882
7884
7886
7888
7892
7894
7896
7898
7899
7900
7901
7902
7903
7904
7906
7907
7908
7911
7916
7918
7921
7924
7927
7930
7933
7934
7937
7940
7943
7944
7948
7950
7951
7953
7954
7956
7959
7961
7962
7963
7966
7967
7972
7973
7974
7977
7978
7990
7993
7994
7996
7997
8001
8003
8004
8007
8010
8012
8014
8015
8016
8022
8024
8025
8026
8028
8032
8033
8034
8036
8037
8038
8040
8042
8043
8045
8046
8049
8054
8055
8058
8059
8060
8066
8076
8077
8078
8079
8081
8082
8083
8084
8085
8087
8088
8090
8091
8094
8097
8098
8100
8101
8102
8104
8105
8109
8111
8112
8113
8114
8116
8118
8120
8124
8125
8126
8128
8129
8131
8133
8134
8135
8137
8138
8141
8142
8143
8144
8146
8148
8149
8150
8152
8156
8157
8158
8159
8161
8164
8166
8168
8170
8172
8175
8178
8179
8180
8182
8183
8184
8186
8187
8188
8189
8191
8193
8195
8197
8200
8201
8208
8209
8210
8212
8216
8218
8222
8223
8224
8230
8235
8237
8239
8244
8246
8251
8255
8257
8258
8259
8260
8261
8263
8264
8265
8266
8267
8268
8269
8272
8277
8278
8279
8284
8285
8292
8301
8304
8308
8309
8310
8318
8322
8326
8328
8334
8337
8340
8341
8345
8346
8348
8351
8352
8353
8359
8361
8362
8363
8364
8366
8368
8374
8378
8380
8381
8382
8383
8385
8386
8387
8388
8389
8390
8391
8392
8393
8394
8396
8397
8398
8400
8401
8402
8403
8405
8406
8409
8410
8418
8421
8422
8423
8424
8425
8426
8427
8430
8433
8437
8438
8440
8447
8449
8452
8455
8458
8459
8460
8465
8468
8470
8471
8473
8474
8475
8476
8478
8482
8484
8485
8486
8491
8492
8498
8500
8502
8505
8506
8507
8509
8513
8517
8519
8520
8524
8525
8526
8527
8528
8529
8530
8532
8534
8535
8536
8538
8541
8546
8549
8550
8553
8554
8556
8557
8558
8559
8564
8567
8569
8570
8571
8572
8573
8576
8578
8580
8583
8586
8589
8593
8594
8595
8598
8599
8601
8602
8603
8611
8612
8613
8616
8617
8618
8619
8621
8622
8624
8626
8632
8633
8635
8636
8639
8640
8642
8643
8649
8650
8652
8656
8660
8661
8664
8665
8668
8670
8672
8676
8678
8679
8680
8683
8685
8687
8688
8689
8690
8691
8692
8696
8699
8700
8703
8704
8705
8707
8708
8709
8710
8711
8721
8722
8723
8725
8726
8727
8729
8731
8732
8733
8735
8736
8737
8738
8740
8741
8746
8747
8749
8753
8754
8755
8758
8761
8762
8765
8766
8767
8769
8770
8774
8777
8778
8781
8782
8784
8786
8787
8789
8790
8801
8802
8804
8805
8808
8810
8811
8812
8813
8815
8816
8818
8819
8820
8821
8822
8823
8825
8826
8828
8831
8832
8833
8834
8839
8840
8841
8843
8844
8845
8847
8849
8850
8852
8859
8861
8862
8863
8865
8866
8867
8873
8877
8879
8880
8881
8882
8883
8884
8885
8888
8889
8890
8891
8892
8893
8894
8895
8896
8897
8898
8900
8902
8903
8905
8906
8908
8909
8910
8912
8917
8920
8923
8925
8928
8930
8932
8934
8936
8938
8939
8940
8941
8942
8950
8951
8954
8956
8959
8960
8961
8963
8966
8967
8968
8970
8971
8972
8975
8977
8978
8979
8980
8981
8983
8984
8990
8991
8992
8993
8995
8998
9000
9002
9004
9006
9007
9008
9009
9010
9014
9017
9018
9019
9020
9021
9024
9027
9029
9030
9033
9034
9035
9042
9043
9044
9045
9048
9049
9052
9057
9059
9060
9062
9065
9066
9067
9069
9070
9074
9075
9076
9078
9080
9081
9086
9087
9088
9094
9099
9100
9101
9102
9103
9105
9107
9108
9112
9113
9114
9116
9117
9118
9119
9121
9123
9125
9128
9131
9133
9135
9137
9138
9143
9147
9148
9149
9151
9152
9153
9154
9155
9157
9160
9164
9165
9169
9174
9175
9176
9178
9180
9181
9183
9185
9187
9190
9196
9197
9199
9200
9202
9205
9206
9208
9209
9210
9212
9213
9216
9218
9220
9222
9223
9225
9227
9229
9230
9231
9232
9233
9234
9235
9236
9238
9239
9240
9241
9243
9244
9245
9252
9253
9254
9255
9257
9259
9261
9262
9263
9264
9266
9267
9270
9272
9274
9276
9277
9278
9280
9281
9282
9284
9285
9286
9287
9290
9292
9297
9298
9299
9301
9302
9304
9305
9306
9308
9309
9310
9313
9315
9316
9317
9318
9321
9326
9327
9328
9329
9331
9332
9334
9337
9338
9339
9340
9341
9342
9343
9347
9349
9351
9352
9354
9357
9358
9363
9366
9367
9368
9369
9372
9375
9377
9378
9382
9383
9387
9389
9393
9394
9395
9397
9398
9400
9401
9402
9407
9408
9409
9410
9411
9412
9413
9415
9416
9418
9419
9420
9424
9427
9429
9432
9434
9435
9436
9437
9440
9444
9450
9451
9453
9456
9457
9458
9459
9460
9462
9465
9467
9468
9469
9471
9476
9477
9478
9479
9480
9481
9482
9483
9485
9488
9495
9496
9497
9498
9499
9503
9506
9507
9508
9512
9514
9515
9519
9520
9522
9523
9525
9526
9527
9531
9533
9535
9538
9541
9545
9546
9552
9556
9557
9558
9559
9562
9564
9568
9569
9573
9575
9576
9579
9581
9584
9586
9587
9589
9594
9595
9596
9597
9598
9602
9605
9606
9609
9611
9612
9613
9614
9620
9622
9625
9630
9633
9634
9636
9638
9642
9643
9648
9649
9653
9655
9656
9657
9658
9660
9663
9665
9668
9669
9670
9672
9673
9675
9678
9683
9684
9685
9688
9689
9692
9693
9695
9701
9702
9703
9704
9705
9707
9708
9710
9711
9712
9714
9715
9717
9720
9721
9725
9726
9729
9730
9731
9733
9734
9738
9739
9740
9745
9746
9747
9749
9753
9755
9757
9758
9762
9763
9764
9765
9768
9770
9771
9773
9777
9780
9784
9785
9790
9791
9792
9798
9799
9802
9804
9805
9806
9807
9810
9814
9815
9816
9818
9822
9823
9825
9826
9827
9830
9833
9835
9841
9842
9844
9845
9847
9848
9849
9850
9851
9853
9855
9856
9857
9861
9862
9864
9865
9868
9869
9870
9872
9874
9875
9877
9880
9881
9882
9883
9884
9885
9889
9890
9892
9895
9897
9898
9899
9900
9901
9902
9904
9906
9907
9908
9909
9914
9918
9919
9926
9927
9928
9930
9932
9933
9935
9938
9940
9941
9945
9948
9949
9951
9953
9956
9957
9961
9963
9964
9967
9968
9970
9971
9972
9973
9974
9975
9976
9980
9986
9990
9991
9995
9996
10000
10001
10002
10003
10007
10010
10014
10016
10019
10020
10023
10024
10025
10026
10028
10029
10032
10033
10034
10036
10037
10038
10040
10042
10045
10046
10047
10049
10052
10053
10054
10055
10058
10059
10060
10064
10066
10067
10069
10071
10072
10077
10080
10082
10083
10084
10085
10086
10087
10088
10089
10090
10091
10092
10093
10096
10097
10100
10101
10103
10105
10106
10108
10110
10111
10114
10116
10118
10119
10122
10123
10124
10126
10129
10132
10134
10137
10139
10140
10142
10145
10148
10150
10151
10152
10154
10155
10165
10167
10169
10171
10173
10174
10176
10177
10178
10180
10182
10183
10184
10185
10187
10190
10191
10195
10196
10201
10202
10203
10204
10206
10207
10208
10209
10212
10213
10214
10216
10217
10218
10220
10221
10223
10225
10226
10227
10229
10231
10232
10233
10236
10240
10242
10244
10245
10246
10251
10253
10255
10256
10259
10268
10269
10270
10271
10274
10276
10277
10278
10279
10281
10282
10289
10292
10293
10294
10295
10297
10298
10299
10300
10301
10304
10305
10307
10313
10317
10318
10319
10322
10324
10327
10328
10330
10331
10332
10334
10336
10340
10341
10342
10343
10344
10346
10348
10352
10356
10357
10361
10362
10363
10365
10367
10372
10373
10375
10382
10384
10385
10387
10388
10396
10399
10405
10406
10407
10408
10409
10413
10414
10415
10416
10417
10419
10420
10421
10423
10424
10425
10426
10427
10428
10432
10435
10436
10437
10439
10442
10445
10446
10447
10449
10451
10453
10454
10455
10457
10458
10459
10461
10462
10473
10475
10477
10478
10479
10483
10484
10485
10487
10488
10493
10494
10495
10497
10499
10501
10504
10505
10506
10507
10509
10510
10514
10515
10517
10524
10525
10526
10527
10529
10533
10535
10536
10537
10540
10541
10542
10543
10549
10551
10554
10556
10557
10558
10560
10561
10562
10565
10566
10570
10571
10573
10574
10577
10578
10580
10581
10586
10589
10590
10591
10592
10593
10597
10598
10602
10603
10604
10615
10616
10617
10618
10620
10621
10622
10624
10625
10628
10629
10632
10633
10635
10637
10638
10642
10643
10646
10648
10652
10654
10659
10660
10662
10664
10665
10666
10667
10668
10670
10671
10673
10674
10675
10677
10682
10683
10684
10687
10691
10692
10696
10698
10699
10701
10703
10705
10707
10711
10712
10716
10718
10719
10720
10722
10723
10724
10725
10729
10730
10731
10733
10734
10735
10737
10738
10742
10749
10750
10751
10753
10756
10759
10760
10761
10762
10765
10767
10769
10771
10772
10775
10776
10778
10780
10782
10783
10784
10787
10793
10794
10799
10802
10806
10810
10811
10813
10815
10817
10822
10825
10826
10827
10837
10839
10840
10841
10842
10843
10844
10846
10848
10850
10852
10853
10854
10856
10859
10863
10864
10866
10867
10869
10872
10873
10874
10875
10880
10881
10883
10884
10888
10889
10891
10892
10893
10895
10896
10899
10904
10905
10906
10909
10910
10912
10915
10917
10918
10920
10922
10923
10927
10928
10929
10932
10933
10934
10937
10938
10939
10941
10945
10947
10950
10951
10954
10961
10962
10963
10965
10966
10968
10970
10982
10984
10989
10990
10991
10992
10993
10995
10996
10997
10998
10999
11000
11001
11009
11011
11013
11014
11016
11018
11023
11029
11030
11031
11034
11036
11039
11040
11044
11047
11048
11049
11050
11054
11055
11057
11058
11061
11063
11065
11066
11067
11069
11071
11072
11074
11075
11077
11079
11080
11082
11083
11085
11086
11087
11088
11089
11090
11102
11111
11113
11115
11116
11117
11118
11120
11121
11123
11124
11125
11126
11127
11128
11129
11130
11131
11132
11134
11135
11139
11140
11142
11143
11144
11147
11150
11151
11152
11153
11155
11157
11158
11159
11161
11162
11163
11165
11166
11167
11169
11171
11174
11175
11177
11179
11181
11185
11190
11191
11192
11194
11195
11196
11197
11198
11200
11203
11206
11208
11210
11211
11212
11213
11215
11216
11219
11220
11227
11233
11235
11238
11239
11240
11241
11245
11246
11248
11252
11253
11255
11256
11257
11260
11261
11264
11266
11270
11271
11273
11277
11280
11282
11284
11285
11286
11287
11288
11289
11290
11292
11293
11294
11295
11296
11297
11299
11300
11301
11304
11305
11308
11309
11310
11313
11315
11317
11318
11319
11320
11323
11324
11327
11328
11332
11335
11336
11337
11338
11340
11343
11344
11345
11346
11347
11351
11352
11361
11362
11363
11364
11365
11368
11370
11371
11374
11375
11376
11378
11380
11384
11386
11387
11389
11392
11393
11396
11399
11403
11404
11407
11410
11411
11417
11419
11421
11422
11423
11428
11430
11433
11434
11435
11440
11441
11444
11447
11449
11450
11451
11454
11456
11458
11459
11460
11463
11465
11467
11471
11478
11479
11480
11482
11483
11485
11487
11491
11492
11493
11495
11496
11501
11502
11504
11505
11506
11511
11513
11514
11516
11517
11519
11520
11521
11522
11523
11524
11525
11528
11529
11530
11534
11535
11536
11537
11539
11543
11544
11546
11547
11548
11552
11554
11556
11558
11559
11560
11562
11563
11564
11566
11567
11568
11569
11572
11573
11576
11577
11578
11579
11580
11585
11586
11587
11589
11591
11592
11595
11596
11598
11599
11602
11606
11607
11614
11616
11618
11620
11622
11626
11629
11630
11631
11632
11635
11638
11639
11640
11642
11643
11644
11645
11647
11651
11656
11660
11661
11662
11663
11664
11666
11668
11670
11671
11673
11674
11675
11679
11680
11681
11683
11688
11691
11693
11694
11696
11697
11700
11703
11704
11705
11710
11712
11713
11716
11717
11718
11722
11725
11726
11727
11731
11732
11734
11735
11736
11737
11739
11742
11743
11745
11746
11747
11748
11751
11755
11757
11761
11762
11769
11770
11772
11777
11778
11780
11782
11783
11784
11786
11788
11789
11790
11791
11792
11793
11794
11795
11796
11797
11799
11802
11804
11805
11806
11811
11812
11813
11815
11818
11819
11821
11823
11826
11827
11828
11829
11830
11831
11832
11833
11835
11837
11838
11839
11840
11841
11842
11843
11846
11847
11848
11853
11854
11856
11857
11858
11859
11864
11865
11869
11872
11874
11876
11877
11879
11880
11881
11882
11883
11885
11886
11889
11891
11892
11893
11897
11898
11900
11901
11902
11903
11904
11908
11909
11910
11911
11912
11913
11915
11917
11919
11920
11925
11927
11929
11932
11936
11937
11938
11941
11942
11944
11946
11947
11948
11949
11950
11951
11952
11955
11956
11957
11958
11959
11963
11967
11968
11969
11970
11972
11973
11975
11977
11980
11982
11983
11984
11985
11989
11990
11992
11993
11998
11999
12001
12002
12004
12008
12009
12012
12013
12014
12017
12020
12021
12022
12029
12030
12031
12032
12034
12035
12038
12039
12040
12041
12045
12047
12050
12051
12054
12056
12057
12058
12060
12061
12063
12064
12065
12066
12068
12072
12074
12076
12077
12078
12079
12081
12083
12086
12088
12089
12090
12094
12096
12098
12099
12100
12105
12106
12108
12110
12112
12113
12116
12122
12123
12124
12126
12129
12131
12133
12135
12136
12137
12141
12142
12143
12144
12145
12148
12149
12152
12154
12156
12157
12158
12159
12160
12161
12162
12163
12164
12165
12167
12168
12169
12170
12172
12175
12176
12178
12186
12187
12188
12190
12195
12197
12198
12199
12200
12201
12202
12204
12206
12207
12208
12211
12213
12214
12219
12221
12223
12225
12229
12230
12231
12232
12234
12235
12237
12239
12242
12243
12245
12248
12249
12251
12257
12260
12261
12264
12268
12270
12276
12277
12278
12281
12282
12283
12284
12292
12293
12294
12295
12298
12299
12300
12301
12302
12310
12311
12313
12314
12315
12316
12317
12320
12322
12323
12326
12330
12331
12332
12338
12342
12344
12345
12348
12350
12355
12362
12363
12364
12365
12367
12368
12369
12370
12371
12372
12375
12377
12381
12384
12385
12389
12391
12393
12397
12399
12400
12403
12405
12406
12407
12408
12409
12410
12411
12412
12413
12414
12418
12419
12423
12424
12425
12427
12428
12435
12437
12438
12443
12445
12446
12447
12449
12450
12451
12454
12462
12465
12467
12469
12470
12471
12472
12473
12475
12476
12479
12480
12486
12489
12494
12495
12505
12507
12508
12517
12518
12520
12522
12524
12527
12528
12529
12530
12532
12534
12536
12537
12538
12539
12541
12544
12545
12546
12548
12549
12551
12552
12553
12554
12557
12559
12562
12563
12564
12565
12567
12572
12575
12576
12578
12579
12582
12583
12585
12587
12592
12595
12596
12598
12600
12602
12604
12607
12608
12609
12610
12613
12614
12615
12616
12625
12626
12627
12629
12630
12633
12636
12638
12643
12644
12651
12654
12656
12657
12659
12660
12663
12664
12666
12668
12669
12671
12672
12675
12676
12677
12678
12681
12682
12687
12690
12694
12695
12698
12701
12702
12703
12704
12706
12709
12710
12711
12712
12713
12714
12715
12719
12720
12721
12725
12727
12728
12730
12732
12734
12735
12737
12739
12744
12748
12750
12751
12752
12754
12758
12760
12763
12766
12768
12770
12772
12773
12779
12780
12781
12783
12785
12790
12792
12793
12794
12799
12800
12802
12805
12807
12808
12811
12812
12813
12817
12818
12819
12820
12823
12825
12826
12827
12833
12834
12836
12837
12839
12840
12843
12846
12847
12848
12851
12852
12856
12857
12858
12860
12864
12866
12868
12871
12872
12873
12874
12876
12879
12880
12881
12882
12892
12896
12897
12898
12901
12905
12908
12912
12913
12914
12916
12917
12918
12922
12923
12926
12929
12930
12931
12932
12933
12934
12936
12938
12942
12943
12944
12945
12947
12948
12951
12955
12959
12962
12963
12969
12970
12971
12972
12973
12974
12975
12977
12979
12980
12981
12982
12984
12985
12987
12989
12990
12995
12999
13000
13002
13004
13005
13006
13008
13009
13011
13020
13022
13023
13024
13027
13028
13029
13034
13035
13037
13040
13041
13043
13046
13048
13049
13051
13054
13055
13060
13065
13066
13069
13074
13076
13077
13081
13082
13083
13084
13088
13089
13090
13093
13095
13099
13100
13101
13102
13103
13104
13112
13113
13114
13119
13120
13126
13127
13129
13133
13134
13136
13137
13138
13140
13143
13144
13145
13146
13148
13154
13156
13157
13159
13162
13164
13166
13167
13168
13170
13171
13172
13173
13174
13175
13179
13180
13181
13182
13184
13185
13187
13189
13192
13193
13195
13197
13198
13199
13200
13201
13203
13205
13207
13208
13209
13211
13212
13213
13216
13219
13221
13223
13225
13227
13228
13230
13232
13234
13235
13236
13238
13243
13246
13247
13249
13250
13253
13257
13258
13265
13266
13268
13269
13271
13274
13275
13276
13278
13279
13281
13282
13283
13285
13288
13293
13296
13299
13301
13302
13303
13304
13305
13308
13311
13312
13316
13317
13318
13319
13321
13325
13328
13329
13334
13335
13337
13338
13341
13342
13343
13344
13345
13351
13353
13354
13355
13357
13359
13363
13367
13372
13376
13377
13383
13389
13390
13392
13394
13395
13401
13402
13403
13405
13407
13410
13413
13414
13415
13416
13417
13418
13419
13421
13425
13427
13428
13430
13435
13437
13439
13444
13445
13447
13452
13453
13455
13460
13461
13462
13464
13465
13466
13469
13471
13473
13474
13476
13477
13478
13481
13482
13484
13485
13487
13491
13493
13495
13496
13497
13499
13501
13503
13504
13505
13506
13507
13509
13510
13511
13512
13514
13515
13519
13520
13521
13522
13526
13527
13529
13531
13532
13534
13535
13536
13537
13538
13539
13543
13544
13545
13546
13548
13549
13550
13552
13553
13554
13557
13558
13560
13561
13562
13566
13567
13568
13569
13571
13572
13573
13577
13580
13581
13582
13583
13586
13589
13594
13595
13599
13600
13602
13603
13605
13607
13608
13610
13612
13614
13615
13616
13618
13620
13621
13627
13631
13634
13635
13636
13642
13647
13649
13652
13655
13656
13657
13659
13661
13662
13664
13665
13666
13668
13669
13670
13671
13672
13673
13674
13675
13676
13677
13678
13680
13681
13682
13689
13691
13695
13696
13701
13702
13704
13705
13707
13708
13709
13713
13717
13718
13719
13721
13722
13724
13725
13727
13728
13729
13730
13731
13732
13735
13737
13738
13739
13742
13743
13745
13746
13747
13748
13752
13753
13758
13760
13762
13763
13765
13766
13767
13768
13772
13774
13777
13778
13780
13781
13782
13784
13786
13788
13789
13790
13792
13793
13796
13804
13806
13807
13808
13810
13811
13812
13813
13814
13817
13820
13822
13825
13827
13828
13829
13830
13831
13832
13842
13843
13844
13845
13847
13849
13850
13851
13852
13853
13855
13857
13859
13861
13865
13866
13867
13869
13870
13871
13874
13875
13877
13880
13882
13884
13885
13886
13887
13888
13890
13891
13893
13894
13895
13897
13898
13899
13901
13902
13903
13905
13908
13909
13912
13913
13916
13919
13920
13921
13922
13930
13933
13939
13945
13947
13951
13954
13956
13959
13964
13965
13968
13970
13971
13981
13982
13983
13986
13988
13989
13990
13991
13992
13994
13999
14001
14002
14004
14007
14008
14009
14010
14012
14013
14014
14015
14016
14018
14019
14023
14024
14025
14028
14029
14030
14037
14038
14040
14048
14049
14051
14053
14055
14056
14060
14062
14066
14068
14071
14072
14073
14075
14076
14079
14082
14085
14086
14087
14090
14096
14099
14101
14103
14104
14105
14107
14110
14111
14114
14115
14119
14120
14125
14126
14127
14128
14130
14131
14133
14134
14135
14136
14143
14146
14148
14149
14150
14152
14166
14168
14170
14171
14172
14173
14174
14176
14177
14178
14183
14186
14187
14190
14196
14197
14200
14207
14208
14213
14214
14220
14222
14223
14225
14226
14228
14233
14238
14244
14246
14247
14249
14253
14254
14255
14256
14258
14261
14262
14263
14269
14270
14272
14273
14274
14275
14276
14277
14280
14281
14282
14286
14287
14290
14291
14294
14296
14298
14299
14301
14302
14303
14305
14306
14307
14309
14312
14313
14315
14316
14318
14319
14322
14323
14324
14326
14329
14331
14333
14335
14340
14342
14343
14344
14345
14348
14350
14352
14353
14354
14357
14358
14359
14360
14361
14362
14363
14364
14366
14368
14369
14370
14375
14378
14379
14380
14385
14387
14388
14391
14392
14398
14400
14401
14402
14404
14405
14406
14408
14410
14412
14413
14414
14415
14419
14421
14422
14423
14426
14427
14429
14430
14431
14433
14435
14440
14442
14443
14444
14446
14454
14455
14457
14460
14462
14463
14465
14468
14469
14471
14472
14473
14474
14476
14477
14478
14482
14484
14487
14488
14492
14493
14494
14495
14497
14499
14501
14502
14510
14511
14513
14514
14516
14517
14518
14519
14521
14523
14528
14529
14530
14531
14532
14534
14537
14539
14540
14542
14546
14547
14548
14550
14555
14556
14558
14559
14560
14562
14565
14566
14567
14573
14575
14576
14580
14581
14585
14586
14588
14590
14592
14593
14594
14595
14599
14600
14602
14604
14605
14607
14609
14610
14613
14614
14616
14617
14618
14619
14620
14622
14623
14628
14629
14633
14634
14636
14637
14638
14641
14643
14646
14650
14651
14652
14653
14657
14658
14659
14661
14662
14663
14664
14666
14668
14670
14671
14672
14674
14676
14677
14678
14679
14680
14681
14682
14685
14687
14688
14690
14691
14693
14695
14697
14701
14703
14704
14707
14712
14714
14716
14717
14720
14721
14722
14723
14724
14727
14729
14737
14738
14741
14742
14744
14745
14746
14747
14748
14751
14752
14753
14755
14756
14757
14759
14761
14762
14763
14765
14768
14769
14770
14771
14775
14777
14780
14781
14784
14787
14788
14794
14795
14796
14797
14799
14801
14804
14805
14806
14809
14816
14818
14819
14821
14822
14824
14826
14829
14831
14832
14834
14836
14837
14838
14839
14840
14842
14843
14845
14846
14847
14849
14851
14852
14855
14856
14857
14859
14860
14862
14864
14865
14867
14869
14870
14873
14875
14876
14877
14880
14881
14883
14884
14885
14886
14890
14891
14894
14895
14896
14897
14898
14899
14901
14902
14910
14911
14912
14914
14915
14917
14922
14923
14926
14927
14928
14933
14935
14936
14937
14938
14939
14940
14944
14947
14948
14951
14955
14957
14959
14960
14963
14964
14966
14967
14969
14974
14975
14977
14978
14981
14984
14987
14992
14993
14994
14995
15002
15003
15004
15005
15008
15010
15011
15012
15015
15018
15019
15021
15022
15024
15025
15027
15029
15031
15034
15035
15037
15038
15040
15041
15042
15044
15046
15048
15049
15051
15055
15056
15058
15061
15062
15063
15064
15066
15069
15070
15073
15074
15078
15082
15083
15084
15085
15087
15088
15089
15091
15093
15100
15101
15105
15106
15111
15113
15114
15118
15120
15121
15122
15123
15126
15127
15128
15130
15131
15136
15138
15141
15143
15145
15146
15149
15157
15158
15159
15166
15167
15168
15169
15170
15173
15174
15176
15177
15178
15180
15183
15185
15187
15193
15194
15195
15196
15198
15199
15200
15201
15202
15205
15207
15209
15211
15212
15213
15216
15217
15218
15224
15225
15227
15228
15230
15231
15232
15234
15239
15244
15245
15246
15247
15248
15251
15253
15255
15256
15257
15263
15264
15271
15275
15276
15280
15282
15283
15285
15286
15287
15288
15289
15291
15292
15294
15295
15297
15299
15301
15303
15304
15307
15309
15311
15312
15314
15315
15316
15317
15319
15322
15323
15326
15327
15329
15332
15333
15334
15337
15338
15339
15341
15342
15344
15345
15346
15348
15349
15350
15351
15353
15355
15357
15358
15359
15361
15362
15363
15364
15368
15369
15371
15373
15374
15375
15376
15378
15379
15381
15382
15383
15384
15385
15386
15391
15392
15396
15397
15398
15399
15400
15403
15404
15412
15413
15414
15418
15421
15425
15427
15430
15431
15439
15440
15441
15442
15445
15447
15448
15449
15450
15454
15458
15459
15460
15463
15466
15468
15471
15472
15474
15475
15476
15479
15481
15482
15483
15484
15486
15487
15490
15491
15493
15497
15498
15502
15503
15505
15508
15509
15510
15511
15514
15517
15522
15523
15524
15525
15526
15528
15531
15532
15534
15535
15540
15541
15546
15548
15550
15551
15556
15558
15559
15563
15564
15565
15566
15567
15570
15571
15572
15574
15575
15576
15577
15580
15581
15583
15584
15585
15588
15589
15590
15591
15595
15596
15597
15598
15599
15600
15604
15605
15606
15609
15612
15616
15617
15618
15619
15620
15622
15623
15625
15626
15631
15638
15640
15642
15643
15644
15647
15651
15653
15655
15660
15661
15662
15663
15665
15670
15671
15672
15674
15676
15679
15682
15683
15686
15687
15688
15690
15691
15692
15694
15695
15696
15706
15707
15708
15711
15712
15714
15716
15718
15719
15720
15721
15724
15726
15727
15728
15730
15732
15736
15738
15740
15741
15742
15743
15744
15746
15747
15748
15750
15753
15755
15758
15759
15760
15761
15762
15767
15768
15769
15770
15771
15775
15776
15779
15781
15783
15784
15786
15787
15788
15792
15793
15800
15801
15802
15805
15806
15807
15808
15811
15812
15813
15814
15815
15816
15818
15819
15820
15822
15824
15827
15828
15829
15830
15832
15833
15834
15836
15837
15838
15839
15841
15843
15844
15845
15850
15851
15852
15854
15856
15857
15862
15866
15867
15868
15869
15870
15871
15872
15873
15874
15875
15878
15879
15881
15882
15884
15886
15889
15890
15892
15896
15898
15902
15904
15905
15906
15907
15908
15909
15911
15914
15915
15916
15917
15918
15921
15922
15927
15929
15931
15932
15933
15934
15935
15937
15939
15944
15945
15947
15948
15949
15953
15954
15956
15957
15958
15961
15962
15966
15967
15969
15970
15971
15973
15975
15976
15978
15981
15983
15985
15986
15990
15991
15992
15993
15995
15996
15997
15998
15999
16000
16001
16009
16014
16017
16019
16021
16022
16024
16026
16027
16029
16030
16031
16032
16034
16035
16037
16038
16040
16041
16043
16045
16046
16049
16051
16053
16057
16060
16061
16065
16067
16069
16071
16072
16074
16075
16077
16078
16080
16082
16083
16085
16086
16087
16088
16089
16091
16092
16095
16096
16097
16098
16101
16102
16105
16108
16109
16111
16112
16115
16120
16122
16123
16127
16128
16129
16131
16135
16136
16137
16138
16139
16141
16149
16152
16154
16156
16158
16159
16161
16165
16167
16171
16172
16173
16174
16175
16176
16177
16181
16182
16183
16185
16188
16189
16190
16195
16199
16200
16201
16202
16205
16206
16208
16210
16212
16213
16216
16220
16221
16225
16226
16227
16228
16231
16232
16236
16237
16238
16239
16240
16241
16244
16246
16247
16250
16252
16253
16254
16255
16256
16260
16262
16263
16265
16266
16273
16274
16278
16280
16281
16284
16286
16287
16288
16290
16295
16296
16298
16299
16301
16305
16306
16307
16308
16310
16311
16313
16314
16315
16316
16320
16321
16324
16326
16329
16330
16331
16332
16334
16336
16337
16339
16341
16342
16343
16344
16345
16347
16348
16349
16350
16352
16353
16358
16362
16363
16365
16366
16367
16368
16370
16372
16373
16375
16378
16383
16384
16389
16390
16392
16393
16395
16396
16398
16399
16400
16404
16406
16407
16408
16409
16410
16412
16414
16417
16419
16420
16423
16424
16425
16430
16431
16432
16438
16440
16441
16442
16443
16445
16446
16447
16448
16450
16451
16452
16454
16457
16458
16460
16464
16470
16471
16473
16475
16477
16478
16479
16480
16481
16486
16488
16489
16490
16491
16494
16497
16498
16499
16504
16505
16506
16507
16513
16514
16515
16518
16519
16521
16522
16525
16526
16530
16531
16535
16536
16541
16542
16543
16544
16545
16546
16547
16551
16552
16554
16559
16561
16563
16564
16565
16566
16567
16569
16570
16572
16575
16576
16577
16580
16581
16582
16583
16584
16588
16589
16591
16592
16593
16594
16598
16601
16602
16603
16604
16605
16608
16609
16610
16611
16615
16617
16618
16619
16621
16622
16623
16624
16626
16628
16630
16633
16634
16636
16637
16638
16641
16645
16646
16647
16649
16652
16653
16654
16655
16656
16659
16660
16661
16662
16664
16668
16672
16673
16675
16676
16677
16678
16679
16681
16682
16683
16684
16685
16687
16688
16693
16695
16697
16699
16700
16703
16704
16705
16711
16712
16713
16715
16716
16717
16723
16724
16725
16728
16729
16730
16733
16735
16736
16739
16740
16741
16744
16745
16746
16748
16749
16751
16752
16753
16754
16755
16756
16757
16759
16760
16761
16762
16763
16764
16766
16767
16770
16773
16774
16776
16777
16779
16783
16788
16789
16794
16795
16796
16797
16798
16799
16800
16802
16804
16808
16810
16811
16812
16813
16815
16816
16817
16818
16820
16821
16822
16823
16825
16826
16828
16830
16834
16836
16838
16839
16840
16841
16843
16845
16846
16847
16848
16852
16854
16856
16859
16862
16863
16867
16869
16870
16873
16875
16878
16882
16884
16885
16889
16890
16891
16892
16893
16894
16895
16897
16898
16899
16904
16914
16915
16916
16917
16918
16922
16924
16926
16927
16929
16931
16932
16934
16935
16936
16937
16938
16942
16943
16945
16947
16950
16954
16956
16961
16963
16965
16969
16972
16973
16974
16975
16976
16977
16978
16979
16981
16983
16985
16986
16987
16988
16991
16992
16994
16995
16997
16999
17000
17001
17003
17005
17006
17007
17008
17009
17014
17016
17019
17021
17024
17025
17026
17027
17029
17030
17031
17033
17034
17036
17037
17038
17039
17040
17043
17045
17046
17051
17054
17055
17056
17057
17060
17062
17063
17065
17066
17071
17073
17074
17078
17081
17084
17087
17091
17092
17095
17097
17099
17100
17103
17104
17105
17107
17108
17110
17111
17112
17115
17116
17118
17120
17122
17123
17125
17131
17132
17136
17139
17145
17148
17149
17150
17158
17161
17164
17166
17167
17170
17172
17174
17177
17178
17180
17182
17184
17185
17189
17193
17194
17196
17197
17198
17200
17201
17202
17205
17209
17217
17219
17220
17221
17228
17230
17231
17233
17234
17236
17237
17238
17243
17244
17245
17248
17250
17252
17254
17255
17256
17258
17260
17261
17263
17264
17265
17266
17268
17270
17271
17272
17273
17274
17277
17278
17280
17281
17283
17286
17288
17289
17293
17294
17298
17299
17301
17306
17311
17313
17314
17315
17317
17318
17319
17320
17321
17324
17325
17328
17329
17334
17338
17339
17340
17342
17344
17345
17346
17348
17349
17351
17352
17353
17354
17355
17356
17357
17358
17359
17361
17362
17364
17366
17369
17372
17374
17375
17379
17380
17382
17385
17386
17393
17394
17395
17396
17398
17400
17401
17403
17405
17406
17409
17410
17415
17416
17417
17419
17420
17421
17422
17423
17429
17430
17431
17433
17436
17437
17438
17439
17441
17444
17446
17449
17451
17454
17456
17458
17459
17461
17462
17463
17467
17468
17469
17471
17476
17479
17484
17485
17486
17487
17488
17490
17491
17493
17494
17495
17497
17502
17504
17506
17507
17509
17510
17512
17513
17514
17515
17516
17521
17524
17529
17531
17532
17533
17537
17540
17541
17544
17546
17547
17548
17549
17554
17558
17567
17568
17570
17572
17573
17574
17578
17579
17581
17582
17583
17586
17587
17589
17590
17591
17592
17593
17594
17602
17603
17606
17611
17612
17614
17617
17618
17619
17620
17621
17629
17630
17632
17633
17634
17637
17644
17650
17654
17659
17660
17663
17665
17666
17667
17669
17670
17672
17673
17675
17677
17678
17679
17680
17688
17689
17690
17692
17694
17695
17696
17700
17704
17705
17706
17712
17713
17714
17716
17720
17723
17726
17728
17729
17734
17738
17741
17742
17747
17749
17753
17754
17756
17758
17759
17760
17763
17764
17766
17767
17768
17769
17770
17772
17773
17774
17775
17776
17777
17779
17781
17782
17783
17785
17789
17791
17792
17793
17794
17795
17796
17801
17802
17803
17804
17805
17806
17812
17814
17815
17818
17822
17823
17827
17828
17829
17830
17833
17834
17835
17838
17840
17842
17843
17844
17848
17851
17855
17857
17858
17859
17865
17866
17871
17873
17875
17878
17879
17880
17881
17883
17884
17885
17886
17887
17889
17890
17892
17893
17896
17899
17901
17903
17904
17905
17906
17909
17912
17914
17918
17919
17920
17922
17926
17929
17930
17932
17935
17937
17938
17940
17941
17942
17943
17949
17950
17952
17955
17956
17957
17960
17961
17964
17965
17969
17970
17971
17974
17977
17978
17979
17981
17984
17985
17989
17991
17992
17995
17996
17998
18001
18008
18011
18012
18013
18017
18018
18019
18020
18023
18024
18027
18028
18030
18031
18032
18033
18034
18035
18036
18037
18048
18049
18050
18053
18055
18059
18060
18061
18062
18064
18067
18068
18072
18074
18075
18077
18079
18080
18082
18083
18084
18085
18086
18088
18089
18091
18095
18098
18099
18101
18103
18104
18108
18109
18111
18113
18114
18119
18124
18126
18128
18130
18131
18133
18135
18136
18137
18141
18142
18146
18147
18150
18152
18154
18155
18163
18164
18168
18172
18173
18174
18175
18179
18182
18183
18184
18189
18192
18193
18197
18198
18200
18201
18202
18203
18204
18207
18208
18209
18210
18212
18213
18216
18218
18220
18221
18224
18225
18231
18232
18233
18235
18236
18238
18239
18241
18243
18244
18248
18250
18251
18252
18253
18257
18260
18263
18265
18266
18268
18270
18271
18273
18274
18275
18277
18280
18283
18285
18286
18287
18288
18289
18291
18292
18293
18296
18297
18298
18302
18303
18305
18306
18308
18309
18315
18316
18317
18318
18320
18321
18323
18324
18327
18329
18330
18332
18339
18341
18343
18344
18345
18348
18349
18351
18352
18354
18355
18358
18359
18361
18362
18363
18365
18370
18374
18376
18378
18379
18380
18381
18383
18384
18385
18388
18390
18395
18398
18399
18401
18408
18410
18411
18412
18417
18419
18422
18423
18424
18425
18430
18434
18435
18437
18438
18440
18441
18442
18443
18445
18446
18447
18449
18450
18451
18452
18453
18454
18459
18460
18461
18462
18464
18465
18466
18468
18471
18472
18475
18477
18478
18479
18483
18484
18486
18487
18492
18494
18495
18496
18497
18500
18502
18503
18504
18506
18508
18509
18510
18511
18513
18516
18517
18519
18523
18525
18526
18527
18535
18537
18538
18539
18540
18541
18542
18543
18545
18547
18548
18552
18553
18555
18557
18558
18560
18563
18564
18565
18566
18569
18570
18574
18576
18581
18584
18585
18586
18591
18593
18594
18597
18604
18607
18608
18609
18612
18613
18616
18618
18619
18620
18623
18624
18628
18630
18631
18633
18635
18636
18638
18640
18642
18646
18647
18648
18649
18653
18654
18657
18662
18663
18664
18665
18666
18669
18672
18673
18675
18676
18677
18678
18682
18683
18684
18686
18687
18688
18690
18691
18693
18694
18697
18699
18701
18702
18703
18704
18705
18708
18709
18712
18713
18716
18717
18721
18722
18724
18725
18726
18727
18730
18731
18732
18733
18734
18736
18740
18741
18744
18746
18749
18750
18754
18755
18757
18758
18760
18761
18762
18766
18767
18768
18771
18772
18776
18777
18783
18785
18786
18787
18788
18790
18792
18793
18796
18798
18802
18803
18805
18807
18811
18812
18815
18820
18823
18824
18826
18829
18832
18833
18835
18837
18839
18841
18843
18845
18846
18847
18852
18857
18858
18859
18863
18865
18866
18868
18872
18873
18877
18879
18880
18881
18885
18886
18887
18889
18892
18893
18894
18895
18896
18898
18900
18901
18902
18903
18905
18908
18909
18913
18914
18916
18920
18921
18927
18929
18934
18936
18939
18940
18941
18943
18948
18951
18952
18954
18956
18958
18960
18961
18966
18968
18969
18970
18971
18972
18973
18974
18978
18979
18982
18983
18984
18989
18991
18993
18994
18995
18996
18997
19001
19004
19008
19009
19011
19012
19016
19017
19018
19019
19020
19022
19029
19030
19032
19033
19034
19039
19040
19044
19046
19047
19048
19051
19053
19054
19055
19057
19059
19060
19061
19066
19071
19076
19077
19079
19080
19081
19082
19083
19085
19086
19087
19088
19089
19090
19093
19095
19096
19098
19100
19102
19103
19104
19107
19108
19111
19112
19114
19119
19120
19122
19123
19125
19127
19129
19133
19135
19136
19137
19144
19147
19149
19150
19151
19152
19155
19158
19166
19168
19172
19173
19174
19176
19178
19189
19190
19192
19195
19200
19203
19204
19207
19210
19213
19214
19216
19217
19218
19226
19227
19228
19231
19232
19233
19234
19237
19238
19241
19242
19244
19249
19251
19255
19260
19264
19265
19266
19267
19269
19272
19274
19276
19277
19282
19286
19287
19288
19289
19291
19292
19296
19297
19302
19304
19305
19309
19310
19314
19315
19317
19319
19321
19322
19323
19324
19325
19326
19328
19330
19331
19332
19335
19338
19340
19341
19343
19347
19350
19352
19359
19360
19361
19363
19366
19368
19369
19370
19373
19374
19375
19376
19377
19378
19379
19380
19385
19387
19390
19394
19396
19397
19398
19399
19401
19402
19403
19410
19411
19413
19414
19416
19417
19418
19421
19422
19425
19426
19428
19429
19430
19431
19433
19437
19438
19439
19442
19446
19449
19451
19453
19454
19457
19459
19461
19464
19468
19469
19470
19471
19472
19473
19474
19475
19476
19478
19479
19481
19484
19485
19487
19488
19489
19490
19496
19500
19505
19506
19508
19511
19515
19520
19521
19524
19525
19527
19528
19531
19533
19534
19535
19536
19545
19547
19552
19553
19554
19556
19557
19558
19559
19564
19568
19569
19570
19572
19574
19575
19576
19577
19580
19584
19586
19590
19591
19594
19597
19598
19599
19603
19604
19605
19606
19607
19608
19610
19611
19614
19615
19616
19621
19622
19626
19629
19632
19633
19639
19640
19642
19643
19645
19647
19650
19651
19653
19654
19657
19659
19660
19661
19662
19664
19667
19668
19669
19670
19671
19673
19675
19676
19680
19681
19682
19683
19684
19688
19689
19690
19691
19692
19693
19694
19695
19698
19699
19700
19701
19703
19712
19715
19717
19719
19721
19722
19724
19725
19726
19728
19732
19734
19735
19737
19738
19739
19740
19742
19743
19744
19745
19747
19748
19750
19751
19753
19754
19755
19756
19757
19758
19759
19762
19764
19765
19766
19768
19772
19774
19775
19778
19782
19783
19784
19787
19788
19789
19790
19792
19794
19795
19796
19797
19798
19800
19801
19806
19808
19809
19814
19815
19817
19818
19822
19824
19825
19827
19828
19832
19834
19839
19840
19843
19847
19848
19850
19852
19855
19856
19860
19861
19863
19864
19865
19866
19868
19870
19875
19876
19877
19878
19879
19880
19881
19884
19886
19887
19888
19890
19894
19897
19899
19900
19903
19905
19906
19908
19909
19911
19913
19914
19916
19918
19921
19922
19923
19928
19929
19930
19935
19936
19937
19938
19941
19942
19944
19947
19948
19949
19950
19951
19952
19953
19954
19955
19959
19962
19965
19966
19968
19969
19970
19974
19975
19976
19978
19979
19983
19984
19985
19986
19991
19992
19996
19997
19999
20002
20003
20008
20009
20013
20014
20015
20018
20019
20020
20021
20022
20023
20025
20026
20030
20032
20033
20034
20035
20036
20037
20038
20039
20040
20044
20045
20046
20047
20048
20058
20059
20060
20062
20067
20068
20069
20070
20071
20074
20075
20078
20084
20085
20086
20087
20089
20090
20092
20093
20094
20095
20099
20102
20103
20105
20106
20107
20108
20111
20113
20114
20115
20116
20118
20120
20122
20123
20125
20127
20128
20130
20131
20134
20135
20138
20140
20142
20143
20149
20152
20154
20155
20156
20157
20159
20161
20163
20164
20171
20172
20173
20174
20175
20176
20177
20178
20179
20181
20182
20183
20184
20187
20188
20190
20195
20196
20197
20200
20206
20207
20208
20210
20212
20213
20215
20216
20219
20222
20223
20226
20227
20228
20229
20231
20233
20235
20236
20238
20239
20240
20244
20245
20248
20250
20251
20254
20255
20257
20260
20261
20263
20264
20265
20266
20270
20272
20274
20275
20277
20280
20281
20284
20289
20290
20291
20293
20294
20297
20299
20300
20301
20305
20309
20311
20312
20315
20317
20320
20321
20324
20325
20328
20329
20331
20332
20333
20334
20335
20338
20340
20341
20343
20344
20350
20352
20353
20358
20359
20360
20361
20363
20365
20369
20371
20372
20374
20375
20376
20377
20379
20380
20383
20385
20387
20391
20393
20394
20395
20396
20398
20399
20400
20401
20403
20405
20407
20408
20410
20414
20415
20421
20424
20426
20427
20433
20434
20442
20444
20446
20447
20449
20451
20455
20457
20462
20463
20464
20467
20469
20470
20471
20472
20474
20477
20478
20479
20481
20483
20488
20489
20490
20491
20495
20496
20497
20501
20503
20504
20508
20512
20513
20514
20516
20519
20523
20525
20526
20530
20531
20532
20535
20540
20543
20544
20547
20548
20549
20554
20555
20556
20557
20558
20560
20561
20562
20566
20568
20569
20570
20571
20572
20575
20576
20579
20580
20583
20584
20585
20590
20594
20596
20598
20600
20601
20604
20605
20607
20608
20614
20617
20619
20620
20623
20624
20625
20627
20629
20634
20636
20637
20638
20639
20641
20642
20644
20647
20648
20650
20653
20654
20655
20656
20658
20659
20661
20662
20663
20664
20666
20670
20675
20677
20680
20682
20684
20685
20686
20687
20689
20691
20692
20696
20697
20701
20704
20705
20711
20712
20714
20718
20720
20721
20726
20727
20728
20731
20733
20734
20736
20737
20740
20741
20742
20744
20746
20748
20755
20758
20759
20760
20761
20762
20768
20769
20771
20772
20773
20775
20779
20780
20781
20782
20784
20785
20787
20790
20791
20792
20794
20795
20799
20800
20801
20804
20805
20811
20812
20813
20815
20816
20817
20818
20820
20821
20822
20825
20826
20828
20831
20833
20835
20837
20838
20839
20841
20842
20844
20845
20846
20847
20849
20850
20853
20856
20857
20858
20861
20863
20864
20865
20866
20867
20868
20870
20872
20873
20875
20876
20877
20878
20885
20888
20891
20892
20893
20897
20898
20900
20906
20908
20909
20910
20911
20915
20917
20920
20922
20925
20931
20933
20934
20936
20937
20939
20941
20944
20951
20953
20954
20956
20957
20958
20959
20960
20961
20964
20967
20969
20972
20974
20975
20985
20986
20988
20989
20990
20991
20996
20998
20999
21000
21003
21006
21007
21010
21011
21014
21015
21017
21021
21023
21024
21028
21030
21031
21033
21034
21035
21036
21041
21042
21043
21045
21048
21050
21051
21053
21056
21058
21059
21060
21062
21063
21066
21067
21068
21071
21075
21076
21078
21080
21082
21084
21085
21086
21088
21089
21091
21093
21094
21101
21102
21103
21104
21106
21108
21112
21114
21115
21116
21118
21119
21120
21125
21128
21131
21134
21139
21140
21144
21147
21149
21152
21153
21154
21156
21160
21162
21163
21167
21168
21170
21171
21172
21175
21178
21179
21184
21185
21188
21194
21195
21196
21197
21201
21202
21207
21209
21211
21213
21215
21218
21220
21225
21227
21230
21231
21235
21236
21238
21239
21242
21243
21244
21245
21246
21248
21253
21254
21257
21258
21260
21261
21264
21265
21267
21268
21269
21270
21274
21276
21277
21278
21279
21281
21282
21283
21286
21287
21291
21293
21294
21299
21300
21302
21306
21307
21309
21310
21314
21317
21318
21319
21321
21323
21324
21325
21326
21329
21332
21334
21338
21339
21342
21346
21347
21354
21355
21356
21360
21361
21362
21363
21364
21369
21370
21373
21374
21375
21376
21380
21381
21383
21384
21385
21386
21387
21389
21390
21394
21396
21397
21398
21402
21403
21404
21410
21411
21412
21413
21416
21418
21419
21421
21424
21426
21427
21429
21436
21437
21438
21441
21443
21444
21445
21447
21448
21453
21455
21456
21458
21459
21460
21463
21464
21466
21468
21471
21472
21473
21475
21477
21478
21479
21481
21482
21488
21489
21490
21492
21493
21494
21495
21497
21498
21499
21503
21504
21506
21507
21508
21511
21512
21513
21515
21518
21520
21521
21523
21524
21526
21528
21529
21531
21536
21537
21541
21542
21545
21546
21547
21549
21551
21553
21555
21556
21558
21559
21560
21562
21565
21566
21567
21568
21570
21571
21572
21573
21574
21575
21577
21579
21583
21590
21592
21593
21594
21596
21603
21605
21607
21610
21611
21613
21614
21615
21616
21619
21620
21621
21623
21624
21626
21627
21629
21630
21631
21634
21635
21638
21639
21641
21644
21646
21647
21649
21651
21652
21653
21657
21658
21660
21661
21664
21665
21666
21667
21668
21670
21674
21676
21677
21680
21681
21682
21683
21686
21688
21689
21691
21693
21694
21695
21696
21697
21698
21702
21703
21705
21706
21708
21709
21711
21713
21714
21716
21718
21719
21721
21724
21725
21727
21729
21730
21732
21734
21735
21741
21742
21743
21745
21746
21747
21749
21750
21753
21758
21762
21764
21766
21768
21770
21773
21774
21776
21778
21779
21780
21782
21785
21786
21788
21789
21793
21796
21797
21799
21802
21803
21804
21807
21808
21810
21811
21814
21815
21816
21817
21818
21820
21823
21824
21828
21831
21832
21834
21837
21839
21842
21843
21844
21847
21848
21849
21857
21860
21869
21870
21871
21874
21875
21878
21880
21881
21884
21885
21887
21892
21893
21894
21896
21899
21901
21902
21906
21909
21911
21912
21914
21915
21918
21919
21920
21921
21922
21926
21927
21929
21930
21935
21936
21937
21940
21942
21945
21946
21947
21948
21950
21951
21952
21957
21961
21962
21964
21965
21966
21967
21968
21976
21977
21978
21979
21980
21982
21984
21987
21988
21990
21991
21992
21999
22002
22006
22007
22008
22009
22011
22013
22014
22015
22017
22024
22026
22032
22036
22038
22039
22040
22041
22042
22045
22046
22047
22048
22052
22055
22057
22067
22069
22070
22071
22074
22075
22078
22079
22082
22083
22084
22087
22094
22096
22097
22098
22100
22103
22104
22106
22107
22110
22111
22113
22114
22115
22117
22118
22119
22120
22124
22125
22129
22130
22131
22132
22133
22134
22135
22136
22138
22141
22142
22143
22144
22145
22147
22149
22150
22151
22153
22154
22155
22156
22158
22160
22161
22162
22163
22165
22169
22171
22172
22173
22174
22175
22177
22178
22183
22184
22186
22191
22194
22196
22201
22202
22203
22205
22206
22209
22213
22214
22216
22217
22219
22220
22222
22223
22224
22226
22227
22231
22234
22239
22241
22243
22245
22248
22249
22253
22255
22257
22258
22259
22261
22263
22264
22267
22269
22270
22271
22272
22273
22275
22277
22278
22279
22284
22286
22288
22291
22292
22296
22297
22299
22303
22305
22306
22307
22308
22309
22310
22313
22314
22315
22317
22320
22323
22324
22325
22326
22327
22329
22330
22331
22332
22334
22336
22338
22345
22346
22348
22350
22351
22354
22355
22356
22357
22358
22362
22368
22369
22375
22378
22379
22381
22382
22383
22385
22388
22390
22393
22398
22401
22403
22404
22405
22409
22410
22414
22416
22419
22422
22426
22429
22430
22431
22434
22437
22438
22439
22440
22442
22444
22445
22446
22448
22449
22451
22454
22460
22461
22462
22463
22465
22466
22467
22468
22469
22470
22472
22474
22476
22479
22482
22485
22486
22487
22488
22489
22490
22492
22494
22495
22497
22498
22499
22501
22502
22504
22505
22506
22508
22509
22510
22511
22512
22515
22516
22517
22518
22520
22521
22525
22529
22530
22531
22533
22535
22536
22537
22538
22541
22542
22545
22548
22549
22550
22553
22558
22559
22561
22563
22565
22566
22568
22571
22572
22576
22578
22580
22581
22582
22584
22586
22587
22590
22595
22596
22597
22599
22600
22604
22605
22608
22609
22610
22615
22616
22617
22619
22621
22623
22625
22626
22627
22628
22630
22632
22633
22634
22636
22638
22639
22640
22641
22642
22643
22645
22649
22651
22654
22655
22657
22662
22664
22666
22668
22670
22673
22674
22675
22678
22680
22681
22684
22686
22690
22698
22701
22703
22705
22706
22708
22713
22714
22715
22716
22720
22721
22722
22724
22728
22731
22732
22734
22735
22736
22737
22739
22741
22745
22746
22748
22749
22752
22753
22754
22755
22756
22759
22760
22762
22764
22765
22766
22767
22769
22770
22771
22780
22782
22784
22788
22789
22791
22792
22793
22794
22796
22797
22798
22800
22801
22802
22803
22807
22808
22809
22810
22812
22816
22821
22823
22824
22825
22827
22828
22830
22831
22832
22835
22837
22838
22839
22840
22841
22846
22849
22850
22851
22855
22856
22858
22859
22861
22862
22863
22871
22872
22873
22874
22875
22876
22877
22879
22884
22886
22888
22889
22890
22891
22893
22894
22898
22900
22903
22910
22911
22912
22915
22917
22921
22922
22923
22925
22926
22928
22931
22933
22937
22940
22942
22946
22947
22950
22951
22953
22954
22958
22960
22961
22962
22963
22967
22969
22970
22971
22972
22977
22981
22984
22985
22990
22999
23001
23002
23004
23005
23007
23009
23010
23011
23013
23016
23017
23018
23019
23024
23025
23026
23027
23028
23029
23030
23031
23032
23033
23038
23042
23043
23048
23050
23052
23054
23055
23058
23059
23060
23063
23065
23066
23069
23072
23076
23077
23079
23080
23087
23089
23092
23093
23095
23097
23103
23104
23108
23109
23111
23113
23118
23119
23120
23125
23130
23135
23136
23137
23139
23140
23141
23142
23143
23144
23145
23147
23148
23150
23151
23152
23153
23154
23155
23157
23162
23164
23167
23170
23171
23172
23174
23175
23178
23180
23182
23185
23186
23187
23189
23191
23192
23198
23199
23201
23202
23204
23205
23206
23209
23210
23212
23213
23214
23215
23216
23217
23222
23223
23226
23229
23231
23234
23235
23237
23240
23241
23243
23246
23247
23249
23252
23253
23255
23257
23258
23259
23261
23263
23265
23268
23270
23271
23273
23274
23277
23281
23283
23286
23288
23293
23294
23296
23297
23298
23300
23301
23306
23307
23309
23310
23312
23315
23320
23321
23325
23326
23327
23329
23330
23332
23333
23334
23338
23339
23340
23342
23346
23347
23348
23350
23352
23354
23357
23358
23361
23362
23363
23366
23367
23370
23374
23375
23377
23378
23379
23382
23383
23385
23386
23392
23395
23396
23398
23399
23404
23405
23410
23413
23415
23416
23419
23420
23421
23422
23424
23426
23427
23428
23430
23434
23437
23438
23439
23441
23446
23447
23448
23454
23455
23456
23457
23458
23460
23461
23466
23470
23471
23472
23473
23476
23482
23483
23487
23492
23496
23497
23498
23500
23501
23504
23505
23508
23509
23517
23518
23519
23521
23524
23525
23526
23527
23528
23529
23531
23533
23535
23537
23539
23540
23544
23546
23547
23551
23555
23556
23558
23560
23564
23565
23567
23568
23569
23571
23573
23574
23575
23579
23580
23581
23583
23584
23585
23589
23590
23592
23597
23598
23602
23604
23605
23606
23607
23608
23609
23610
23614
23615
23619
23620
23626
23627
23632
23634
23635
23636
23637
23639
23640
23643
23649
23650
23651
23654
23655
23657
23658
23659
23660
23661
23662
23663
23665
23666
23667
23668
23669
23670
23673
23674
23675
23678
23680
23681
23689
23690
23691
23692
23696
23697
23699
23700
23702
23703
23707
23708
23711
23712
23713
23717
23718
23720
23721
23722
23724
23727
23732
23735
23739
23740
23742
23746
23748
23749
23752
23754
23756
23758
23763
23771
23772
23773
23774
23779
23780
23781
23785
23786
23787
23788
23789
23790
23796
23798
23799
23800
23801
23808
23811
23812
23819
23821
23823
23826
23827
23835
23836
23843
23847
23848
23849
23850
23851
23853
23854
23855
23856
23858
23861
23863
23866
23867
23869
23871
23872
23877
23878
23879
23880
23883
23884
23887
23888
23890
23891
23893
23894
23897
23898
23901
23905
23906
23907
23909
23912
23913
23921
23922
23923
23926
23929
23931
23932
23933
23937
23938
23939
23942
23943
23948
23950
23952
23953
23955
23958
23960
23964
23967
23968
23969
23973
23974
23976
23977
23978
23980
23982
23985
23987
23988
23989
23993
23994
23996
23997
23998
23999
24002
24003
24004
24005
24007
24008
24011
24012
24013
24014
24016
24017
24018
24019
24022
24023
24027
24028
24029
24030
24033
24034
24035
24039
24043
24045
24047
24049
24051
24053
24059
24060
24061
24062
24066
24070
24071
24072
24073
24076
24077
24079
24080
24081
24082
24083
24085
24086
24087
24088
24090
24091
24093
24094
24095
24098
24099
24100
24102
24103
24104
24105
24107
24108
24109
24112
24113
24114
24116
24118
24119
24123
24126
24127
24129
24131
24132
24133
24138
24140
24141
24145
24148
24150
24151
24152
24156
24158
24161
24162
24165
24169
24171
24173
24174
24176
24183
24184
24185
24186
24187
24190
24191
24195
24198
24201
24203
24205
24206
24207
24208
24209
24213
24217
24221
24222
24227
24229
24230
24231
24232
24233
24236
24237
24238
24242
24245
24248
24249
24250
24251
24252
24253
24254
24256
24258
24259
24262
24263
24265
24268
24269
24270
24273
24274
24276
24278
24282
24284
24289
24290
24291
24293
24296
24297
24300
24302
24305
24308
24310
24311
24312
24315
24316
24317
24319
24321
24329
24330
24331
24333
24336
24338
24340
24341
24345
24349
24350
24356
24357
24360
24362
24363
24366
24367
24371
24372
24374
24375
24377
24381
24382
24385
24387
24388
24392
24393
24396
24397
24398
24400
24401
24402
24404
24405
24406
24407
24408
24409
24410
24411
24413
24414
24421
24425
24426
24427
24431
24432
24442
24443
24446
24451
24453
24456
24457
24461
24462
24464
24465
24467
24468
24470
24473
24475
24476
24479
24481
24484
24491
24492
24495
24496
24498
24499
24500
24501
24502
24505
24507
24508
24509
24510
24512
24514
24515
24516
24519
24520
24521
24523
24524
24525
24527
24530
24534
24535
24536
24537
24540
24544
24547
24548
24552
24553
24558
24559
24560
24561
24563
24565
24567
24568
24569
24570
24572
24577
24580
24582
24585
24589
24592
24597
24599
24600
24601
24603
24605
24606
24607
24609
24614
24616
24617
24618
24620
24623
24625
24628
24629
24632
24635
24636
24639
24640
24642
24644
24648
24649
24652
24655
24656
24657
24661
24663
24671
24676
24677
24679
24681
24682
24684
24686
24687
24688
24693
24697
24698
24699
24703
24714
24716
24717
24721
24722
24723
24725
24727
24728
24729
24730
24732
24734
24735
24736
24738
24739
24741
24742
24744
24747
24749
24752
24753
24754
24756
24757
24760
24763
24766
24767
24768
24769
24772
24773
24776
24777
24779
24782
24783
24784
24788
24790
24791
24792
24793
24794
24798
24799
24802
24805
24806
24807
24809
24812
24813
24814
24815
24817
24818
24822
24823
24824
24826
24828
24829
24831
24832
24833
24834
24840
24842
24845
24847
24852
24854
24855
24862
24863
24864
24866
24869
24870
24873
24874
24875
24876
24877
24879
24880
24884
24885
24886
24894
24895
24897
24898
24899
24900
24901
24902
24905
24906
24913
24916
24919
24921
24923
24924
24925
24926
24927
24928
24929
24931
24934
24937
24940
24941
24947
24948
24950
24951
24952
24954
24956
24958
24959
24960
24962
24966
24967
24970
24975
24977
24979
24982
24983
24984
24985
24986
24987
24993
24995
24999
25002
25005
25007
25009
25012
25013
25015
25017
25018
25021
25023
25024
25025
25026
25028
25029
25030
25032
25034
25035
25038
25039
25040
25041
25045
25047
25052
25056
25057
25058
25059
25060
25061
25064
25065
25067
25071
25072
25079
25080
25081
25086
25087
25088
25089
25091
25092
25093
25095
25096
25098
25100
25101
25103
25105
25106
25114
25115
25119
25120
25122
25124
25127
25129
25131
25133
25134
25136
25139
25143
25146
25147
25148
25151
25152
25154
25156
25157
25161
25162
25164
25165
25166
25167
25170
25174
25175
25178
25181
25182
25183
25184
25186
25187
25188
25189
25190
25191
25192
25194
25195
25196
25197
25198
25204
25205
25206
25209
25213
25221
25222
25224
25226
25227
25228
25230
25231
25233
25234
25236
25239
25243
25244
25246
25247
25249
25254
25255
25258
25259
25261
25264
25265
25266
25267
25270
25274
25276
25278
25279
25283
25285
25286
25287
25288
25291
25292
25296
25297
25298
25300
25304
25305
25306
25310
25311
25312
25313
25315
25316
25317
25319
25321
25326
25327
25328
25331
25334
25335
25337
25338
25344
25346
25347
25348
25350
25351
25352
25353
25356
25357
25362
25364
25367
25373
25374
25375
25378
25383
25386
25387
25388
25389
25391
25392
25397
25398
25400
25401
25402
25403
25404
25406
25407
25415
25416
25420
25421
25423
25424
25425
25427
25428
25430
25431
25435
25438
25440
25441
25442
25444
25445
25447
25450
25453
25456
25457
25460
25462
25463
25466
25467
25469
25471
25475
25480
25481
25482
25483
25484
25486
25487
25488
25489
25496
25498
25499
25500
25501
25502
25504
25505
25506
25507
25511
25515
25516
25518
25519
25522
25523
25525
25534
25536
25538
25539
25540
25541
25544
25546
25547
25551
25552
25553
25554
25555
25556
25557
25560
25561
25562
25563
25564
25565
25567
25571
25573
25576
25577
25586
25588
25590
25593
25594
25597
25600
25603
25605
25608
25609
25610
25612
25613
25614
25615
25616
25617
25618
25621
25623
25625
25626
25628
25629
25630
25633
25635
25636
25639
25640
25641
25643
25644
25645
25646
25652
25654
25655
25658
25659
25660
25661
25663
25665
25666
25667
25668
25670
25671
25672
25677
25682
25684
25688
25691
25694
25696
25697
25698
25700
25701
25702
25703
25704
25707
25709
25714
25715
25716
25717
25718
25720
25725
25726
25727
25728
25737
25738
25740
25742
25743
25746
25747
25748
25749
25751
25754
25756
25757
25759
25760
25763
25765
25767
25771
25772
25774
25777
25781
25782
25783
25785
25786
25787
25789
25791
25795
25797
25799
25800
25802
25806
25808
25809
25811
25814
25817
25819
25820
25821
25824
25827
25830
25831
25835
25839
25840
25842
25843
25844
25847
25848
25852
25853
25854
25855
25859
25860
25861
25863
25868
25869
25870
25871
25874
25875
25876
25877
25878
25879
25881
25886
25887
25888
25893
25895
25896
25897
25898
25899
25900
25901
25906
25907
25909
25912
25915
25916
25920
25921
25924
25925
25927
25929
25930
25931
25933
25939
25941
25942
25943
25945
25946
25947
25950
25951
25953
25954
25955
25956
25958
25962
25963
25966
25967
25968
25969
25970
25974
25975
25977
25979
25980
25982
25983
25984
25985
25987
25988
25989
25993
25995
25996
26004
26006
26010
26011
26013
26015
26017
26018
26020
26024
26025
26027
26029
26030
26031
26032
26035
26036
26038
26039
26040
26041
26044
26046
26047
26048
26049
26050
26051
26054
26055
26057
26058
26061
26062
26063
26066
26067
26068
26070
26075
26078
26081
26085
26087
26088
26094
26096
26097
26098
26101
26102
26103
26104
26107
26108
26112
26116
26123
26125
26128
26131
26132
26133
26134
26135
26137
26138
26143
26145
26146
26148
26150
26151
26152
26153
26165
26167
26169
26174
26175
26176
26177
26179
26181
26183
26184
26186
26188
26189
26194
26196
26197
26199
26201
26203
26207
26208
26211
26213
26214
26220
26226
26227
26229
26234
26237
26239
26240
26241
26242
26246
26247
26250
26251
26252
26254
26257
26258
26261
26262
26264
26265
26267
26271
26279
26280
26281
26282
26285
26287
26291
26294
26295
26297
26299
26301
26303
26306
26308
26310
26311
26312
26314
26315
26317
26318
26319
26321
26322
26323
26325
26328
26330
26333
26334
26342
26344
26345
26348
26349
26353
26354
26355
26357
26358
26360
26361
26362
26364
26365
26368
26369
26370
26373
26376
26377
26379
26384
26385
26386
26387
26388
26389
26391
26392
26395
26398
26399
26400
26402
26403
26404
26408
26410
26412
26413
26415
26416
26417
26418
26423
26428
26429
26430
26432
26437
26438
26440
26443
26444
26445
26446
26448
26449
26453
26455
26457
26458
26460
26467
26468
26472
26473
26474
26477
26479
26482
26484
26487
26490
26492
26493
26498
26500
26501
26503
26504
26505
26507
26511
26512
26513
26515
26517
26518
26521
26525
26527
26530
26532
26533
26535
26539
26540
26542
26543
26548
26549
26550
26551
26553
26554
26555
26560
26562
26563
26564
26565
26567
26568
26572
26573
26575
26576
26577
26579
26582
26586
26590
26591
26593
26597
26598
26599
26601
26602
26604
26606
26609
26616
26618
26619
26621
26623
26626
26627
26630
26634
26640
26644
26647
26648
26649
26654
26655
26657
26660
26661
26662
26663
26664
26665
26666
26667
26668
26669
26670
26672
26673
26675
26676
26678
26684
26685
26688
26691
26693
26695
26697
26698
26700
26703
26708
26709
26713
26715
26716
26717
26718
26719
26720
26721
26723
26727
26734
26735
26736
26738
26739
26741
26742
26743
26744
26745
26749
26752
26754
26755
26759
26761
26762
26766
26769
26771
26772
26773
26774
26775
26776
26779
26786
26787
26789
26790
26791
26792
26793
26796
26798
26799
26800
26801
26802
26804
26805
26808
26809
26811
26814
26815
26816
26820
26822
26824
26825
26826
26830
26832
26835
26836
26837
26840
26841
26843
26844
26845
26847
26848
26849
26851
26852
26854
26855
26857
26861
26863
26864
26865
26866
26867
26868
26869
26870
26872
26874
26877
26878
26879
26886
26887
26889
26890
26892
26895
26897
26898
26899
26900
26902
26906
26908
26910
26914
26917
26918
26919
26920
26924
26925
26926
26930
26931
26932
26935
26936
26940
26942
26943
26945
26946
26947
26956
26957
26958
26961
26963
26964
26966
26969
26970
26972
26973
26974
26975
26977
26978
26982
26985
26987
26988
26989
26990
26991
26992
26993
26994
26995
26999
27000
27002
27003
27007
27008
27009
27010
27013
27014
27016
27019
27020
27023
27024
27026
27027
27028
27030
27031
27032
27033
27034
27035
27036
27037
27038
27039
27042
27043
27044
27045
27047
27048
27049
27054
27060
27063
27068
27069
27070
27071
27072
27073
27076
27077
27079
27080
27082
27085
27086
27087
27088
27089
27091
27092
27093
27098
27099
27102
27103
27105
27106
27107
27108
27109
27110
27112
27116
27117
27118
27121
27122
27124
27127
27128
27132
27135
27138
27139
27140
27144
27146
27147
27150
27151
27153
27155
27156
27157
27158
27160
27161
27162
27164
27167
27169
27170
27171
27173
27174
27175
27176
27177
27181
27184
27189
27190
27191
27198
27201
27202
27204
27209
27210
27216
27219
27220
27221
27222
27223
27225
27227
27229
27231
27232
27233
27234
27237
27238
27241
27244
27245
27249
27251
27252
27253
27255
27256
27257
27259
27261
27262
27263
27264
27267
27268
27269
27270
27271
27272
27273
27274
27275
27276
27280
27281
27286
27289
27290
27291
27292
27293
27300
27301
27302
27305
27308
27309
27310
27311
27314
27316
27317
27318
27324
27325
27327
27329
27330
27332
27334
27336
27338
27339
27341
27342
27347
27352
27353
27354
27355
27357
27358
27359
27364
27365
27366
27369
27371
27372
27373
27374
27378
27380
27381
27382
27383
27384
27386
27387
27388
27390
27391
27392
27393
27394
27395
27396
27398
27399
27400
27402
27404
27405
27411
27412
27414
27415
27416
27418
27419
27421
27422
27425
27428
27429
27430
27431
27432
27434
27436
27437
27438
27439
27445
27446
27447
27448
27449
27451
27454
27455
27458
27462
27464
27466
27467
27468
27469
27475
27477
27479
27482
27484
27487
27488
27491
27492
27493
27496
27497
27498
27499
27502
27503
27504
27505
27506
27507
27509
27510
27513
27514
27517
27518
27520
27521
27525
27529
27531
27532
27538
27539
27542
27543
27544
27548
27549
27550
27552
27556
27558
27560
27562
27563
27565
27567
27569
27570
27571
27572
27573
27575
27576
27577
27581
27582
27586
27587
27591
27594
27598
27601
27602
27604
27605
27606
27607
27613
27618
27621
27623
27628
27630
27632
27634
27636
27637
27640
27643
27644
27647
27648
27651
27652
27653
27654
27657
27658
27659
27661
27662
27665
27666
27667
27674
27677
27678
27681
27682
27683
27684
27685
27686
27687
27689
27690
27691
27693
27694
27696
27697
27699
27700
27702
27704
27707
27709
27710
27711
27712
27713
27718
27720
27726
27733
27735
27738
27740
27742
27744
27745
27747
27749
27750
27751
27752
27753
27755
27756
27760
27765
27767
27775
27776
27777
27778
27781
27785
27787
27789
27790
27792
27796
27797
27800
27801
27803
27807
27810
27811
27812
27814
27815
27816
27818
27820
27824
27826
27828
27829
27831
27832
27834
27835
27837
27838
27839
27840
27841
27842
27844
27845
27850
27851
27853
27856
27857
27861
27865
27866
27867
27869
27871
27872
27873
27874
27875
27879
27881
27883
27888
27891
27892
27895
27896
27897
27901
27902
27904
27905
27907
27908
27911
27916
27917
27918
27921
27923
27924
27926
27927
27928
27929
27931
27932
27935
27938
27945
27947
27948
27949
27952
27953
27954
27955
27957
27959
27961
27964
27967
27977
27978
27979
27980
27981
27982
27983
27985
27986
27992
27993
27994
27995
28001
28002
28005
28008
28009
28010
28011
28012
28015
28017
28019
28020
28022
28024
28025
28026
28027
28028
28029
28033
28035
28037
28039
28040
28041
28042
28044
28045
28046
28048
28049
28050
28051
28052
28053
28054
28055
28056
28057
28058
28059
28060
28062
28064
28065
28066
28067
28068
28070
28072
28074
28075
28076
28081
28082
28084
28085
28087
28088
28090
28093
28094
28099
28108
28111
28113
28119
28121
28122
28124
28125
28127
28129
28131
28132
28134
28136
28138
28142
28145
28146
28151
28152
28154
28156
28159
28161
28163
28166
28170
28173
28174
28176
28179
28182
28183
28184
28186
28187
28189
28190
28193
28197
28199
28200
28201
28206
28207
28210
28214
28217
28218
28222
28223
28224
28226
28227
28228
28229
28230
28231
28232
28234
28236
28240
28243
28245
28248
28250
28251
28252
28253
28254
28255
28256
28259
28260
28261
28264
28267
28269
28271
28272
28275
28276
28281
28282
28283
28285
28287
28291
28292
28294
28295
28296
28297
28298
28300
28303
28304
28305
28306
28311
28317
28319
28320
28321
28322
28323
28324
28326
28331
28334
28335
28337
28338
28339
28340
28344
28345
28346
28347
28355
28357
28362
28363
28366
28367
28369
28370
28383
28384
28389
28390
28392
28394
28396
28398
28401
28402
28403
28408
28409
28411
28415
28416
28419
28421
28427
28431
28433
28435
28436
28438
28439
28442
28443
28447
28448
28450
28451
28453
28454
28457
28459
28460
28461
28462
28463
28465
28466
28469
28473
28475
28476
28477
28484
28485
28486
28488
28490
28492
28496
28497
28498
28500
28501
28505
28509
28512
28513
28514
28515
28517
28518
28520
28523
28526
28533
28534
28538
28540
28543
28544
28547
28548
28549
28550
28555
28556
28557
28558
28559
28563
28566
28570
28571
28572
28573
28575
28576
28581
28582
28583
28584
28588
28592
28594
28595
28596
28599
28600
28601
28603
28604
28606
28607
28610
28617
28618
28621
28623
28624
28625
28627
28629
28631
28632
28633
28638
28639
28642
28645
28648
28649
28652
28653
28657
28660
28661
28663
28666
28667
28671
28672
28673
28675
28678
28679
28680
28682
28683
28684
28685
28686
28687
28690
28691
28692
28693
28694
28702
28703
28704
28706
28708
28709
28710
28711
28712
28717
28721
28724
28725
28726
28729
28730
28731
28732
28734
28735
28738
28739
28742
28746
28747
28748
28749
28751
28753
28754
28757
28758
28759
28761
28762
28763
28764
28767
28768
28769
28770
28771
28772
28774
28778
28779
28780
28781
28782
28783
28784
28785
28787
28789
28790
28792
28793
28795
28797
28798
28801
28802
28805
28806
28809
28813
28814
28816
28817
28819
28820
28821
28822
28823
28825
28826
28827
28828
28829
28831
28835
28837
28838
28840
28841
28842
28843
28844
28846
28849
28851
28855
28857
28859
28861
28862
28865
28868
28869
28870
28871
28873
28874
28875
28876
28877
28878
28880
28881
28883
28885
28887
28890
28891
28892
28893
28894
28896
28897
28898
28903
28904
28906
28908
28909
28910
28911
28912
28913
28914
28915
28918
28920
28926
28930
28937
28940
28942
28943
28944
28948
28951
28953
28954
28956
28959
28962
28964
28965
28966
28968
28969
28970
28971
28975
28979
28982
28984
28986
28987
28989
28990
28992
28993
28994
29002
29003
29006
29007
29010
29011
29012
29013
29016
29017
29021
29022
29024
29025
29026
29027
29029
29031
29036
29037
29038
29041
29043
29044
29045
29047
29048
29049
29050
29054
29056
29057
29059
29060
29061
29064
29067
29068
29072
29074
29077
29078
29080
29084
29085
29087
29088
29090
29091
29092
29094
29095
29097
29101
29104
29107
29109
29110
29112
29113
29114
29115
29117
29118
29120
29121
29124
29127
29130
29131
29136
29137
29138
29139
29140
29142
29143
29144
29145
29147
29148
29149
29150
29151
29152
29155
29156
29157
29158
29161
29163
29168
29171
29177
29179
29180
29181
29182
29183
29184
29185
29186
29187
29188
29192
29193
29197
29198
29205
29206
29207
29210
29211
29213
29215
29216
29217
29218
29221
29225
29227
29228
29235
29238
29240
29245
29246
29249
29251
29252
29253
29256
29259
29260
29261
29262
29265
29266
29267
29269
29270
29271
29273
29275
29276
29277
29278
29281
29282
29283
29284
29285
29286
29293
29296
29298
29299
29300
29302
29303
29305
29306
29307
29310
29311
29312
29313
29314
29318
29319
29323
29324
29330
29332
29333
29334
29335
29337
29340
29341
29343
29347
29348
29349
29351
29352
29354
29356
29359
29360
29363
29366
29367
29375
29377
29381
29384
29386
29390
29391
29393
29398
29400
29402
29407
29408
29410
29411
29412
29414
29416
29421
29422
29424
29425
29427
29430
29431
29433
29434
29436
29437
29438
29440
29442
29444
29447
29448
29449
29450
29451
29453
29461
29462
29464
29465
29469
29471
29472
29473
29474
29475
29476
29478
29479
29481
29483
29484
29485
29488
29492
29493
29494
29495
29500
29501
29502
29503
29506
29507
29508
29509
29513
29516
29517
29521
29524
29525
29526
29528
29529
29531
29532
29533
29534
29536
29538
29539
29541
29543
29546
29547
29548
29549
29550
29553
29554
29560
29561
29562
29564
29570
29571
29572
29573
29574
29575
29579
29581
29586
29588
29594
29596
29599
29601
29606
29609
29610
29611
29613
29615
29616
29617
29618
29621
29622
29623
29624
29628
29631
29635
29636
29640
29641
29643
29644
29645
29649
29654
29655
29656
29658
29659
29660
29661
29662
29663
29664
29665
29669
29670
29671
29672
29673
29674
29675
29677
29680
29685
29687
29688
29690
29691
29692
29697
29698
29699
29702
29705
29707
29711
29714
29715
29716
29717
29725
29729
29732
29733
29736
29738
29741
29743
29744
29745
29748
29750
29751
29753
29754
29755
29757
29760
29767
29768
29769
29771
29773
29782
29786
29787
29791
29792
29793
29798
29801
29803
29805
29806
29809
29810
29811
29812
29814
29815
29816
29817
29818
29819
29820
29822
29823
29824
29826
29827
29828
29833
29836
29839
29840
29842
29844
29845
29846
29848
29849
29852
29853
29854
29855
29860
29861
29862
29863
29865
29867
29868
29874
29875
29876
29877
29881
29882
29883
29887
29889
29892
29896
29900
29903
29904
29908
29909
29910
29911
29912
29913
29914
29915
29920
29921
29922
29924
29925
29926
29927
29928
29929
29930
29933
29935
29936
29937
29940
29941
29942
29945
29947
29948
29950
29954
29955
29957
29958
29959
29961
29962
29967
29973
29976
29977
29979
29982
29983
29986
29990
29994
29998
30000
30003
30005
30006
30007
30010
30011
30012
30013
30014
30017
30018
30019
30020
30021
30024
30025
30027
30028
30029
30032
30037
30038
30041
30042
30044
30045
30047
30049
30053
30054
30055
30056
30057
30059
30060
30062
30067
30069
30075
30076
30078
30080
30082
30084
30086
30093
30094
30095
30097
30098
30100
30101
30104
30105
30106
30107
30109
30110
30113
30115
30119
30123
30124
30125
30128
30130
30138
30139
30140
30141
30143
30144
30145
30147
30148
30149
30151
30152
30153
30156
30157
30158
30159
30160
30162
30164
30167
30168
30170
30171
30172
30173
30178
30179
30180
30182
30183
30185
30194
30196
30197
30200
30202
30205
30206
30207
30208
30209
30210
30213
30216
30217
30219
30220
30221
30222
30224
30225
30227
30229
30231
30235
30237
30241
30242
30244
30247
30251
30252
30253
30256
30257
30258
30260
30262
30268
30269
30272
30274
30277
30279
30281
30282
30286
30288
30292
30293
30295
30297
30300
30301
30304
30305
30308
30310
30311
30312
30313
30317
30318
30319
30322
30324
30328
30329
30330
30334
30335
30339
30343
30345
30347
30349
30352
30354
30355
30357
30359
30360
30361
30368
30369
30370
30372
30373
30375
30377
30378
30380
30383
30385
30386
30387
30389
30390
30391
30393
30395
30397
30398
30400
30401
30403
30404
30406
30410
30411
30413
30415
30416
30417
30418
30420
30422
30424
30426
30427
30428
30429
30432
30433
30437
30438
30440
30442
30446
30450
30453
30455
30456
30460
30462
30463
30466
30467
30468
30472
30481
30482
30485
30486
30487
30492
30493
30494
30495
30497
30498
30499
30500
30503
30504
30505
30506
30507
30511
30513
30514
30515
30517
30520
30523
30525
30528
30530
30533
30534
30536
30537
30538
30540
30541
30542
30543
30546
30547
30548
30549
30550
30551
30553
30555
30557
30558
30559
30561
30562
30563
30564
30565
30566
30569
30571
30575
30576
30577
30584
30585
30589
30592
30593
30595
30596
30597
30598
30604
30605
30606
30607
30608
30610
30613
30614
30615
30616
30619
30620
30621
30624
30627
30628
30629
30630
30631
30636
30638
30640
30641
30642
30647
30648
30650
30653
30655
30656
30657
30662
30663
30665
30667
30669
30671
30673
30674
30676
30677
30680
30681
30682
30684
30685
30686
30688
30689
30697
30699
30700
30702
30704
30705
30706
30707
30714
30715
30718
30719
30720
30723
30725
30726
30735
30736
30738
30739
30740
30744
30746
30748
30749
30750
30753
30754
30755
30756
30757
30758
30759
30760
30761
30763
30764
30774
30779
30780
30782
30783
30784
30785
30787
30789
30790
30792
30793
30794
30795
30796
30797
30798
30799
30804
30806
30807
30808
30810
30813
30816
30819
30822
30823
30824
30827
30828
30831
30832
30834
30835
30836
30837
30838
30839
30843
30844
30845
30847
30848
30849
30851
30853
30854
30857
30858
30859
30862
30864
30868
30869
30874
30875
30878
30879
30883
30884
30885
30887
30890
30892
30893
30895
30896
30897
30903
30907
30908
30909
30911
30912
30914
30917
30918
30922
30923
30927
30928
30929
30934
30935
30936
30942
30944
30946
30950
30951
30954
30956
30958
30959
30961
30962
30963
30964
30968
30970
30971
30972
30973
30976
30978
30979
30980
30981
30982
30984
30985
30990
30991
30993
30995
30999
31000
31003
31004
31005
31006
31007
31009
31013
31014
31015
31016
31017
31020
31021
31024
31025
31026
31030
31031
31034
31042
31043
31045
31047
31048
31050
31051
31052
31054
31055
31057
31059
31060
31061
31062
31067
31069
31077
31080
31082
31084
31085
31092
31093
31097
31098
31100
31106
31107
31109
31110
31112
31113
31116
31118
31121
31124
31125
31127
31128
31129
31130
31131
31132
31135
31136
31138
31139
31140
31141
31142
31143
31144
31145
31147
31148
31151
31152
31153
31155
31157
31160
31161
31163
31164
31167
31172
31175
31176
31178
31179
31181
31187
31191
31194
31197
31198
31201
31205
31206
31207
31208
31211
31212
31214
31215
31216
31219
31224
31225
31227
31229
31235
31236
31237
31238
31240
31241
31244
31245
31246
31247
31250
31252
31254
31256
31258
31259
31261
31263
31269
31271
31277
31278
31279
31284
31288
31290
31291
31292
31293
31296
31299
31300
31301
31304
31307
31308
31309
31311
31313
31314
31315
31316
31320
31322
31324
31328
31329
31330
31332
31333
31335
31337
31341
31342
31343
31346
31347
31349
31351
31352
31353
31355
31356
31357
31358
31360
31361
31366
31367
31371
31374
31377
31378
31380
31382
31383
31385
31386
31389
31390
31391
31392
31395
31396
31397
31399
31400
31403
31404
31405
31410
31411
31413
31414
31415
31417
31418
31419
31420
31422
31424
31429
31430
31431
31434
31435
31436
31439
31440
31443
31444
31445
31446
31447
31450
31452
31454
31456
31462
31466
31470
31471
31473
31474
31478
31481
31483
31484
31485
31488
31490
31491
31492
31493
31494
31496
31497
31499
31502
31504
31505
31506
31507
31510
31513
31514
31517
31518
31521
31524
31525
31527
31529
31535
31537
31539
31542
31547
31548
31549
31551
31553
31555
31560
31561
31566
31567
31569
31572
31574
31577
31580
31582
31584
31586
31588
31590
31592
31598
31601
31602
31605
31607
31609
31611
31613
31620
31624
31625
31626
31627
31628
31629
31630
31631
31632
31633
31634
31635
31637
31639
31642
31643
31644
31645
31646
31649
31650
31651
31653
31654
31658
31663
31669
31670
31672
31673
31674
31676
31679
31680
31681
31682
31687
31690
31691
31692
31696
31697
31699
31701
31707
31709
31712
31714
31715
31716
31719
31720
31722
31723
31724
31728
31731
31732
31733
31734
31735
31737
31740
31742
31747
31748
31749
31754
31755
31756
31758
31759
31760
31762
31763
31764
31767
31768
31770
31773
31774
31775
31776
31781
31782
31784
31786
31788
31789
31790
31792
31797
31799
31801
31803
31804
31805
31806
31807
31808
31812
31813
31814
31816
31817
31819
31822
31825
31826
31827
31828
31832
31834
31836
31840
31841
31844
31847
31849
31852
31854
31855
31858
31859
31862
31863
31864
31870
31872
31874
31875
31876
31878
31879
31882
31883
31884
31886
31887
31888
31890
31891
31893
31897
31898
31899
31900
31903
31904
31905
31906
31910
31911
31912
31913
31915
31918
31919
31923
31925
31927
31928
31931
31935
31939
31940
31943
31944
31949
31951
31952
31954
31958
31961
31962
31963
31968
31970
31974
31976
31978
31979
31980
31981
31982
31988
31989
31990
31992
31994
31997
31999
32001
32005
32006
32007
32008
32009
32011
32018
32019
32020
32021
32022
32024
32025
32031
32034
32036
32037
32038
32039
32041
32042
32045
32051
32052
32054
32055
32056
32060
32061
32062
32069
32074
32081
32086
32088
32089
32091
32092
32093
32095
32099
32100
32101
32103
32107
32108
32112
32113
32116
32117
32118
32119
32121
32122
32123
32129
32131
32133
32134
32136
32138
32139
32141
32142
32146
32147
32154
32159
32161
32163
32164
32165
32167
32171
32172
32177
32180
32181
32184
32187
32188
32189
32191
32193
32195
32196
32197
32202
32206
32207
32208
32210
32215
32216
32217
32218
32219
32220
32222
32223
32224
32225
32228
32229
32231
32232
32233
32234
32238
32240
32241
32245
32246
32247
32249
32251
32253
32254
32255
32258
32259
32260
32261
32263
32269
32271
32272
32273
32274
32275
32281
32282
32283
32284
32287
32288
32289
32290
32294
32296
32297
32298
32300
32301
32304
32307
32308
32309
32310
32311
32312
32313
32316
32319
32320
32321
32323
32327
32328
32331
32333
32337
32339
32340
32342
32343
32346
32349
32351
32353
32354
32355
32356
32359
32360
32362
32364
32366
32367
32370
32371
32373
32374
32375
32383
32386
32389
32390
32393
32394
32399
32402
32407
32409
32410
32413
32419
32421
32423
32424
32425
32426
32427
32428
32429
32430
32433
32434
32436
32437
32439
32441
32444
32446
32447
32448
32449
32451
32452
32453
32456
32458
32460
32461
32463
32466
32467
32472
32473
32474
32477
32479
32481
32482
32483
32486
32487
32488
32489
32490
32496
32499
32500
32501
32502
32504
32505
32507
32509
32510
32511
32512
32514
32515
32518
32519
32520
32521
32526
32527
32528
32530
32531
32538
32539
32541
32544
32545
32546
32547
32549
32550
32552
32553
32554
32555
32558
32561
32563
32565
32566
32574
32575
32576
32577
32582
32584
32589
32590
32591
32593
32594
32595
32596
32597
32599
32600
32602
32610
32611
32612
32613
32617
32620
32622
32626
32627
32629
32630
32632
32633
32636
32640
32642
32645
32646
32647
32652
32653
32654
32656
32657
32658
32660
32661
32662
32667
32668
32674
32675
32681
32684
32685
32687
32691
32694
32695
32697
32698
32701
32703
32705
32707
32709
32713
32714
32716
32719
32720
32722
32723
32728
32729
32730
32731
32733
32734
32736
32738
32739
32743
32744
32745
32746
32749
32750
32751
32752
32753
32756
32758
32760
32763
32764
32765
32767
