12 3686
0 822
1 283
3 239
4 475
5 2003
6 837
7 2345
8 1203
9 169
10 1141
11 2832
12 3243
15 1427
16 3693
17 3415
18 3371
19 2460
20 2944
21 2752
22 958
23 676
24 3694
25 2891
26 2078
28 101
29 290
30 921
31 586
32 2255
33 626
34 3685
35 2428
36 3329
37 1501
38 1266
39 441
40 1356
41 425
42 3044
43 3460
44 388
45 1633
46 1330
47 4001
48 3104
50 3414
51 1390
52 1756
53 2365
54 1698
55 4015
56 1450
57 4059
58 828
59 710
60 1126
61 1231
62 327
63 2323
64 2907
66 162
67 979
68 2954
69 2516
70 876
71 2244
72 1891
73 707
74 3989
75 2551
76 1065
77 1963
78 2606
79 3705
80 3043
81 390
82 2069
83 3691
84 1030
86 3177
87 69
88 1491
89 1144
91 1181
92 2660
93 3310
94 982
95 425
96 2475
97 1132
98 1126
100 484
101 2035
102 2846
103 1348
104 1394
105 2009
106 3922
107 1947
108 429
109 594
110 3945
111 1840
112 1566
114 3363
115 735
116 1956
117 246
118 3589
119 2726
120 856
121 2660
123 3091
124 1565
125 1060
126 1651
127 1469
128 2550
129 3791
130 1855
131 74
132 2393
133 1478
134 1382
135 3742
136 274
137 3757
138 3289
139 2389
140 3398
141 1615
142 2638
143 3758
144 2482
145 2639
146 1962
147 2531
148 1081
149 705
150 3611
152 2811
153 2586
154 2898
155 3746
156 2898
157 1187
158 1106
159 3081
160 3525
161 1221
162 4040
163 2112
164 2078
165 3414
166 2388
168 76
169 3674
170 3796
171 4088
172 2424
174 456
175 3971
176 246
177 2634
178 1333
179 3887
180 1728
181 1609
182 1639
183 1465
184 1332
185 3268
186 3493
187 2833
188 3603
189 3252
190 2607
191 980
192 21
193 4029
194 1139
195 2617
196 1525
197 3978
198 569
199 3047
200 3660
201 3069
202 2899
203 3653
205 774
206 3646
207 3131
208 956
209 1901
210 3783
211 2043
212 1474
213 1013
214 243
215 866
216 2882
217 1431
218 3008
219 3141
220 596
221 3344
222 1815
224 1538
225 3731
226 2672
227 1121
228 1401
229 1381
230 3828
231 3200
232 2552
233 2724
234 226
235 4062
237 2232
238 3822
239 220
240 1837
241 571
242 3483
243 1279
244 2546
246 391
247 1955
248 3538
249 52
250 3931
251 4090
252 4088
253 3484
254 2509
256 3629
257 610
258 1360
260 3252
261 1419
262 4053
263 3906
264 2425
265 477
266 2492
268 1671
269 3999
271 2747
272 2042
273 3594
274 193
275 274
276 3249
277 1832
278 1664
279 2947
281 3585
282 2136
283 1783
284 2662
286 1506
287 3201
288 3180
289 1289
290 2064
291 968
292 73
293 2261
294 3117
295 2999
296 908
297 860
298 2865
299 204
300 939
303 465
304 3805
305 2097
307 4043
308 79
309 2554
310 4065
311 3949
312 810
313 1828
314 2290
315 3005
316 1464
317 150
318 2514
319 729
320 1691
321 219
322 3318
323 2850
324 3918
325 2583
327 3084
328 768
329 28
330 743
331 429
332 3566
334 2386
335 479
336 426
337 3563
338 2806
339 907
340 3108
341 3078
342 972
343 3638
344 2081
345 3292
346 2021
347 776
348 3112
349 597
350 3340
351 1811
352 2059
353 688
355 1539
356 3097
357 3316
358 1037
359 2143
360 3482
361 302
362 590
363 2868
364 2806
365 4053
366 1347
367 1891
368 2957
369 310
370 2085
371 2334
372 978
373 3744
374 1727
375 2722
376 601
377 3983
378 3705
379 3847
380 3556
381 4026
382 2491
383 3413
384 2111
385 299
386 979
387 1254
388 1809
389 2050
390 870
391 2108
392 1779
393 1011
394 720
395 2794
396 1732
397 3082
398 1758
399 3878
401 1848
402 771
403 4010
404 1389
405 3219
406 198
407 2440
408 171
409 919
410 3489
411 1199
413 2591
414 3023
415 1093
416 3988
417 1789
418 1205
419 3762
421 3032
423 3478
424 488
425 2281
426 100
427 3839
428 2330
429 1301
430 2416
431 4090
432 2159
433 3333
434 3143
435 2468
436 1747
437 949
438 3987
439 682
440 455
441 3331
442 2204
443 776
444 1095
445 3039
446 680
447 3476
448 2356
449 3858
450 3182
451 2705
453 105
454 2092
455 2092
456 924
457 4040
458 838
460 2489
461 2416
462 844
463 2579
464 2437
465 3307
466 616
467 1825
468 891
470 3238
471 1229
472 298
473 1985
474 3993
475 3986
477 3564
478 2474
479 261
480 3104
483 1798
484 3610
485 1322
487 493
488 2008
489 1414
491 3974
492 281
493 64
494 2832
495 1739
496 1729
497 1372
498 1908
499 2347
500 625
501 943
502 844
504 843
505 2441
506 2634
507 3230
508 373
509 1385
510 1207
511 3063
512 3701
513 2686
514 2701
515 1047
516 1673
517 168
518 2280
519 2855
520 2265
521 3918
522 1065
523 682
524 2658
525 3214
529 2934
530 2665
531 3349
532 301
533 2180
534 3223
535 1987
536 1286
537 2297
538 2463
539 831
540 91
541 3717
543 358
544 2667
545 2563
546 767
547 3783
548 2597
549 789
550 3053
551 644
552 2875
553 3355
554 3550
555 270
556 1620
557 2990
558 3941
559 1028
560 799
561 402
563 3395
564 1969
566 3855
567 3035
568 3758
569 899
570 3113
571 4052
572 3462
573 1859
574 3047
575 142
576 2188
577 2619
578 1564
579 54
580 49
581 3877
583 159
585 537
586 2696
588 3723
589 2279
590 525
591 4017
592 3363
593 4016
594 2704
595 3087
598 1013
599 2025
601 1337
602 3372
603 1339
604 2979
606 1325
608 683
609 3397
610 603
611 140
612 2173
613 3401
614 2307
615 864
616 2673
617 882
618 2371
619 230
620 358
621 2492
622 1475
623 1995
624 3756
625 1924
626 3397
627 1596
628 1638
629 1970
630 1735
631 377
632 3142
633 2740
634 1678
635 3499
638 320
639 2244
640 2370
641 787
642 1254
644 2370
645 2411
646 917
647 3928
648 3056
649 2081
650 2873
651 1981
652 2598
653 1146
654 2623
655 767
656 115
657 1757
658 2944
659 2660
660 2384
661 2966
662 49
663 463
664 1927
665 1768
666 3995
667 3729
668 1188
669 4077
670 3800
671 2460
673 174
675 2757
676 2362
677 1593
678 2359
679 2862
680 3721
681 1865
682 2602
683 1891
684 549
685 2094
686 2902
687 3424
688 1035
690 1862
691 1353
692 520
693 1656
694 1108
695 3388
696 3144
697 32
698 314
699 456
700 1328
701 3773
702 4020
703 2949
704 4060
705 480
706 173
707 1326
708 444
710 2025
711 3089
712 2209
713 2286
714 2444
715 2198
716 1343
717 2890
718 3182
719 561
720 2875
721 3668
722 1592
723 2274
724 2066
725 744
726 2388
727 3558
728 1706
729 3552
730 655
731 1740
733 28
734 365
735 3731
736 1676
737 786
738 1163
739 2398
740 1832
743 2113
744 60
745 3286
746 842
747 628
748 3479
749 1271
750 1554
751 3591
752 3266
753 3124
754 430
755 2241
756 1170
757 318
758 4055
759 2684
761 1495
762 3048
763 292
764 1293
765 3480
766 463
767 2045
768 2275
770 2255
771 508
775 3427
776 3757
777 1788
778 1482
779 1791
780 89
781 2575
782 2724
784 1722
785 1526
786 1250
787 940
788 2933
789 1617
790 2259
791 1072
793 1941
795 200
796 723
797 1310
798 3574
799 890
800 1244
801 3721
802 886
803 4000
804 688
805 3886
806 2838
807 2159
808 3507
809 376
810 679
811 2714
812 2087
813 3654
814 1534
816 3570
817 3575
818 2458
820 1054
821 846
822 189
823 532
824 1861
825 2136
826 2644
827 1579
828 620
829 739
830 1584
831 1328
832 2428
834 208
835 1891
836 255
837 30
838 1591
839 3675
841 2405
842 2987
843 2264
845 1640
846 2568
847 3443
848 3423
849 419
850 2367
851 2854
852 2233
853 421
854 3296
855 3089
856 1656
857 4000
858 2581
859 422
860 145
861 3217
862 3362
864 3417
865 2460
866 3492
867 1792
868 1542
871 9
873 1767
874 3360
875 1102
876 2379
877 3624
878 2696
879 2760
880 1015
881 355
882 4078
883 1082
884 3505
885 2252
886 1340
887 2538
888 95
889 1980
890 2599
891 1355
892 337
893 3389
894 1284
895 2374
896 1233
897 52
898 1180
899 3336
900 3411
901 3928
902 3260
903 735
904 306
905 995
906 1012
907 3718
908 2236
909 1201
910 3524
911 2771
912 3590
914 1238
915 2747
916 156
917 577
918 1854
919 450
920 1485
921 917
922 3973
923 598
924 988
925 633
927 2788
928 1182
929 3902
930 2580
931 173
932 2819
933 1490
934 3606
935 1836
936 2547
938 3180
939 81
940 2243
941 1243
942 1240
943 2122
944 3636
945 3372
946 402
947 3657
949 1659
950 1620
951 2512
952 1638
953 68
955 1909
956 771
957 2829
958 2496
959 1810
960 1856
961 2536
962 3667
963 2236
964 426
965 936
966 1430
967 2236
968 1835
969 1594
970 2686
971 176
972 2278
973 2743
974 2319
975 3202
976 1862
977 3605
978 2832
979 478
980 3933
982 829
983 609
984 3439
985 1301
986 52
987 3847
988 517
989 2015
991 3732
992 3653
993 660
994 2139
995 1117
996 2307
997 1304
998 3064
999 2243
1000 689
1001 2288
1002 1572
1003 4075
1004 1559
1005 2387
1006 2680
1007 157
1008 3155
1009 2314
1010 1682
1012 221
1013 3126
1014 2676
1015 2568
1016 2859
1017 3849
1018 1972
1019 2262
1020 3983
1021 1618
1023 3104
1024 2045
1025 2670
1026 2296
1027 1020
1028 3556
1030 3134
1031 3334
1032 2066
1033 2181
1034 3100
1035 1231
1036 1885
1037 2263
1038 877
1039 2572
1040 1507
1041 1490
1042 1237
1043 2706
1044 3255
1045 595
1046 2495
1047 2402
1048 602
1049 1566
1050 2823
1051 2536
1052 1811
1053 3279
1054 1238
1057 1997
1058 3126
1060 3051
1062 1263
1063 3988
1065 3918
1066 1190
1067 3024
1068 2753
1069 1302
1071 24
1072 811
1074 3877
1075 1582
1076 576
1077 2521
1078 1505
1079 3741
1080 1133
1081 3077
1082 2962
1083 1960
1084 300
1085 316
1086 998
1087 2217
1088 3174
1089 47
1090 3746
1091 1431
1092 829
1094 997
1095 2470
1097 3722
1098 3762
1099 3180
1100 2624
1101 2451
1102 2382
1104 1834
1105 3710
1107 2817
1108 2408
1109 1536
1110 2947
1112 3237
1113 641
1114 2681
1115 958
1116 1066
1118 1842
1119 3496
1120 1500
1122 863
1124 1515
1125 1886
1126 619
1127 1711
1128 1874
1129 379
1130 3801
1131 2423
1132 1942
1133 734
1134 2589
1135 284
1136 3781
1137 764
1138 768
1139 2672
1140 2077
1141 764
1142 3843
1144 2944
1145 3710
1146 2316
1148 3058
1149 380
1150 890
1151 3159
1152 349
1153 1439
1154 3187
1155 3750
1156 3922
1157 736
1158 1576
1159 1218
1161 3081
1162 608
1164 3078
1165 755
1166 2942
1167 383
1168 1156
1169 2588
1171 1425
1173 3459
1174 852
1175 3427
1176 1822
1177 2456
1178 2908
1179 2183
1180 373
1181 243
1182 3534
1183 2374
1184 2272
1185 371
1186 3375
1187 1363
1188 93
1189 1653
1190 3220
1191 257
1192 3267
1193 204
1194 3737
1195 3067
1196 992
1197 619
1198 98
1199 3417
1200 2963
1201 3738
1202 3375
1203 118
1204 3569
1205 1100
1206 2140
1207 3620
1208 2117
1209 977
1210 1116
1211 1167
1212 1440
1213 1719
1214 180
1215 2664
1216 3179
1217 1969
1218 3992
1219 1212
1221 2037
1222 1571
1223 3351
1224 3428
1226 4040
1227 26
1228 2527
1229 4066
1230 1425
1231 1974
1232 2428
1233 1443
1234 3084
1235 2014
1236 532
1237 3200
1239 110
1241 1170
1242 4092
1243 3337
1244 511
1245 2406
1246 4029
1247 2166
1248 3086
1249 1717
1250 2462
1251 1984
1252 126
1253 3183
1254 3817
1257 4037
1258 2746
1259 1647
1260 89
1261 1425
1262 3697
1263 3563
1264 1109
1265 500
1266 1434
1268 1128
1269 1137
1270 3257
1271 392
1272 3243
1273 3335
1275 2976
1276 3788
1277 2942
1278 4070
1279 260
1280 1160
1281 1904
1282 1941
1283 3867
1285 3480
1286 3723
1287 3467
1288 2638
1289 3792
1290 207
1291 1600
1292 3987
1293 2733
1294 3118
1295 2317
1296 3847
1298 279
1299 2003
1300 965
1301 550
1302 231
1303 638
1304 1148
1305 1844
1306 1014
1307 1785
1308 1382
1311 3084
1312 779
1313 2648
1314 4046
1316 1391
1317 3135
1318 2822
1319 966
1320 792
1321 798
1322 1719
1323 1251
1324 3496
1325 510
1327 793
1328 899
1329 3220
1330 2045
1331 2531
1333 2596
1335 1572
1337 3695
1338 1105
1339 3233
1340 2182
1341 2587
1342 256
1343 3912
1344 3186
1345 986
1346 571
1347 2890
1348 3895
1349 3214
1350 945
1351 2886
1352 1693
1353 925
1354 2442
1355 982
1357 23
1358 659
1359 671
1361 2263
1362 3422
1363 3291
1364 2609
1365 1470
1367 1039
1368 1099
1369 3173
1370 1674
1372 2495
1373 484
1374 239
1375 1977
1376 776
1377 1414
1378 2319
1379 3557
1380 2167
1381 25
1382 1306
1383 1310
1384 2111
1385 324
1386 1033
1387 2021
1388 2317
1389 11
1390 925
1391 2682
1392 711
1393 1553
1394 3262
1395 3309
1396 3914
1397 1864
1398 485
1399 964
1400 2997
1401 840
1402 3226
1403 2943
1404 2330
1405 2648
1407 2256
1408 616
1409 2069
1410 2676
1411 1770
1412 3125
1413 3300
1415 2519
1416 3668
1417 299
1419 469
1420 2882
1421 2281
1422 1651
1425 941
1426 3780
1427 1159
1428 2031
1429 1854
1430 2628
1431 2223
1432 189
1433 1975
1434 1975
1435 507
1437 3419
1438 3099
1439 3313
1441 2495
1442 1372
1444 4
1445 105
1447 3021
1448 3218
1449 3412
1450 384
1451 4078
1452 154
1453 1500
1454 1294
1455 3661
1456 3921
1457 2880
1458 1669
1459 3520
1460 3233
1461 1540
1462 2345
1464 30
1465 3767
1466 803
1467 423
1468 3332
1469 2286
1470 437
1471 1565
1472 3628
1473 2760
1474 1553
1475 837
1477 2115
1478 3751
1479 3423
1480 2287
1481 3450
1483 2877
1484 1353
1485 2946
1486 2903
1487 2740
1488 2459
1489 3711
1490 2122
1491 3933
1492 3133
1493 345
1494 750
1495 2273
1497 23
1498 1784
1499 3868
1500 997
1501 1701
1502 3623
1503 3100
1504 2675
1505 3418
1506 3856
1507 25
1508 4028
1509 1557
1510 109
1511 2168
1512 1346
1513 2479
1515 433
1516 4042
1517 1030
1518 1860
1519 2278
1520 3170
1521 759
1522 503
1523 998
1524 2684
1525 3645
1526 2677
1528 3638
1529 982
1530 2138
1531 1471
1532 340
1533 2158
1534 1784
1535 1520
1536 1334
1538 2656
1539 3833
1540 100
1541 583
1542 1184
1543 961
1544 456
1545 3967
1546 1557
1547 220
1548 2843
1549 464
1550 2931
1551 664
1552 1366
1553 3062
1554 282
1555 3402
1557 1226
1558 3434
1559 2407
1560 454
1561 608
1562 2110
1563 3054
1565 3664
1566 2643
1567 2034
1568 538
1569 3695
1571 2938
1572 1496
1573 3709
1574 889
1575 3024
1576 3569
1577 2456
1579 3913
1580 420
1581 905
1583 554
1585 3001
1586 2162
1587 120
1588 2991
1589 2632
1590 2494
1591 3940
1592 456
1593 3724
1594 3729
1595 1352
1597 1379
1598 2344
1599 3614
1600 2473
1601 429
1603 39
1604 680
1605 1217
1606 2686
1607 1741
1608 151
1609 1034
1610 4014
1611 2509
1612 640
1613 1263
1614 3198
1615 2357
1617 3799
1618 1113
1620 3059
1621 2658
1622 3314
1623 2782
1624 1130
1625 4049
1626 162
1627 160
1628 2914
1629 121
1630 234
1631 3176
1632 3692
1633 2552
1634 65
1635 9
1636 940
1638 3618
1639 3154
1640 1522
1641 2398
1642 3792
1643 828
1644 3803
1645 1866
1646 2813
1648 3705
1649 2390
1650 3939
1651 4050
1652 2083
1653 158
1654 1631
1656 1046
1657 297
1658 1229
1660 3258
1661 1772
1662 1544
1663 1076
1664 836
1666 2349
1667 741
1668 295
1669 3901
1670 3817
1671 3028
1673 3098
1674 611
1675 2659
1676 594
1677 2900
1678 707
1679 743
1680 2961
1681 504
1682 3892
1683 2634
1684 4042
1685 1889
1686 3126
1687 571
1688 3697
1689 3559
1690 2816
1691 3107
1692 769
1693 2096
1694 841
1695 3603
1696 872
1697 440
1698 46
1699 1903
1700 1476
1701 3910
1702 871
1703 697
1704 3356
1705 510
1706 3539
1707 2664
1709 720
1711 2030
1712 3821
1713 579
1714 844
1715 2988
1716 4021
1717 1045
1718 3334
1719 978
1720 2337
1721 3776
1722 2475
1723 3921
1724 2877
1725 47
1726 843
1727 227
1728 1868
1729 1988
1730 1435
1731 2130
1732 1935
1734 1502
1735 3063
1736 1489
1737 3101
1738 3761
1740 2580
1741 1988
1742 4015
1743 511
1744 3970
1745 1705
1746 3171
1747 2515
1748 2697
1749 2144
1750 2990
1751 3021
1752 3
1753 76
1754 2936
1757 2284
1758 253
1759 2479
1761 3475
1763 1243
1764 1158
1765 2046
1766 489
1768 772
1769 533
1770 1239
1771 3277
1772 2090
1773 3747
1774 3668
1775 1540
1777 3493
1778 1763
1779 2820
1780 1528
1781 136
1782 735
1783 312
1784 2468
1785 801
1786 3434
1787 727
1789 1189
1790 1325
1791 3776
1793 848
1794 2769
1797 263
1798 2335
1799 2384
1800 2985
1801 2301
1802 1193
1803 3236
1805 861
1807 1573
1808 2092
1811 1409
1812 1964
1813 1450
1814 2432
1815 2520
1816 4056
1817 993
1818 2552
1819 2169
1820 3102
1821 1744
1822 1308
1823 3847
1824 292
1825 1032
1826 845
1827 1663
1828 1523
1829 2692
1830 2348
1831 889
1832 3061
1833 4066
1835 3521
1836 147
1837 3332
1838 3650
1839 3223
1840 1796
1841 2613
1842 703
1843 161
1844 651
1845 3474
1846 3777
1847 1595
1848 1665
1849 3764
1850 2732
1851 457
1852 1113
1853 407
1854 276
1855 540
1856 1269
1857 2316
1858 2466
1859 324
1860 3642
1861 2062
1862 204
1863 1886
1864 2448
1865 2585
1866 4053
1867 2607
1868 1293
1869 3066
1870 1293
1871 3513
1873 112
1874 3251
1875 645
1876 2933
1877 2468
1878 636
1879 2535
1880 643
1881 1842
1882 1000
1883 2917
1884 1690
1886 2135
1887 170
1888 3661
1889 3274
1890 1287
1891 1446
1892 605
1893 3536
1894 3759
1895 3324
1896 2330
1897 1159
1898 636
1899 1736
1900 1682
1901 880
1902 2043
1903 1564
1905 2695
1906 3645
1908 3808
1909 3505
1910 2236
1911 1243
1912 1984
1913 2570
1914 312
1917 2468
1918 728
1919 389
1920 3067
1921 3781
1922 419
1923 711
1924 2917
1925 1218
1926 3928
1929 740
1930 1634
1931 3258
1932 3160
1933 593
1934 410
1935 2420
1937 1174
1938 3709
1939 183
1940 465
1942 3228
1943 1095
1944 2746
1945 534
1946 3001
1947 2048
1948 864
1949 3966
1950 3791
1951 1690
1952 3249
1953 610
1954 866
1955 1667
1956 3105
1957 903
1958 2689
1959 3897
1960 299
1961 1586
1963 339
1964 3000
1965 3754
1966 5
1967 3471
1968 3932
1969 2500
1970 1810
1971 3287
1972 1369
1973 2563
1974 2087
1975 1640
1976 3629
1977 3996
1978 2613
1979 2440
1981 3012
1982 3778
1983 3243
1984 3189
1985 200
1986 1623
1987 3619
1988 2084
1989 2155
1990 2062
1991 1599
1992 1937
1993 1813
1994 174
1995 1822
1996 1956
1997 3797
1998 599
1999 1838
2000 2269
2001 2321
2002 2113
2003 2328
2004 3446
2005 2671
2006 2616
2007 2777
2009 159
2010 2165
2011 1516
2013 2475
2014 939
2015 582
2017 2059
2018 2885
2019 3192
2020 3293
2021 11
2022 3470
2023 2021
2024 1570
2025 1221
2026 834
2027 3893
2028 1473
2030 487
2032 34
2033 3400
2034 1310
2035 2108
2036 3750
2037 3715
2038 2314
2039 3275
2040 2749
2041 2600
2042 3634
2043 1554
2044 3070
2046 1446
2048 422
2049 3275
2050 2422
2051 2724
2052 2068
2053 2560
2054 2663
2055 2526
2056 2367
2058 1998
2059 1958
2060 176
2061 2939
2062 4073
2063 2484
2064 1030
2065 2081
2066 2391
2067 1884
2068 3350
2069 3927
2070 2823
2071 3603
2072 2585
2073 901
2074 3872
2075 2207
2076 4
2078 3628
2079 1260
2080 3868
2081 4009
2082 3754
2083 3457
2084 1137
2085 2140
2086 1459
2087 948
2088 4027
2089 2635
2090 266
2091 4037
2093 3648
2094 1129
2095 3290
2096 3859
2097 2748
2099 3710
2100 1968
2101 1727
2102 2797
2103 3133
2104 513
2105 2349
2106 1799
2107 505
2108 2061
2109 2119
2110 777
2111 3700
2112 4094
2113 2135
2114 185
2115 1304
2116 3021
2117 181
2118 679
2119 2305
2120 1419
2121 1245
2122 2034
2123 3586
2124 2139
2125 3482
2126 1664
2127 1683
2128 425
2129 2974
2130 3385
2132 2812
2133 2656
2134 3054
2135 3787
2136 2225
2137 566
2138 2578
2139 3315
2140 1794
2141 1431
2142 3881
2143 2885
2144 3375
2145 2493
2146 929
2147 1969
2148 3159
2149 248
2150 3102
2152 2596
2153 2332
2154 3577
2155 3964
2156 448
2157 1269
2158 1899
2159 1162
2160 1025
2161 2715
2162 2395
2163 3244
2164 821
2165 816
2166 3209
2167 104
2168 3067
2169 1706
2170 831
2171 2623
2172 268
2173 499
2174 3808
2175 1698
2176 319
2177 2163
2178 1311
2179 2233
2180 2481
2181 2036
2182 444
2183 2856
2184 4084
2185 3134
2186 2966
2187 2445
2188 170
2189 311
2190 2296
2192 2625
2193 1755
2194 913
2195 3448
2196 832
2197 1216
2200 330
2201 989
2202 3319
2203 3076
2204 4033
2205 3616
2206 3984
2208 3854
2209 1656
2210 2515
2211 292
2212 886
2213 2792
2214 1425
2215 3074
2217 2612
2218 1513
2220 2222
2221 1239
2222 2104
2223 1666
2224 176
2225 3604
2226 832
2227 4013
2228 869
2229 751
2230 2875
2231 971
2232 585
2233 1581
2234 2033
2235 2638
2236 310
2238 831
2239 1655
2240 1168
2241 677
2242 2485
2243 2548
2244 3374
2245 1936
2246 2152
2247 3383
2249 1532
2250 395
2251 1095
2252 3242
2253 1507
2254 3703
2255 3665
2256 2272
2257 1882
2258 1147
2259 2766
2261 1627
2262 2675
2263 1255
2264 1168
2265 1576
2266 2974
2267 2167
2268 893
2269 2463
2270 3649
2271 539
2272 11
2273 2648
2276 691
2277 159
2278 3914
2279 828
2281 252
2282 2620
2283 3304
2284 3962
2285 3258
2286 1560
2287 1976
2288 2796
2289 2627
2290 2736
2291 3936
2292 3747
2293 2862
2294 4060
2295 4015
2296 82
2297 3546
2298 2223
2299 1875
2300 1746
2301 2999
2302 1238
2303 2694
2304 2957
2306 3615
2307 2902
2308 2976
2309 3682
2310 3397
2311 3884
2312 3922
2313 301
2314 3950
2315 1758
2316 2113
2317 1878
2318 1306
2319 1625
2320 1919
2321 1349
2322 3984
2323 3231
2324 1082
2325 3483
2326 2348
2327 3770
2328 2110
2329 3717
2331 3268
2332 1004
2334 3063
2336 1408
2337 3437
2338 2216
2339 3301
2340 355
2341 3001
2342 1892
2343 3338
2344 3692
2345 2774
2346 2109
2347 1038
2348 4068
2349 326
2350 3201
2351 2135
2352 3552
2353 4085
2354 1673
2355 3578
2356 183
2357 1885
2358 3078
2359 2594
2360 591
2361 1123
2362 4000
2364 3038
2365 3564
2366 3154
2368 1162
2369 2258
2370 2405
2371 765
2373 766
2374 956
2375 3442
2376 2585
2377 3038
2378 3457
2379 2502
2380 825
2381 3452
2382 687
2383 1320
2384 3883
2385 963
2386 3673
2387 1368
2388 1345
2389 372
2390 1442
2391 2451
2392 595
2393 1428
2394 3110
2395 1531
2397 2762
2398 2542
2399 275
2400 2213
2401 2311
2402 62
2403 3115
2404 1456
2405 3074
2406 3051
2407 1143
2408 2028
2409 203
2410 3218
2412 2869
2413 2230
2415 805
2417 436
2418 1992
2419 3253
2420 1953
2423 904
2424 1092
2426 2128
2427 3685
2428 3796
2429 3372
2430 2436
2431 1013
2432 1284
2433 3061
2435 3524
2436 388
2437 4025
2438 416
2440 650
2441 3674
2443 1794
2444 3363
2446 2692
2447 887
2449 3171
2450 4093
2451 1815
2452 110
2453 1372
2454 3588
2455 312
2456 3893
2457 3025
2458 3329
2459 2763
2460 2203
2461 1834
2462 3601
2463 1960
2464 3808
2465 2006
2466 2286
2467 3100
2468 3594
2469 2234
2470 1614
2471 3885
2472 142
2473 3065
2474 446
2475 1327
2476 3649
2477 1566
2478 1898
2479 2830
2481 2060
2482 3387
2483 3071
2485 2470
2489 383
2490 1243
2491 1281
2492 1380
2493 3297
2494 2797
2495 2021
2496 1649
2497 2088
2499 1153
2500 1793
2501 406
2503 275
2504 3864
2506 431
2507 2539
2508 3272
2509 2151
2510 1649
2511 783
2512 1881
2513 3486
2514 825
2516 3581
2517 3928
2518 2791
2519 3052
2520 1760
2521 2902
2522 3355
2524 1367
2525 3944
2526 213
2528 609
2529 1726
2530 3403
2531 1021
2532 3017
2533 100
2534 148
2535 3742
2536 891
2537 1896
2538 173
2539 3293
2541 3518
2542 3586
2543 2021
2544 487
2546 3675
2547 1027
2548 3356
2549 3503
2550 2660
2551 3579
2552 2389
2553 278
2554 882
2555 3380
2556 495
2557 1682
2558 375
2559 199
2560 862
2561 3441
2562 4034
2563 3264
2564 154
2566 943
2567 4054
2568 2592
2569 620
2570 3916
2571 3452
2572 2919
2573 1266
2574 3995
2575 87
2577 1810
2579 1916
2580 2539
2581 2156
2582 2232
2583 2775
2584 1522
2585 794
2586 2857
2587 1632
2588 2360
2589 3778
2590 3113
2591 1715
2592 593
2593 2968
2594 3322
2595 2708
2596 165
2597 2104
2598 3079
2599 2066
2600 3389
2601 3432
2602 2039
2603 3993
2605 2266
2606 3992
2607 1435
2609 1365
2610 394
2611 2948
2612 3716
2613 785
2614 1265
2615 621
2616 1388
2617 2210
2618 1862
2619 602
2620 708
2621 4079
2622 1805
2624 224
2625 111
2626 2344
2627 3533
2628 2313
2629 2963
2631 393
2632 555
2633 338
2634 1455
2635 4057
2636 3103
2638 2156
2639 2151
2640 317
2641 2268
2642 508
2643 783
2644 713
2645 387
2646 674
2647 1719
2648 1519
2649 486
2650 1020
2651 1353
2652 2386
2653 2592
2654 3704
2655 2487
2656 1839
2657 3582
2658 196
2659 2262
2660 1086
2661 2041
2662 1148
2663 684
2664 2693
2665 2236
2667 491
2669 1888
2670 442
2671 3001
2672 1779
2673 3958
2674 1851
2675 2383
2676 481
2677 1043
2678 3154
2679 480
2680 1869
2681 3649
2682 1973
2683 2628
2684 2860
2685 2567
2686 1768
2687 583
2688 2950
2689 1403
2690 3230
2691 3027
2692 2869
2693 1985
2694 3620
2695 3650
2696 3009
2697 1849
2698 747
2699 2211
2700 303
2701 2700
2702 1479
2703 2898
2704 1670
2705 3289
2706 1200
2707 3501
2709 3767
2710 721
2711 2413
2712 1920
2713 215
2714 309
2715 1938
2716 895
2717 81
2718 934
2719 2887
2720 1819
2721 2650
2723 3873
2724 2318
2725 2513
2726 3761
2727 1428
2728 185
2729 3292
2730 3152
2731 3760
2732 2097
2733 970
2734 2640
2735 55
2737 1433
2738 184
2739 1001
2740 329
2741 1519
2742 3237
2743 2705
2744 2706
2745 2055
2746 546
2747 2111
2748 1284
2749 3061
2750 146
2751 3638
2752 611
2753 2512
2755 2832
2756 1267
2757 369
2758 1166
2759 2160
2760 3087
2761 1809
2762 1556
2763 1283
2765 1741
2768 3318
2769 1986
2770 3360
2771 1948
2772 1757
2773 366
2774 3706
2775 738
2776 3587
2777 1033
2778 992
2779 3408
2780 937
2781 1698
2782 1244
2783 1624
2784 292
2785 1164
2786 508
2789 1775
2790 1438
2791 2497
2792 682
2793 882
2794 1512
2795 4011
2797 1630
2798 3903
2799 3263
2800 2826
2801 3521
2802 935
2803 970
2804 3528
2805 2527
2806 978
2807 1745
2808 2643
2810 2742
2811 1456
2812 294
2813 71
2814 2300
2815 2069
2816 2205
2817 2855
2818 4085
2819 2572
2821 3843
2823 3912
2824 280
2825 2844
2826 2015
2827 3911
2829 3889
2830 176
2831 159
2832 2725
2833 1088
2834 3886
2835 2078
2836 3139
2837 2266
2838 3277
2839 2245
2840 1287
2841 3295
2842 774
2843 1123
2844 3758
2845 3185
2846 242
2847 1769
2848 3117
2849 2970
2850 1418
2851 3727
2852 481
2853 813
2854 3171
2855 1787
2856 3422
2857 147
2858 3182
2859 755
2860 959
2861 579
2862 2962
2863 303
2865 3344
2866 1799
2867 1405
2869 2366
2870 2520
2871 68
2872 3202
2874 598
2875 1991
2876 140
2877 3278
2878 1668
2879 1992
2880 2613
2881 2496
2882 1935
2883 1848
2885 2994
2886 3203
2888 1671
2889 955
2890 1651
2891 3187
2892 1095
2893 1742
2894 2578
2895 3223
2896 2644
2897 169
2898 225
2901 411
2902 1387
2903 3240
2904 2842
2905 3775
2906 510
2907 943
2908 2052
2909 1361
2910 2320
2911 3914
2912 1150
2913 424
2914 225
2915 1296
2916 611
2917 1386
2918 2926
2919 747
2920 3777
2921 2922
2922 2932
2923 2826
2924 1030
2925 723
2926 3742
2928 85
2929 3897
2930 699
2931 2030
2932 1183
2933 3976
2934 555
2935 12
2936 1093
2937 357
2938 3640
2939 1346
2940 2950
2941 432
2942 414
2943 2362
2944 2267
2945 500
2946 3118
2947 3956
2948 1378
2949 3455
2950 2078
2951 2446
2952 3355
2953 981
2954 3125
2955 1538
2956 3467
2957 538
2958 327
2959 3838
2960 2649
2961 2275
2962 3299
2963 2309
2964 4041
2965 3677
2967 2147
2968 1299
2969 3570
2970 3406
2971 2993
2972 54
2973 802
2974 305
2975 3615
2976 1981
2977 297
2978 993
2979 3804
2980 133
2981 3468
2982 82
2983 1471
2984 236
2985 2061
2986 1317
2988 2000
2989 2235
2991 510
2992 3699
2993 321
2994 660
2995 3468
2996 1528
2997 3448
2998 1455
2999 2779
3000 2631
3001 3211
3002 3192
3003 3006
3004 14
3005 242
3006 3758
3007 320
3008 378
3010 1100
3011 3897
3012 556
3013 2633
3014 3242
3015 3449
3016 3247
3018 1940
3019 1841
3020 4007
3021 2237
3023 665
3024 1729
3025 1585
3026 772
3027 687
3028 3283
3029 3884
3030 2808
3031 2365
3032 2971
3033 1301
3034 4071
3035 2872
3037 3828
3038 1891
3039 372
3040 3349
3041 445
3042 445
3043 460
3044 786
3045 1607
3046 3069
3047 1167
3048 2499
3049 3914
3050 590
3051 2132
3052 1016
3053 1961
3054 305
3055 2130
3056 1683
3057 3658
3058 1668
3060 3366
3061 2471
3062 2380
3063 2016
3064 2901
3065 2769
3066 2797
3067 1790
3068 3500
3069 114
3070 3972
3072 2957
3073 3841
3074 887
3075 4092
3076 1069
3077 3292
3078 3067
3079 3917
3080 879
3081 807
3082 3180
3083 3303
3084 1643
3085 1026
3086 3605
3087 1456
3088 1885
3090 3404
3091 1010
3092 103
3093 3542
3094 929
3095 3565
3096 2355
3097 1634
3098 839
3099 369
3100 2373
3101 1670
3102 4077
3103 3386
3104 1252
3105 2651
3106 1788
3107 2263
3108 2681
3109 472
3110 2934
3111 429
3112 1992
3113 1035
3115 452
3116 342
3117 816
3120 335
3121 2494
3122 1758
3123 2035
3124 1121
3126 3556
3127 660
3128 1795
3129 3059
3130 393
3131 574
3132 4003
3133 1210
3134 3304
3135 3918
3138 1140
3139 416
3140 2526
3141 2099
3142 149
3143 1960
3144 761
3145 69
3146 922
3147 791
3149 183
3151 2734
3152 3055
3153 2862
3154 2492
3155 412
3156 1728
3157 325
3159 1235
3160 3757
3161 4065
3162 930
3163 1958
3164 246
3165 626
3166 2165
3168 2751
3169 2894
3170 3716
3171 3088
3172 2397
3173 2698
3174 2620
3175 1657
3176 2807
3177 2585
3178 3222
3180 1870
3182 40
3183 4092
3184 884
3185 2334
3186 188
3187 1179
3188 3178
3189 3520
3190 463
3191 2260
3193 877
3194 3291
3195 835
3196 3247
3197 1898
3198 742
3200 2359
3201 3175
3202 1677
3203 3002
3204 1816
3206 883
3207 2159
3209 2436
3210 2834
3211 2145
3212 2144
3213 3092
3214 4004
3215 4073
3216 2987
3217 3596
3219 984
3220 1899
3221 1702
3222 182
3223 2473
3224 96
3225 2158
3227 328
3229 3255
3230 3651
3231 1233
3232 4019
3234 2568
3235 2014
3236 1959
3237 481
3238 3498
3239 786
3240 395
3241 2213
3242 3578
3243 857
3244 2515
3245 2085
3246 3941
3247 2236
3248 1820
3251 1172
3252 741
3253 1641
3254 2969
3255 1119
3256 2805
3257 1981
3258 1386
3259 1713
3260 3449
3262 1189
3263 2800
3264 2584
3265 212
3266 1932
3268 2533
3269 1106
3270 3448
3271 1835
3273 3823
3275 1931
3276 23
3277 1526
3278 3921
3279 3905
3280 1554
3281 1439
3283 2192
3284 2348
3285 3909
3286 257
3287 3258
3288 4061
3289 2807
3290 440
3291 2010
3292 476
3293 3771
3295 2533
3296 2818
3297 3581
3298 2963
3299 1664
3300 621
3301 2613
3302 339
3303 1749
3304 2833
3305 768
3306 2798
3307 1028
3308 1704
3309 3982
3310 2827
3311 1810
3312 1112
3313 1780
3314 1754
3315 2026
3316 3108
3317 2781
3319 3649
3320 3329
3321 2064
3324 3228
3325 2095
3326 3944
3327 1464
3328 825
3329 3772
3330 1546
3331 2354
3332 3632
3333 3569
3334 812
3335 184
3336 3150
3337 945
3338 2468
3339 1743
3340 4044
3341 1822
3342 2419
3343 2035
3344 1056
3345 968
3347 85
3348 2426
3349 3929
3350 941
3351 3877
3352 2022
3353 2881
3354 2159
3355 3319
3356 2987
3359 545
3360 2721
3361 3169
3362 716
3363 3557
3364 995
3366 3776
3367 1746
3369 3498
3370 2662
3371 2538
3372 1916
3373 1401
3375 3197
3376 3779
3377 1837
3378 624
3379 545
3380 3615
3381 2185
3382 1129
3383 3060
3384 2366
3385 2773
3386 319
3387 3463
3388 2141
3389 41
3390 3816
3391 3263
3392 2120
3394 660
3395 87
3397 177
3398 2926
3399 2405
3400 3536
3402 526
3403 1066
3404 1215
3405 869
3406 3128
3407 3114
3408 1836
3410 321
3413 2091
3414 3705
3415 155
3416 1296
3417 2432
3418 2827
3419 3147
3420 3472
3421 334
3422 1421
3423 2697
3424 272
3425 1103
3426 2975
3427 2224
3429 2746
3430 3284
3431 1236
3432 1934
3433 3192
3434 3805
3436 705
3437 613
3438 315
3439 2966
3440 3291
3441 2610
3442 2118
3443 1988
3444 2120
3445 1829
3446 1698
3447 2575
3448 1992
3449 3854
3450 2469
3451 1798
3452 1690
3453 2840
3455 3488
3456 610
3457 2151
3458 69
3459 3509
3460 3031
3462 3254
3463 1889
3464 945
3465 393
3466 75
3467 3900
3468 3948
3469 3373
3470 575
3471 1225
3472 2579
3473 1741
3474 2393
3475 1820
3477 18
3478 509
3479 3609
3480 45
3481 4084
3482 2041
3483 278
3484 2630
3486 3237
3487 3530
3488 2454
3489 3021
3490 2388
3491 1524
3492 773
3493 833
3494 1993
3495 588
3496 1983
3497 3380
3498 3540
3499 2403
3500 1551
3502 827
3503 3083
3504 234
3505 1790
3506 1231
3507 546
3508 3611
3509 2735
3510 2987
3511 2145
3512 1797
3513 2285
3514 864
3515 2145
3516 1142
3517 3931
3518 4040
3519 3816
3520 2882
3521 2660
3522 513
3523 3931
3524 748
3525 1094
3526 1299
3527 2079
3528 1235
3529 2790
3530 252
3531 1957
3532 3381
3533 2727
3534 2890
3535 4050
3536 562
3537 6
3538 1578
3539 1389
3540 1222
3541 1890
3542 1233
3543 2916
3544 1594
3545 2989
3547 1220
3548 2633
3549 3563
3550 1500
3551 3718
3552 2471
3553 1208
3554 3587
3555 1351
3556 1740
3557 1395
3558 2996
3559 3581
3560 1194
3562 127
3563 3269
3564 2085
3565 3698
3566 3610
3567 2213
3568 2112
3569 3815
3570 2322
3574 3623
3575 3887
3578 1922
3579 1285
3580 3079
3582 1061
3583 4022
3585 1723
3586 3243
3588 875
3589 3314
3590 639
3591 1154
3592 1224
3594 798
3595 3763
3596 3640
3597 3920
3598 2382
3599 361
3600 30
3601 4023
3602 2076
3603 748
3604 843
3605 1146
3606 2952
3607 162
3608 1642
3609 250
3610 1054
3611 814
3612 3765
3613 1885
3614 1508
3615 3858
3616 3361
3617 3690
3620 839
3621 2987
3622 2541
3623 3645
3625 217
3626 2463
3627 3991
3628 2847
3629 1103
3630 3754
3631 3786
3632 758
3634 320
3635 1625
3636 1967
3637 3168
3638 2081
3639 1584
3640 1622
3641 735
3642 2272
3643 2789
3644 637
3646 175
3647 1607
3648 1992
3649 2009
3650 3331
3651 245
3653 159
3654 2862
3655 1585
3656 2656
3657 2403
3659 3308
3660 1999
3661 2767
3662 1602
3665 80
3666 489
3667 2014
3668 2862
3669 2937
3670 3358
3672 142
3673 459
3674 2451
3675 1494
3676 2595
3677 375
3678 3987
3679 2768
3681 2267
3682 1743
3683 3131
3684 2842
3685 3937
3687 1390
3688 552
3689 2587
3690 1853
3691 2126
3692 3253
3693 1211
3694 1839
3695 2714
3696 2696
3697 1447
3698 2053
3699 3843
3700 2464
3701 694
3702 1875
3703 1714
3705 2284
3706 2500
3707 2456
3708 1346
3709 77
3710 2992
3711 1197
3712 3151
3713 1807
3714 697
3715 3956
3717 2516
3718 768
3719 2604
3720 2122
3721 2304
3722 321
3724 924
3726 2372
3727 879
3728 1879
3729 2179
3730 1934
3731 3569
3732 2413
3733 3875
3734 2887
3735 541
3736 1339
3737 2032
3738 2543
3741 259
3742 4020
3743 3570
3744 1536
3745 3009
3746 1829
3747 331
3748 3359
3749 2138
3750 38
3751 3073
3752 3842
3753 514
3754 3081
3755 3211
3756 1335
3757 229
3758 2427
3759 2108
3760 3418
3762 975
3763 3504
3764 1016
3765 1399
3766 1133
3767 3715
3768 2690
3769 2849
3770 2913
3771 1490
3772 674
3774 1484
3775 3719
3777 801
3778 1537
3779 2563
3780 3739
3781 76
3782 534
3783 3618
3784 2813
3785 1578
3786 3547
3787 944
3788 1914
3789 852
3790 3793
3791 4015
3792 674
3793 2682
3794 2707
3795 1045
3796 548
3797 1438
3798 2015
3799 1398
3800 2250
3801 2688
3802 494
3803 3231
3804 2098
3806 2289
3807 106
3808 3222
3809 459
3810 1708
3811 3301
3812 645
3813 3779
3814 1953
3816 1439
3817 2853
3818 2513
3820 2896
3821 3942
3822 2010
3824 3307
3825 309
3826 1315
3827 2261
3828 1710
3829 226
3830 174
3831 1706
3832 948
3833 1940
3834 3671
3835 263
3837 254
3838 1299
3839 2940
3840 3423
3841 43
3842 2671
3843 2879
3844 3769
3845 1651
3846 4012
3847 919
3848 3964
3849 1217
3850 1827
3851 974
3853 2213
3854 1198
3855 1993
3856 4037
3858 2435
3859 1536
3860 1087
3861 3502
3862 3322
3863 350
3864 3625
3865 1381
3866 2599
3867 658
3868 3318
3869 386
3870 2634
3871 611
3872 951
3873 3552
3875 141
3876 3135
3877 1203
3878 1265
3879 1569
3880 2542
3881 1895
3882 530
3883 2807
3884 988
3885 276
3886 1536
3888 2123
3889 3920
3890 2956
3891 4034
3893 1410
3894 1196
3895 594
3896 2495
3897 3221
3898 3875
3900 618
3901 66
3902 485
3904 3066
3905 4021
3907 3892
3908 731
3909 2312
3910 3870
3911 3715
3912 3098
3916 2635
3917 1241
3918 3157
3919 3916
3920 2992
3921 473
3922 1467
3923 139
3924 1411
3925 2363
3926 1870
3927 2847
3928 1244
3929 512
3930 126
3932 1183
3933 3815
3934 983
3936 1529
3937 1357
3938 2777
3939 750
3940 1155
3941 2165
3942 4044
3943 2197
3944 1075
3945 2705
3946 1982
3947 908
3948 1090
3949 167
3950 2780
3951 1112
3952 877
3953 3451
3954 3793
3955 1074
3956 1312
3957 1814
3958 2970
3959 2982
3960 1999
3962 3852
3963 1095
3964 3743
3965 3101
3966 99
3968 1652
3969 2226
3970 1003
3971 1100
3972 212
3973 631
3974 1877
3975 3198
3976 3866
3977 3897
3978 1206
3979 973
3980 728
3981 902
3982 1502
3983 2152
3984 3048
3985 1437
3986 1106
3987 1735
3988 3629
3990 3275
3992 694
3993 242
3994 1460
3995 1447
3996 871
3997 3584
3998 2025
3999 3911
4000 3898
4001 1041
4002 3350
4003 1206
4005 2650
4006 352
4007 453
4008 3851
4010 720
4011 3837
4012 835
4014 57
4015 3487
4016 2856
4017 844
4018 3924
4019 2365
4020 1067
4021 770
4022 710
4023 1817
4024 1679
4025 2115
4026 1429
4028 3223
4029 1822
4030 2182
4031 2656
4032 1503
4033 1791
4034 1164
4035 1077
4036 3448
4037 1817
4038 459
4039 508
4040 3543
4041 1038
4042 3578
4044 2706
4045 438
4046 3108
4047 1092
4048 3828
4049 1228
4050 544
4051 3087
4052 3832
4054 549
4055 2967
4056 1107
4057 2887
4058 1039
4059 1570
4060 1883
4061 466
4062 56
4063 315
4064 187
4065 3285
4066 1960
4067 2383
4068 237
4070 682
4071 925
4072 833
4073 3432
4074 2374
4076 2873
4077 239
4078 1186
4079 2811
4080 2879
4081 3831
4082 445
4083 2296
4084 3779
4085 1390
4086 1635
4087 2635
4088 3978
4089 3773
4090 2102
4091 1268
4092 3794
4093 3399
4094 3540
4095 3930
