14 4096
0
1
3
8
11
12
18
30
31
34
36
40
41
42
52
53
54
56
57
58
61
67
68
70
76
78
84
88
93
95
96
97
98
104
105
106
110
111
114
120
128
130
135
137
142
146
147
152
157
163
168
175
183
185
188
192
196
197
198
203
208
210
219
225
233
234
235
237
243
253
262
268
269
272
275
276
279
281
282
284
288
289
297
298
303
304
308
311
313
314
320
327
328
329
331
332
338
339
341
345
350
360
372
377
379
386
390
395
398
399
401
403
405
407
408
409
414
418
426
427
429
432
436
437
438
439
444
446
447
455
461
462
463
470
478
480
484
485
498
501
505
510
523
524
543
546
547
549
550
551
553
554
559
561
563
568
572
573
577
580
583
590
592
593
594
610
611
613
614
615
617
619
622
625
628
630
638
640
642
647
649
650
652
654
661
666
673
679
688
696
701
710
713
723
724
725
726
727
728
731
745
754
756
766
776
784
796
798
800
805
807
813
814
816
824
832
837
842
847
855
864
867
876
877
879
880
881
884
888
889
890
896
897
898
899
905
910
914
915
916
927
930
935
936
939
944
945
950
955
958
961
963
965
971
980
982
991
994
995
996
998
1005
1009
1012
1016
1017
1019
1025
1027
1033
1044
1045
1049
1054
1058
1067
1072
1074
1077
1079
1081
1087
1088
1101
1102
1105
1118
1120
1122
1126
1128
1131
1135
1145
1152
1155
1162
1164
1165
1184
1190
1195
1198
1199
1201
1206
1207
1208
1221
1222
1223
1227
1229
1233
1234
1244
1245
1246
1248
1253
1260
1264
1266
1269
1270
1276
1278
1291
1294
1296
1302
1304
1305
1307
1329
1330
1339
1342
1344
1354
1357
1358
1367
1369
1372
1375
1384
1385
1389
1390
1392
1393
1394
1407
1408
1409
1411
1421
1427
1430
1434
1445
1450
1458
1459
1460
1462
1471
1473
1474
1483
1489
1500
1503
1506
1507
1511
1512
1518
1521
1522
1524
1528
1534
1541
1546
1548
1552
1553
1554
1558
1560
1568
1572
1573
1586
1587
1591
1593
1594
1595
1600
1605
1608
1614
1627
1629
1630
1633
1635
1636
1639
1645
1650
1652
1653
1656
1666
1670
1675
1676
1680
1683
1684
1695
1699
1705
1727
1728
1729
1730
1731
1735
1740
1745
1747
1748
1749
1751
1753
1758
1764
1766
1770
1774
1779
1784
1785
1794
1798
1800
1805
1807
1808
1811
1813
1814
1817
1818
1819
1820
1826
1828
1829
1831
1832
1837
1841
1847
1848
1851
1855
1857
1863
1868
1874
1876
1880
1882
1883
1893
1899
1903
1905
1906
1908
1910
1913
1914
1922
1924
1929
1933
1937
1939
1946
1948
1955
1961
1965
1971
1976
1978
1981
1985
1986
1990
1994
1995
1997
2000
2001
2007
2011
2013
2014
2018
2027
2028
2032
2033
2035
2037
2039
2041
2046
2053
2056
2058
2059
2063
2068
2070
2072
2073
2075
2076
2079
2080
2082
2083
2091
2094
2095
2111
2113
2119
2124
2126
2133
2139
2142
2147
2154
2155
2157
2162
2168
2172
2174
2177
2180
2185
2186
2190
2193
2208
2209
2210
2213
2221
2227
2229
2232
2235
2238
2239
2240
2244
2245
2253
2254
2255
2263
2264
2265
2268
2270
2277
2281
2282
2283
2286
2292
2293
2294
2298
2299
2302
2303
2304
2309
2315
2319
2325
2327
2332
2337
2338
2339
2340
2346
2348
2351
2355
2356
2371
2374
2382
2393
2399
2401
2404
2410
2413
2424
2427
2432
2443
2449
2450
2451
2452
2455
2459
2462
2464
2472
2481
2485
2490
2495
2497
2501
2509
2511
2512
2513
2514
2517
2519
2524
2525
2530
2532
2537
2550
2555
2556
2560
2567
2570
2574
2577
2581
2582
2585
2586
2588
2591
2603
2606
2607
2609
2610
2620
2628
2632
2640
2645
2648
2650
2651
2653
2659
2660
2662
2663
2667
2669
2671
2673
2677
2678
2681
2682
2685
2687
2692
2696
2699
2703
2709
2715
2726
2727
2728
2730
2735
2738
2739
2741
2745
2749
2751
2752
2756
2768
2773
2774
2780
2785
2794
2807
2811
2814
2816
2817
2819
2821
2825
2826
2832
2834
2836
2838
2840
2843
2844
2850
2852
2853
2857
2858
2859
2862
2865
2866
2876
2885
2888
2890
2905
2910
2913
2920
2925
2926
2930
2938
2941
2948
2953
2956
2959
2962
2968
2975
2978
2979
2982
2986
2993
2994
3003
3008
3010
3012
3018
3019
3027
3032
3033
3034
3037
3045
3046
3047
3053
3058
3062
3067
3084
3090
3092
3093
3099
3105
3106
3111
3117
3122
3128
3131
3138
3139
3140
3149
3156
3160
3161
3163
3165
3172
3175
3177
3180
3183
3188
3191
3196
3200
3202
3204
3207
3210
3213
3214
3219
3220
3224
3227
3229
3230
3232
3238
3239
3242
3256
3257
3266
3269
3276
3278
3283
3286
3297
3307
3311
3314
3316
3317
3319
3333
3335
3339
3342
3348
3351
3356
3361
3362
3364
3367
3369
3371
3379
3380
3386
3391
3392
3397
3398
3400
3402
3404
3405
3408
3414
3416
3420
3427
3430
3431
3433
3438
3439
3440
3441
3443
3448
3459
3462
3463
3464
3472
3473
3474
3477
3481
3484
3486
3491
3493
3494
3500
3505
3508
3510
3515
3519
3522
3527
3529
3533
3534
3541
3542
3545
3548
3549
3553
3554
3564
3566
3567
3570
3590
3591
3592
3594
3599
3606
3608
3615
3620
3625
3626
3629
3630
3634
3635
3636
3639
3642
3648
3651
3653
3654
3656
3657
3659
3661
3667
3675
3676
3678
3683
3688
3690
3691
3701
3702
3705
3707
3715
3731
3732
3736
3737
3742
3743
3746
3751
3752
3756
3759
3765
3770
3780
3781
3782
3784
3788
3789
3790
3798
3800
3803
3806
3807
3811
3812
3817
3822
3826
3828
3831
3835
3839
3843
3845
3851
3854
3855
3856
3858
3859
3864
3873
3875
3876
3878
3879
3888
3889
3893
3896
3897
3901
3907
3911
3916
3928
3937
3941
3942
3945
3954
3956
3957
3959
3969
3972
3973
3974
3977
3979
3980
3982
3988
3997
3998
3999
4001
4003
4006
4011
4012
4016
4017
4032
4035
4036
4050
4051
4052
4060
4063
4066
4067
4070
4076
4079
4092
4093
4105
4106
4112
4116
4117
4118
4120
4124
4130
4132
4135
4141
4142
4144
4156
4159
4169
4174
4175
4176
4177
4182
4184
4187
4188
4192
4197
4202
4207
4212
4216
4217
4220
4221
4223
4224
4225
4229
4232
4240
4250
4251
4252
4253
4255
4258
4268
4271
4275
4276
4280
4286
4290
4291
4296
4297
4299
4305
4311
4315
4320
4321
4323
4327
4328
4330
4334
4335
4342
4343
4347
4349
4357
4358
4369
4372
4373
4374
4378
4384
4385
4387
4390
4391
4401
4406
4407
4417
4428
4433
4436
4437
4439
4441
4443
4446
4447
4448
4449
4451
4461
4465
4466
4471
4477
4483
4484
4486
4488
4492
4501
4502
4504
4513
4514
4520
4524
4529
4538
4541
4543
4551
4552
4563
4574
4575
4579
4589
4596
4602
4605
4606
4609
4612
4614
4617
4620
4625
4628
4629
4632
4634
4639
4640
4647
4649
4652
4653
4654
4657
4659
4663
4664
4669
4671
4674
4675
4676
4677
4682
4685
4688
4691
4694
4698
4702
4704
4708
4710
4719
4720
4721
4728
4734
4735
4741
4754
4763
4765
4769
4772
4774
4779
4782
4784
4786
4793
4795
4798
4804
4808
4813
4814
4824
4825
4830
4841
4846
4851
4852
4853
4854
4858
4862
4863
4873
4877
4883
4886
4893
4897
4903
4905
4909
4920
4933
4934
4935
4937
4941
4951
4954
4955
4958
4960
4979
4983
4992
4996
5001
5002
5005
5019
5020
5023
5027
5029
5030
5035
5036
5039
5043
5045
5048
5052
5054
5057
5061
5062
5069
5071
5072
5074
5076
5079
5080
5088
5089
5090
5093
5094
5097
5100
5101
5104
5105
5106
5113
5117
5120
5122
5123
5128
5132
5140
5143
5150
5158
5162
5163
5165
5167
5176
5187
5195
5198
5200
5206
5212
5221
5225
5232
5234
5235
5236
5247
5254
5257
5262
5267
5272
5283
5285
5288
5289
5292
5293
5296
5297
5300
5304
5305
5309
5313
5314
5318
5324
5325
5328
5330
5338
5340
5343
5358
5359
5361
5362
5379
5382
5384
5388
5394
5396
5400
5401
5402
5404
5409
5410
5412
5415
5419
5423
5424
5426
5427
5429
5433
5436
5440
5443
5448
5457
5458
5459
5465
5469
5473
5478
5490
5491
5492
5496
5500
5505
5509
5511
5517
5518
5522
5525
5528
5531
5537
5538
5540
5543
5545
5546
5557
5560
5562
5563
5564
5565
5567
5568
5573
5574
5575
5576
5577
5585
5586
5589
5599
5603
5604
5605
5607
5611
5618
5620
5621
5624
5634
5638
5640
5644
5650
5654
5655
5658
5663
5669
5682
5683
5685
5691
5694
5695
5700
5709
5716
5719
5721
5722
5723
5728
5732
5738
5740
5741
5745
5746
5750
5752
5772
5774
5775
5777
5781
5782
5783
5785
5788
5799
5807
5818
5822
5825
5830
5832
5840
5845
5855
5857
5869
5871
5875
5877
5887
5893
5895
5897
5907
5909
5912
5913
5921
5923
5924
5932
5942
5943
5948
5949
5954
5958
5967
5969
5971
5973
5975
5978
5979
5985
5986
5998
5999
6006
6008
6020
6025
6028
6029
6030
6035
6038
6046
6047
6049
6053
6054
6055
6079
6083
6092
6102
6105
6110
6111
6113
6118
6120
6121
6136
6137
6145
6146
6151
6157
6158
6159
6162
6163
6166
6167
6169
6175
6181
6184
6198
6210
6213
6221
6222
6224
6231
6233
6246
6248
6251
6252
6260
6267
6273
6274
6276
6280
6282
6284
6288
6289
6297
6319
6322
6324
6331
6337
6339
6340
6341
6342
6348
6351
6352
6358
6372
6373
6381
6382
6385
6386
6393
6395
6396
6399
6402
6403
6408
6417
6421
6432
6440
6444
6447
6448
6454
6460
6461
6466
6467
6472
6478
6485
6488
6494
6500
6501
6502
6503
6504
6506
6514
6519
6531
6539
6542
6547
6549
6553
6572
6588
6596
6618
6620
6625
6626
6630
6632
6635
6640
6642
6643
6646
6648
6649
6658
6659
6660
6663
6664
6668
6676
6680
6682
6685
6690
6696
6701
6703
6711
6713
6714
6723
6724
6725
6727
6735
6736
6742
6744
6752
6757
6758
6759
6760
6766
6769
6771
6773
6774
6783
6791
6794
6797
6800
6803
6806
6807
6814
6819
6820
6823
6826
6835
6840
6843
6847
6848
6857
6859
6861
6864
6870
6875
6889
6890
6901
6912
6913
6914
6920
6923
6926
6931
6941
6947
6951
6954
6955
6958
6962
6966
6968
6974
6977
6978
6986
6993
6994
7001
7005
7007
7008
7010
7011
7012
7025
7032
7035
7036
7037
7050
7054
7060
7063
7066
7070
7072
7073
7075
7082
7092
7097
7098
7108
7112
7120
7125
7134
7135
7137
7143
7147
7151
7152
7154
7168
7181
7186
7187
7196
7197
7201
7204
7208
7217
7218
7224
7225
7226
7227
7243
7253
7265
7266
7267
7271
7273
7276
7278
7285
7287
7291
7306
7313
7328
7333
7337
7339
7340
7350
7351
7356
7359
7361
7364
7369
7374
7384
7386
7388
7409
7410
7415
7416
7428
7435
7437
7439
7448
7452
7458
7459
7466
7471
7472
7477
7487
7495
7499
7503
7510
7511
7519
7522
7523
7533
7535
7538
7542
7544
7547
7549
7554
7559
7563
7569
7582
7585
7590
7593
7598
7599
7605
7606
7609
7614
7615
7616
7620
7621
7634
7646
7650
7654
7659
7660
7663
7665
7670
7681
7682
7687
7688
7693
7698
7701
7702
7703
7704
7706
7707
7709
7722
7725
7733
7734
7739
7742
7747
7752
7764
7777
7787
7788
7790
7792
7802
7807
7811
7814
7824
7826
7837
7843
7844
7845
7846
7848
7849
7852
7856
7864
7865
7866
7870
7878
7881
7885
7886
7889
7903
7907
7908
7913
7916
7918
7921
7924
7927
7931
7933
7934
7935
7937
7943
7949
7952
7957
7959
7961
7962
7972
7978
7993
8016
8017
8020
8021
8022
8026
8030
8034
8037
8040
8042
8047
8060
8073
8079
8081
8088
8092
8101
8102
8107
8111
8114
8115
8118
8121
8126
8128
8130
8133
8135
8137
8141
8143
8146
8150
8158
8159
8160
8168
8182
8184
8185
8186
8188
8196
8201
8208
8209
8216
8218
8221
8223
8233
8234
8239
8255
8256
8258
8261
8264
8267
8271
8272
8279
8297
8308
8309
8310
8322
8330
8337
8338
8339
8340
8345
8357
8366
8376
8379
8382
8383
8386
8389
8397
8398
8399
8403
8405
8406
8407
8409
8410
8414
8422
8423
8429
8434
8440
8442
8460
8463
8468
8475
8478
8484
8485
8491
8495
8500
8501
8510
8515
8519
8530
8535
8536
8542
8549
8550
8554
8556
8559
8563
8567
8568
8570
8571
8572
8576
8578
8591
8593
8595
8598
8599
8601
8602
8603
8621
8622
8624
8626
8633
8637
8640
8642
8646
8664
8672
8680
8690
8697
8703
8704
8707
8708
8714
8717
8723
8725
8726
8735
8736
8737
8738
8743
8746
8747
8749
8753
8761
8762
8767
8769
8770
8772
8773
8787
8798
8801
8802
8803
8807
8808
8810
8811
8812
8813
8815
8816
8819
8820
8822
8825
8826
8834
8840
8841
8842
8843
8844
8845
8849
8852
8855
8859
8862
8865
8883
8884
8885
8886
8888
8890
8893
8908
8912
8914
8916
8920
8926
8931
8932
8935
8940
8947
8954
8962
8963
8972
8979
8980
8983
8989
8999
9000
9002
9004
9008
9009
9016
9017
9018
9019
9021
9023
9031
9034
9041
9042
9043
9052
9057
9058
9059
9060
9066
9067
9072
9074
9088
9097
9098
9099
9100
9102
9104
9107
9114
9115
9119
9121
9123
9125
9132
9137
9138
9148
9149
9152
9153
9154
9157
9162
9167
9168
9169
9171
9172
9178
9181
9187
9192
9197
9199
9200
9209
9212
9216
9219
9224
9225
9226
9227
9231
9233
9235
9239
9241
9244
9249
9252
9254
9261
9264
9266
9268
9270
9271
9276
9277
9280
9284
9286
9287
9290
9297
9299
9301
9306
9310
9314
9316
9319
9321
9323
9330
9331
9332
9336
9340
9359
9365
9367
9369
9387
9388
9395
9400
9402
9403
9405
9407
9411
9416
9418
9419
9422
9424
9434
9436
9440
9456
9460
9464
9467
9469
9470
9477
9479
9483
9484
9492
9495
9497
9498
9506
9511
9512
9514
9523
9525
9527
9533
9535
9537
9540
9543
9546
9547
9557
9562
9566
9567
9569
9571
9576
9584
9586
9587
9595
9596
9597
9611
9612
9622
9625
9626
9645
9648
9649
9652
9660
9665
9669
9678
9684
9686
9689
9692
9695
9701
9703
9707
9711
9712
9714
9720
9724
9725
9728
9739
9744
9745
9747
9749
9765
9768
9771
9785
9793
9799
9804
9810
9817
9822
9823
9825
9827
9830
9841
9843
9844
9849
9850
9862
9863
9866
9870
9877
9884
9885
9892
9897
9901
9906
9907
9908
9910
9922
9930
9933
9938
9941
9945
9946
9950
9953
9956
9961
9964
9965
9970
9971
9973
9976
9989
9991
9993
9995
10000
10007
10008
10014
10016
10019
10020
10024
10025
10028
10029
10033
10036
10037
10038
10042
10044
10045
10046
10056
10059
10060
10069
10072
10074
10076
10080
10082
10083
10084
10086
10087
10088
10095
10103
10105
10106
10116
10118
10121
10127
10132
10137
10143
10146
10149
10151
10155
10169
10171
10173
10176
10177
10178
10179
10180
10182
10183
10184
10185
10188
10193
10203
10206
10207
10212
10213
10215
10216
10217
10218
10256
10260
10273
10274
10276
10279
10280
10281
10282
10283
10288
10289
10292
10297
10317
10322
10331
10337
10340
10341
10350
10355
10356
10382
10385
10392
10395
10396
10409
10414
10415
10417
10419
10420
10421
10423
10426
10427
10428
10430
10431
10439
10446
10448
10451
10453
10454
10457
10458
10459
10461
10475
10478
10479
10488
10499
10505
10506
10507
10513
10514
10515
10516
10517
10524
10526
10530
10533
10537
10540
10541
10547
10548
10551
10554
10558
10561
10562
10565
10570
10574
10577
10580
10581
10582
10590
10593
10594
10598
10601
10602
10625
10629
10632
10638
10642
10644
10646
10648
10650
10651
10652
10654
10658
10660
10662
10663
10664
10665
10666
10671
10674
10677
10683
10686
10689
10698
10699
10701
10702
10705
10718
10720
10722
10724
10728
10729
10738
10740
10750
10751
10756
10767
10772
10775
10777
10778
10782
10783
10791
10811
10817
10818
10832
10836
10837
10839
10841
10842
10848
10850
10853
10854
10856
10866
10872
10875
10880
10881
10884
10887
10888
10889
10890
10891
10892
10896
10899
10904
10917
10918
10920
10921
10922
10923
10925
10927
10929
10950
10955
10961
10968
10973
10981
10985
10989
10990
10999
11000
11006
11009
11011
11016
11018
11023
11027
11029
11031
11037
11046
11047
11055
11058
11063
11066
11069
11072
11074
11082
11084
11087
11088
11093
11104
11111
11113
11114
11115
11116
11118
11121
11123
11124
11127
11130
11131
11133
11137
11139
11143
11144
11152
11154
11155
11159
11162
11165
11168
11175
11178
11185
11191
11195
11203
11206
11212
11213
11216
11223
11229
11237
11238
11246
11248
11250
11255
11256
11260
11267
11268
11270
11273
11277
11280
11285
11286
11289
11294
11302
11304
11307
11309
11315
11323
11324
11327
11338
11347
11354
11356
11360
11361
11368
11369
11370
11380
11383
11389
11392
11399
11403
11404
11406
11412
11416
11417
11419
11423
11426
11428
11444
11445
11448
11449
11450
11454
11456
11465
11467
11472
11477
11482
11483
11492
11495
11497
11499
11512
11518
11519
11520
11521
11522
11523
11528
11532
11535
11542
11543
11544
11546
11548
11552
11559
11563
11567
11568
11569
11575
11576
11579
11580
11586
11596
11599
11602
11609
11624
11626
11633
11635
11643
11651
11661
11663
11665
11666
11671
11673
11674
11683
11686
11688
11700
11706
11710
11716
11717
11718
11726
11731
11743
11746
11747
11748
11751
11757
11761
11762
11767
11770
11772
11775
11783
11784
11792
11795
11798
11799
11804
11805
11813
11815
11818
11819
11822
11823
11826
11828
11829
11833
11840
11841
11843
11848
11852
11859
11864
11865
11868
11869
11874
11883
11892
11893
11897
11898
11900
11901
11904
11912
11920
11921
11925
11929
11933
11935
11936
11937
11942
11946
11954
11956
11957
11958
11959
11960
11962
11970
11975
11977
11978
11982
11983
11989
11992
12004
12005
12008
12009
12014
12017
12025
12031
12035
12037
12041
12047
12051
12052
12054
12061
12076
12078
12086
12089
12090
12093
12094
12096
12099
12100
12112
12114
12116
12117
12122
12124
12126
12128
12130
12137
12139
12145
12148
12149
12150
12152
12156
12163
12164
12165
12167
12168
12169
12172
12195
12200
12202
12208
12211
12212
12216
12221
12229
12230
12232
12237
12242
12243
12249
12254
12269
12278
12282
12283
12288
12293
12294
12308
12316
12326
12331
12333
12342
12344
12348
12354
12363
12364
12368
12383
12388
12389
12391
12396
12397
12399
12405
12406
12408
12409
12411
12413
12414
12417
12423
12425
12430
12438
12447
12451
12459
12462
12471
12473
12475
12480
12481
12486
12487
12489
12497
12503
12507
12512
12513
12514
12526
12528
12544
12553
12556
12562
12563
12564
12567
12572
12575
12578
12579
12583
12585
12591
12592
12595
12596
12600
12608
12609
12613
12616
12622
12629
12630
12637
12638
12640
12641
12644
12654
12657
12659
12660
12661
12669
12671
12673
12676
12681
12687
12693
12694
12702
12703
12706
12711
12712
12720
12721
12727
12730
12731
12735
12754
12763
12765
12766
12767
12772
12779
12781
12783
12785
12787
12796
12802
12804
12805
12807
12809
12812
12817
12831
12840
12843
12846
12847
12851
12852
12854
12861
12867
12869
12881
12892
12894
12896
12905
12912
12914
12915
12918
12921
12922
12930
12932
12934
12936
12955
12956
12957
12963
12964
12968
12970
12975
12979
12980
12985
12990
13002
13024
13027
13032
13037
13040
13046
13047
13050
13054
13058
13065
13067
13069
13077
13081
13085
13092
13095
13108
13111
13119
13122
13123
13129
13136
13148
13149
13150
13155
13156
13172
13180
13182
13189
13195
13198
13199
13200
13203
13221
13223
13227
13231
13232
13234
13238
13244
13251
13253
13257
13265
13266
13271
13274
13279
13281
13286
13289
13302
13303
13304
13308
13311
13315
13318
13323
13328
13331
13334
13337
13341
13345
13351
13354
13360
13363
13364
13370
13372
13376
13385
13387
13392
13402
13403
13407
13408
13419
13421
13425
13426
13432
13439
13445
13449
13455
13461
13462
13464
13465
13470
13471
13481
13482
13483
13484
13493
13497
13499
13514
13516
13520
13525
13527
13529
13532
13537
13541
13542
13546
13553
13560
13561
13563
13566
13569
13570
13571
13574
13575
13582
13586
13589
13592
13605
13607
13608
13618
13623
13627
13628
13629
13633
13635
13636
13637
13643
13647
13666
13671
13672
13674
13676
13678
13691
13692
13698
13705
13707
13708
13713
13717
13721
13722
13725
13726
13729
13730
13732
13739
13740
13747
13753
13754
13761
13763
13765
13768
13772
13774
13780
13783
13792
13796
13798
13799
13812
13813
13814
13818
13822
13823
13829
13830
13832
13833
13842
13845
13849
13850
13851
13853
13860
13861
13863
13873
13875
13876
13877
13880
13888
13891
13898
13899
13902
13908
13909
13913
13920
13927
13928
13929
13934
13938
13940
13945
13950
13954
13955
13961
13965
13968
13971
13977
13982
13984
13988
13989
13990
13993
13999
14008
14009
14014
14016
14031
14036
14037
14038
14045
14049
14056
14066
14087
14088
14104
14108
14109
14111
14114
14115
14119
14120
14123
14127
14129
14133
14143
14146
14150
14156
14157
14158
14159
14172
14174
14175
14177
14178
14182
14185
14187
14207
14208
14212
14220
14223
14226
14232
14235
14238
14243
14246
14249
14252
14258
14266
14269
14273
14274
14277
14279
14282
14286
14289
14290
14291
14292
14293
14299
14301
14312
14313
14315
14331
14339
14342
14343
14350
14358
14362
14369
14371
14387
14388
14392
14395
14399
14401
14403
14406
14408
14413
14414
14415
14423
14435
14438
14442
14446
14450
14452
14453
14454
14455
14459
14460
14461
14465
14468
14469
14470
14478
14482
14494
14499
14502
14503
14506
14508
14511
14513
14514
14518
14519
14523
14524
14527
14528
14529
14531
14534
14537
14538
14543
14544
14558
14560
14565
14567
14572
14578
14580
14581
14585
14587
14592
14594
14599
14600
14602
14609
14611
14613
14616
14620
14628
14629
14631
14633
14641
14642
14646
14650
14653
14658
14659
14663
14666
14667
14671
14673
14679
14680
14681
14685
14688
14691
14696
14697
14700
14701
14703
14716
14717
14720
14723
14726
14729
14732
14737
14745
14746
14747
14748
14752
14756
14760
14763
14765
14780
14783
14787
14788
14791
14792
14794
14797
14801
14807
14813
14816
14819
14823
14826
14827
14831
14832
14840
14852
14854
14856
14862
14875
14876
14877
14883
14885
14886
14890
14894
14895
14900
14906
14907
14909
14915
14916
14922
14923
14924
14929
14930
14937
14939
14944
14949
14951
14958
14963
14969
14973
14981
14990
14995
15002
15005
15011
15015
15016
15025
15026
15027
15034
15038
15041
15044
15045
15048
15050
15051
15060
15062
15066
15068
15070
15078
15083
15085
15087
15091
15094
15100
15101
15106
15118
15120
15123
15126
15127
15129
15130
15143
15145
15149
15151
15177
15178
15183
15185
15194
15196
15198
15200
15208
15209
15212
15223
15225
15227
15228
15229
15244
15247
15248
15249
15257
15263
15266
15279
15285
15286
15289
15292
15294
15295
15301
15307
15309
15311
15313
15314
15315
15319
15323
15326
15328
15329
15331
15332
15333
15334
15335
15338
15339
15342
15344
15350
15353
15363
15365
15371
15374
15375
15376
15380
15383
15385
15386
15391
15392
15397
15398
15400
15403
15404
15408
15412
15418
15423
15427
15429
15431
15439
15440
15441
15443
15448
15456
15468
15476
15479
15482
15486
15497
15500
15507
15510
15513
15523
15525
15526
15534
15535
15539
15540
15543
15546
15550
15556
15558
15559
15565
15571
15572
15579
15580
15581
15584
15590
15595
15596
15597
15599
15604
15608
15613
15615
15616
15619
15620
15621
15622
15624
15625
15640
15647
15654
15655
15663
15667
15670
15672
15676
15677
15695
15696
15708
15709
15711
15714
15717
15718
15728
15736
15740
15741
15744
15747
15750
15753
15755
15760
15761
15775
15776
15781
15783
15787
15793
15801
15803
15807
15808
15809
15811
15812
15816
15822
15823
15824
15827
15828
15836
15837
15838
15844
15854
15866
15874
15879
15882
15884
15892
15897
15900
15902
15905
15914
15915
15920
15923
15927
15928
15934
15937
15947
15948
15953
15954
15955
15956
15957
15969
15971
15976
15983
15986
15987
15991
15997
15999
16000
16001
16002
16005
16006
16009
16014
16015
16019
16021
16022
16029
16031
16034
16035
16037
16038
16041
16044
16045
16046
16057
16062
16069
16071
16072
16074
16076
16077
16085
16087
16089
16090
16092
16095
16106
16108
16115
16117
16120
16122
16128
16131
16135
16141
16142
16143
16144
16147
16152
16161
16163
16165
16168
16171
16177
16179
16181
16200
16205
16213
16216
16218
16227
16231
16236
16237
16240
16241
16243
16246
16247
16253
16254
16263
16269
16274
16278
16283
16284
16287
16288
16298
16310
16311
16314
16319
16323
16325
16329
16330
16332
16335
16336
16343
16346
16347
16349
16358
16359
16360
16362
16372
16375
16378
16379
