10 512
0 227
2 909
3 297
4 787
6 678
8 784
11 761
13 687
16 896
18 199
20 312
23 335
25 312
31 539
32 760
33 28
39 480
40 202
43 281
48 105
50 896
51 986
52 662
57 307
58 637
63 326
64 939
65 519
66 411
67 1005
69 641
75 650
76 3
78 194
80 796
83 152
88 563
90 597
92 169
96 803
97 966
99 933
100 111
101 430
102 116
103 461
105 147
106 76
108 976
109 259
110 442
111 224
114 662
116 580
119 341
123 290
124 884
126 881
127 375
129 581
130 587
132 950
133 991
138 834
142 120
147 135
151 564
152 381
157 360
158 20
159 389
160 272
162 720
170 690
171 414
173 531
174 462
177 770
178 933
181 978
183 595
184 992
185 938
186 34
187 784
188 251
190 81
191 877
194 198
195 494
196 704
197 22
198 94
200 968
202 938
203 873
205 610
206 663
208 993
209 75
211 905
213 476
215 810
218 954
220 31
224 669
225 782
229 451
230 546
231 654
234 464
235 301
236 555
240 436
241 453
242 853
244 427
246 350
247 207
250 961
254 191
255 567
257 691
259 685
260 865
261 215
264 606
265 653
266 610
268 597
270 240
275 42
276 858
278 1001
279 734
280 236
282 630
283 284
286 443
290 69
291 261
294 308
295 780
298 100
299 328
300 521
303 427
304 206
305 213
306 192
307 193
308 964
309 565
311 370
317 239
319 358
320 293
321 810
324 491
327 900
330 983
331 76
332 97
334 771
335 410
336 804
337 193
338 242
340 905
341 43
343 239
344 629
345 731
348 195
351 292
352 146
354 186
355 989
357 597
358 381
360 90
362 463
364 600
367 175
370 675
371 20
374 452
376 667
377 834
378 162
379 28
381 791
383 731
384 60
385 653
386 50
387 405
395 9
396 78
400 620
401 905
403 219
406 323
407 775
408 252
409 668
410 998
411 113
413 998
414 3
416 524
418 624
422 590
424 341
427 605
428 619
429 410
432 225
434 923
436 675
437 361
438 973
439 923
441 601
443 320
444 618
446 522
447 210
448 815
450 25
451 225
452 796
453 615
455 418
456 409
458 344
462 356
465 424
466 545
467 807
469 711
476 510
477 191
479 211
480 938
482 732
483 706
484 271
491 49
494 201
495 397
497 238
498 710
504 174
506 771
508 812
511 809
512 163
513 119
514 234
515 691
519 674
520 754
522 222
529 86
530 98
533 698
534 19
536 367
537 821
538 130
540 566
541 754
543 871
546 496
549 851
551 96
554 937
557 960
558 38
559 409
560 616
562 802
563 912
566 393
571 543
574 444
575 461
576 556
579 193
581 369
584 659
587 106
589 260
594 870
595 967
596 417
597 742
599 51
604 698
608 120
611 350
612 936
614 561
616 371
619 609
620 985
621 229
622 773
623 432
625 425
626 42
628 100
629 198
630 702
632 729
633 348
634 836
635 314
636 286
637 218
638 78
639 42
640 622
643 100
644 433
647 611
649 934
650 609
652 879
656 725
657 410
659 633
660 221
664 532
665 886
667 265
668 192
669 399
671 767
674 927
675 483
676 791
678 755
679 67
680 192
682 641
684 308
688 96
690 488
691 83
693 388
694 408
696 306
697 882
707 59
708 38
710 523
711 322
712 275
713 402
714 492
716 71
718 187
721 46
723 3
726 263
728 511
729 1016
731 910
732 610
734 856
735 582
739 627
742 542
748 51
749 177
750 783
751 937
752 417
755 789
757 844
760 747
762 69
763 729
766 123
773 353
776 797
777 852
778 583
779 214
783 501
787 800
789 71
791 841
792 570
793 287
796 696
797 720
802 332
803 319
804 589
805 342
807 137
808 381
809 544
810 796
816 1003
817 115
818 299
821 295
822 331
823 567
824 1002
825 914
827 887
829 790
834 824
840 305
841 33
842 372
844 21
849 40
850 905
851 42
853 252
855 953
858 321
859 498
862 619
863 455
864 998
865 350
866 1013
867 31
868 370
872 832
873 538
875 586
877 150
878 953
879 235
881 386
882 607
883 589
885 622
886 108
887 965
890 365
891 578
892 538
899 60
902 470
905 58
906 284
908 27
910 689
912 745
914 673
915 266
920 512
923 303
926 242
927 75
930 734
931 270
933 613
935 849
937 439
939 6
943 416
944 288
947 478
956 651
957 263
958 376
959 455
960 414
961 857
962 174
963 100
965 670
970 304
971 1019
974 350
975 6
976 137
977 866
979 609
980 559
983 291
984 991
987 195
992 907
996 365
997 943
998 194
999 311
1000 559
1002 906
1004 420
1005 15
1009 746
1011 224
1014 78
1015 110
1016 504
1017 277
1018 38
1019 766
1020 611
1023 984
