12 1024
0
3
6
9
20
28
31
38
42
43
46
66
67
69
75
76
78
80
88
96
97
98
100
101
103
105
110
111
120
124
126
130
137
147
162
174
175
183
185
188
191
192
194
195
196
197
198
203
208
209
215
225
227
230
234
235
238
240
246
247
250
268
272
275
276
278
279
282
284
286
290
291
294
297
298
299
303
304
308
312
320
321
332
341
342
344
345
350
351
352
364
367
371
375
377
378
381
384
385
386
388
393
395
396
399
406
411
418
424
427
432
434
436
437
438
439
441
442
446
450
455
462
463
467
479
480
491
495
498
501
506
511
512
513
515
519
521
529
531
532
533
544
545
546
556
557
559
563
566
575
580
581
583
589
595
608
609
610
611
614
618
619
620
623
630
633
634
638
639
644
647
650
653
667
668
669
679
682
688
690
696
697
698
710
712
723
725
728
729
731
734
749
752
755
762
766
771
780
789
791
793
796
797
804
805
807
809
810
812
816
825
827
834
841
851
855
864
867
868
875
877
879
881
882
884
887
892
896
905
906
909
910
912
915
923
927
931
933
936
939
943
956
958
960
961
963
976
979
980
983
989
991
993
998
1001
1004
1005
1009
1017
1020
1023
1027
1032
1035
1040
1043
1049
1052
1057
1066
1067
1072
1074
1075
1082
1084
1087
1088
1091
1095
1102
1107
1110
1114
1116
1124
1126
1129
1133
1135
1137
1139
1140
1148
1151
1157
1171
1175
1176
1183
1184
1187
1193
1194
1195
1197
1198
1201
1208
1211
1215
1217
1218
1219
1222
1224
1226
1227
1234
1237
1239
1242
1246
1248
1253
1254
1258
1260
1264
1265
1266
1275
1278
1287
1288
1304
1305
1307
1317
1319
1322
1327
1330
1331
1335
1344
1348
1351
1354
1355
1369
1372
1384
1388
1394
1395
1405
1407
1409
1410
1413
1419
1421
1426
1432
1433
1434
1437
1438
1441
1442
1451
1453
1457
1460
1462
1465
1467
1468
1471
1472
1475
1477
1480
1486
1489
1490
1493
1500
1503
1504
1506
1507
1512
1515
1518
1520
1530
1532
1534
1544
1546
1547
1548
1554
1557
1560
1561
1567
1573
1586
1587
1589
1591
1595
1603
1613
1614
1620
1621
1623
1633
1635
1636
1639
1640
1644
1646
1652
1656
1674
1681
1683
1686
1687
1689
1692
1693
1699
1702
1709
1718
1730
1731
1734
1735
1744
1750
1753
1758
1759
1766
1773
1775
1778
1779
1781
1784
1785
1800
1808
1813
1816
1817
1820
1824
1826
1828
1829
1831
1833
1839
1841
1845
1846
1847
1851
1858
1864
1868
1875
1877
1880
1882
1883
1887
1890
1894
1895
1899
1902
1903
1905
1910
1914
1932
1939
1947
1955
1957
1959
1961
1963
1971
1978
1985
1986
1988
1989
1991
1992
1994
1998
2000
2001
2007
2011
2021
2028
2033
2035
2040
2043
2050
2054
2068
2071
2079
2081
2082
2088
2090
2099
2100
2105
2111
2113
2115
2117
2119
2124
2126
2142
2147
2148
2149
2150
2154
2162
2164
2168
2171
2177
2178
2180
2186
2194
2225
2226
2232
2234
2235
2238
2239
2240
2241
2246
2247
2250
2253
2254
2255
2261
2268
2277
2283
2284
2292
2300
2312
2313
2314
2319
2323
2327
2334
2338
2339
2340
2348
2349
2353
2354
2356
2365
2371
2374
2376
2382
2383
2385
2388
2389
2391
2392
2398
2400
2401
2404
2405
2406
2409
2410
2418
2427
2433
2435
2449
2451
2453
2456
2457
2458
2459
2464
2473
2475
2476
2491
2492
2500
2503
2504
2506
2509
2512
2513
2524
2525
2528
2530
2531
2532
2539
2546
2552
2567
2582
2587
2588
2589
2590
2591
2599
2606
2607
2609
2612
2615
2618
2627
2629
2635
2642
2645
2649
2656
2658
2669
2670
2671
2673
2675
2677
2681
2683
2685
2689
2692
2700
2701
2702
2707
2710
2712
2723
2724
2726
2728
2730
2735
2738
2739
2744
2752
2756
2760
2761
2768
2769
2774
2779
2780
2782
2790
2795
2814
2818
2819
2824
2825
2826
2832
2838
2839
2840
2844
2845
2851
2858
2865
2866
2872
2889
2890
2892
2897
2898
2901
2912
2913
2916
2921
2925
2926
2935
2939
2947
2953
2958
2960
2962
2963
2968
2974
2975
2978
2986
2991
2998
3007
3014
3019
3021
3024
3027
3031
3032
3033
3035
3044
3046
3047
3050
3051
3062
3063
3072
3075
3076
3083
3085
3090
3092
3094
3097
3103
3104
3110
3111
3112
3121
3122
3123
3124
3131
3135
3139
3141
3147
3153
3155
3162
3168
3169
3178
3180
3183
3188
3191
3195
3196
3204
3207
3214
3219
3224
3229
3230
3232
3234
3243
3253
3258
3262
3264
3265
3266
3273
3278
3283
3286
3291
3293
3296
3297
3302
3303
3307
3308
3311
3314
3316
3327
3329
3331
3332
3333
3336
3337
3342
3350
3352
3359
3362
3367
3371
3375
3379
3380
3381
3384
3386
3391
3394
3403
3407
3408
3410
3420
3426
3427
3429
3430
3432
3434
3439
3441
3443
3446
3448
3453
3459
3472
3479
3481
3482
3486
3494
3496
3502
3513
3515
3524
3527
3528
3534
3556
3564
3566
3567
3569
3578
3583
3586
3591
3594
3606
3610
3612
3626
3627
3629
3630
3632
3634
3638
3646
3648
3651
3654
3656
3659
3667
3669
3672
3676
3677
3678
3682
3683
3688
3691
3695
3696
3698
3700
3701
3702
3706
3708
3709
3711
3712
3713
3715
3721
3728
3729
3731
3732
3736
3743
3746
3747
3751
3756
3762
3765
3766
3768
3770
3774
3782
3783
3786
3788
3790
3798
3803
3804
3811
3820
3822
3826
3832
3835
3838
3839
3845
3847
3851
3854
3855
3859
3865
3869
3875
3876
3877
3880
3888
3893
3896
3897
3901
3908
3924
3925
3930
3934
3937
3944
3945
3947
3954
3955
3957
3958
3972
3974
3977
3980
3982
3986
3992
3998
4003
4006
4010
4011
4016
4029
4032
4037
4047
4050
4058
4064
4072
4074
4088
4090
4091
