14 500
0 2638
1 8502
3 13119
4 9847
5 5264
6 677
8 6581
9 6644
11 7470
12 1936
15 14440
16 15671
18 1532
21 4491
22 1095
23 11434
24 5603
28 15991
30 7761
31 10464
33 10074
34 1147
35 10958
36 9819
38 10867
39 9447
40 13456
41 5672
42 15262
46 14455
47 4989
52 10655
53 3649
54 8731
56 12299
57 2648
58 691
59 4255
61 3914
63 9020
66 252
67 6716
68 3304
69 8058
70 3258
71 5656
73 1976
74 6892
76 2627
78 2736
84 8032
86 11939
88 11054
91 8156
93 8111
95 4178
96 3546
97 6319
98 10067
102 14034
104 7095
105 5334
106 14982
108 2957
110 7711
111 6998
114 15264
115 7778
120 15685
123 12076
125 16210
126 8493
127 16238
128 1758
130 2113
131 5974
132 1306
134 13913
135 1919
137 9541
142 16272
144 11423
146 5178
147 15771
152 14636
157 7866
158 2110
160 11909
163 15556
164 9196
168 15351
170 5504
173 3437
175 10408
179 11493
180 4451
182 11193
183 10084
185 7434
188 3692
191 10966
192 6205
196 5134
197 4068
198 8518
203 11393
204 14423
207 7648
208 4085
210 9865
217 11770
219 183
220 14173
221 11270
225 2594
227 4687
228 1123
231 12192
233 3038
234 7660
235 15442
237 9354
238 2258
239 14693
240 13053
243 13054
246 956
249 15730
250 6681
253 3038
256 7553
257 2502
258 9017
261 7548
262 687
263 1320
268 7979
269 5059
272 15961
275 13656
276 1345
278 8564
279 1442
281 10643
282 595
283 5524
284 7206
286 5627
288 10954
289 10734
292 4371
293 10405
294 10503
295 4158
297 7211
298 13744
299 15362
300 3051
303 5239
304 2028
306 203
308 15506
311 15157
313 2230
314 13093
315 8628
316 10184
319 3253
320 6049
324 5000
327 1092
328 6224
329 11877
330 7892
331 11564
332 10628
338 5109
339 5380
341 15349
345 7620
350 8580
351 16313
357 12704
358 4746
359 15962
360 14082
363 3363
367 10884
368 4983
369 7267
370 8189
371 5911
372 110
373 1372
374 3588
376 12600
377 3893
378 7121
379 15617
380 2763
381 14491
386 10026
387 11793
389 6056
390 16096
391 10198
392 6382
395 3100
398 11786
399 6330
401 5710
403 16173
404 142
405 3065
407 12734
408 5423
409 7745
410 5662
411 10090
413 2830
414 14348
415 7483
416 15359
418 14758
420 4479
421 9435
426 1281
427 13668
429 3297
431 15085
432 6117
433 1649
435 2088
436 1153
437 9985
438 12694
439 12563
444 3864
446 4527
447 10731
450 15560
453 14439
455 1649
456 783
457 14169
461 3486
462 4921
463 15869
468 8024
470 6887
472 11244
475 14048
477 6998
478 11547
479 9559
480 12136
484 4309
485 12897
487 1726
488 3403
491 9213
493 3017
497 4196
498 12436
501 16030
504 9083
505 1896
506 4269
507 15581
508 11710
510 15874
511 14309
514 4583
517 3675
520 9219
522 15644
523 3503
524 6756
525 15867
530 2389
531 4374
532 13170
533 15668
536 4591
538 9874
543 375
545 199
546 13150
547 7537
548 12226
549 11456
550 12442
551 9135
552 4054
553 10784
554 8812
557 12108
558 15740
559 7015
560 13554
561 3995
563 8279
568 1810
571 10108
572 6635
573 6252
577 10424
578 15063
580 9714
581 4890
583 6953
588 13920
589 2360
590 7874
592 11305
593 1715
594 4689
595 2968
599 11514
601 14996
604 4261
608 6200
610 3079
611 14354
613 7485
614 3432
615 10231
616 3993
617 6362
618 3992
619 1435
621 9557
622 394
624 11140
625 7812
628 785
630 9457
631 4717
636 5484
638 6306
640 14150
642 602
643 708
645 16367
647 1805
649 4320
650 111
652 6440
654 7629
656 14601
659 2963
661 4489
662 8747
665 4434
666 5551
667 8153
670 3103
673 14444
676 14439
679 12605
680 14556
682 8700
688 783
693 713
696 12675
697 4770
701 14007
703 9711
707 486
710 1020
713 9545
716 6482
719 14880
723 15992
724 6583
725 14127
726 7678
727 8388
728 2262
729 5182
731 10233
734 1148
735 12972
739 2693
740 2236
743 12779
745 5984
747 4538
749 3001
753 1779
754 8054
755 1851
756 6479
759 8673
764 1043
765 7250
766 12768
768 14157
771 15937
776 10165
779 6724
780 6956
782 10759
784 1768
786 4679
787 7046
793 9595
795 7326
796 15315
797 11061
798 6081
800 11812
801 11842
805 3009
807 1849
808 4843
813 14499
814 303
816 6796
817 13767
821 2898
824 9862
828 3289
830 5296
831 7597
832 3767
834 721
836 6509
837 6016
838 12503
842 309
844 14226
845 4991
847 12369
852 13222
853 6983
855 5915
862 14938
863 3873
864 14606
866 10705
867 16049
871 13716
872 185
876 15580
877 3152
879 11952
880 14385
881 970
882 14928
884 4151
886 13721
888 12472
889 1001
890 4425
891 5615
893 7333
894 6801
896 6802
897 6151
898 4642
899 6207
902 5380
905 11253
910 146
914 11830
915 12899
916 6608
917 15120
919 9459
921 12657
922 9358
925 10352
927 3087
930 10001
933 1556
935 1283
936 14029
939 7414
940 6082
944 11552
945 1948
950 9949
952 4462
953 3706
955 4834
956 15875
958 5129
961 5088
962 3408
963 13225
965 9890
968 9436
969 1624
971 4388
972 13452
973 508
974 9967
978 5534
979 2497
980 12970
982 882
988 5608
991 4011
994 1630
995 16191
996 15551
997 11018
998 11713
1005 9127
1009 9162
1010 7624
1011 2527
1012 13266
1016 14033
1017 10835
1018 2742
1019 5552
1021 12582
1025 8263
1026 14588
1027 6165
1028 2205
1032 15143
1033 12277
1035 2572
1037 12035
1038 8008
1039 280
1041 2844
1044 14303
1045 16199
1046 16177
1047 4272
1049 8351
1052 6821
1053 13376
1054 16174
1058 6174
1060 7235
1067 10458
1072 15565
1074 14533
1077 9479
1079 15583
1080 8966
1081 5219
1084 16046
1086 7281
1087 12530
1088 5865
1090 15405
1091 2970
1092 5514
1093 11919
1095 4577
1099 813
1100 7267
1101 14075
1102 11614
1104 8339
1105 11374
1106 755
1108 9151
1109 579
1110 2962
1118 8495
1120 3344
1122 1799
1124 5501
1126 6462
1128 2520
1129 68
1130 15490
1131 12886
1132 10183
1135 4236
1137 3278
1139 5764
1142 10184
1145 2613
1148 10688
1149 14223
1152 10040
1153 2994
1155 7299
1156 5767
1157 13243
1159 13939
1162 15475
1164 9287
1165 5838
1168 14866
1169 7319
1170 6740
1175 8361
1181 4321
1183 8603
1184 9579
1185 7336
1188 15130
1189 7871
1190 4606
1193 13231
1195 2052
1197 13649
1198 6416
1199 16202
1201 5246
1202 424
1206 225
1207 1296
1208 611
1212 1386
1213 15214
1214 13035
1221 16065
1222 7018
1223 2932
1227 2826
1228 9222
1229 723
1230 16030
1233 12373
1234 16185
1235 8891
1237 14318
1240 9375
1243 8072
1244 4651
1245 12
1246 9285
1248 4453
1249 11832
1251 13634
1253 11142
1254 4528
1260 414
1264 14650
1266 14555
1268 500
1269 15406
1270 12148
1273 5474
1276 7551
1278 6174
1282 14734
1286 7451
1291 9173
1293 15413
1294 9730
1295 15755
1296 12826
1302 8519
1304 12030
1305 2649
1307 6371
1308 7395
1328 6405
1329 12233
1330 11869
1331 6243
1332 5395
1337 11762
1339 15694
1340 2993
1341 12342
1342 13090
1343 4401
1344 7711
1345 6077
1350 8489
1353 5089
1354 7900
1355 4229
1357 3468
1358 12370
1359 5567
1363 12524
1367 6157
1369 9509
1372 2000
1375 14523
1377 12798
1379 11891
1380 4417
1381 4756
1382 11660
1384 13816
1385 7544
1386 13743
1388 10971
1389 6727
1390 11403
1392 3192
1393 3006
1394 14
1396 12530
1397 11950
1398 4416
1399 8570
1401 1100
1402 16185
1405 12844
1407 10825
1408 11434
1409 3449
1410 3247
1411 14228
1413 1841
1414 12199
1419 14525
1421 12953
1422 14017
1425 1585
1427 8964
1430 12975
1431 7379
1432 3884
1434 11000
1435 6461
1439 7067
1444 1301
1445 4071
1446 11064
1450 16116
1454 14179
1455 12660
1456 7445
1458 4541
1459 8637
1460 12748
1462 786
1464 13895
1467 3069
1471 5263
1473 10691
1474 8010
1483 590
1486 10324
1489 13304
1490 1961
1494 4401
1495 2130
1499 1683
1500 7754
1501 13956
1503 3366
1505 6567
1506 14668
1507 2016
1511 6997
1512 10961
1517 6893
1518 5886
1520 7596
1521 114
1522 3972
1524 2957
1525 7937
1528 9079
1530 12284
1534 9261
1535 7388
1536 7163
1538 8013
1540 13167
1541 13095
1542 7276
1544 15591
1545 5739
1546 5122
1547 3605
1548 9648
1551 14173
1552 7500
1553 9202
1554 4199
1557 15830
1558 9121
1559 3565
1560 14643
1564 5730
1565 13127
1566 369
1568 6469
1569 5766
1572 16365
1573 11578
1576 1252
1577 14939
1579 9980
1586 2263
1587 14969
1591 4568
1593 11126
1594 429
1595 10184
1597 5131
1598 12740
1599 4438
1600 13104
1601 12623
1604 6590
1605 1758
1607 14323
1608 5217
1609 15844
1614 12948
1615 14083
1617 15347
1627 393
1629 12862
1630 4003
1633 13498
1635 11496
1636 16206
1639 13428
1643 416
1644 10718
1645 2099
1647 8341
1648 1960
1649 761
1650 69
1651 5018
1652 791
1653 183
1656 6830
1658 3055
1662 11054
1664 10684
1666 412
1667 14016
1669 8517
1670 1235
1671 16045
1673 8161
1675 9122
1676 6054
1678 246
1680 12914
1683 10357
1684 6847
1687 6990
1690 7812
1693 7184
1695 6493
1696 10890
1699 14908
1700 1657
1701 10999
1705 6681
1715 15510
1716 10062
1717 12328
1719 16380
1727 9076
1728 2334
1729 4284
1730 1179
1731 7274
1735 11712
1737 463
1740 14548
1742 9069
1744 7387
1745 835
1747 15535
1748 5994
1749 13030
1751 6455
1752 7271
1753 1677
1756 11194
1758 1816
1759 9075
1764 14447
1766 6532
1770 15122
1771 10337
1774 10336
1778 3092
1779 8100
1784 8169
1785 11179
1789 7692
1790 9176
1791 14187
1793 13990
1794 12470
1797 14761
1798 4192
1799 6254
1800 8520
1801 7351
1805 15939
1807 9425
1808 16307
1809 14856
1811 14302
1813 1959
1814 4577
1816 11690
1817 8978
1818 395
1819 14501
1820 11770
1822 9049
1823 10707
1824 10277
1826 12133
1828 2236
1829 1820
1831 13460
1832 13029
1833 1641
1836 11161
1837 1119
1838 10997
1841 14269
1847 1386
1848 14001
1849 7545
1851 5285
1853 10992
1854 10776
1855 8404
1857 14220
1859 10725
1860 9298
1861 11640
1863 14123
1864 3823
1866 6027
1868 4119
1873 1526
1874 16209
1876 8001
1878 9746
1880 5535
1881 10384
1882 14636
1883 12101
1884 4353
1886 11450
1889 8157
1890 6903
1891 4536
1893 14298
1899 8668
1902 7867
1903 10725
1905 6914
1906 15869
1908 11155
1909 9856
1910 12909
1912 14901
1913 12627
1914 1749
1917 2833
1918 13056
1922 2798
1924 13316
1929 1704
1932 8078
1933 6923
1937 10002
1939 9304
1943 1780
1944 5850
1946 6122
1948 11300
1955 6877
1959 15937
1961 7425
1964 2064
1965 15516
1968 2095
1970 3944
1971 5560
1974 9017
1975 16060
1976 9738
1978 10546
1979 7728
1981 7665
1984 13100
1985 184
1986 3150
1990 13233
1994 14756
1995 9935
1997 16332
2000 10014
2001 6515
2002 10227
2007 5152
2009 9160
2011 8277
2013 14714
2014 12121
2017 941
2018 3877
2024 2022
2025 15169
2026 2159
2027 11511
2028 11179
2032 12833
2033 2721
2034 7265
2035 8908
2037 15845
2038 995
2039 11968
2040 1746
2041 7594
2042 6758
2046 10730
2051 10108
2053 13689
2056 7293
2058 7875
2059 5933
2061 4720
2062 545
2063 15903
2065 14473
2066 13417
2067 15348
2068 2366
2070 6869
2072 12607
2073 7559
2075 14429
2076 8233
2078 7912
2079 3263
2080 2120
2081 12948
2082 12375
2083 177
2085 7022
2087 6501
2091 7632
2093 526
2094 13354
2095 13503
2099 869
2101 11320
2102 15402
2105 5932
2108 321
2110 14379
2111 15993
2113 12443
2116 9488
2119 2432
2120 2827
2122 7243
2124 11664
2126 12622
2127 9613
2130 2697
2133 272
2135 5199
2139 2975
2142 2224
2143 6842
2147 3284
2153 5332
2154 1934
2155 3192
2156 7901
2157 4801
2158 4709
2159 4411
2162 11158
2165 11483
2167 14898
2168 14406
2169 6084
2170 14408
2171 1829
2172 5794
2173 6671
2174 10184
2176 16142
2177 14757
2180 1798
2181 1690
2183 6936
2184 11680
2185 12898
2186 14439
2187 8261
2188 15797
2190 7127
2192 3254
2193 14177
2202 9137
2208 4489
2209 8267
2210 3900
2212 16236
2213 11565
2218 4671
2221 5321
2222 10771
2223 14029
2224 2393
2225 1820
2227 4114
2228 509
2229 15897
2231 4141
2232 4084
2233 6137
2234 8470
2235 6726
2236 7333
2238 11722
2239 14742
2240 3021
2244 10580
2245 1524
2246 773
2249 4929
2253 6089
2254 12876
2255 14271
2256 11572
2258 3540
2263 2403
2264 1551
2265 9019
2268 15371
2269 234
2270 14078
2273 13519
2276 8738
2277 3611
2279 2735
2280 15275
2281 10337
2282 14085
2283 14573
2285 864
2286 6241
2288 13430
2292 8027
2293 4040
2294 12008
2295 6978
2297 10852
2298 12801
2299 3931
2302 748
2303 9286
2304 1299
2306 2079
2307 1235
2309 2790
2310 8444
2315 6053
2317 3381
2318 15015
2319 2890
2324 16338
2325 8754
2326 12294
2327 13866
2329 9581
2330 13510
2332 5986
2337 5329
2338 15204
2339 13882
2340 11181
2341 13508
2346 10825
2347 3563
2348 5596
2350 11910
2351 6567
2352 1208
2354 11779
2355 5447
2356 14028
2357 9587
2360 11188
2365 15869
2367 5290
2368 4223
2371 3269
2374 10277
2376 15986
2377 11802
2382 2213
2383 2112
2384 16103
2387 6418
2390 11815
2391 12079
2393 10114
2399 13573
2401 11271
2402 5157
2404 12214
2408 14011
2410 7339
2412 4971
2413 7410
2418 8831
2419 5250
2424 9416
2427 4894
2428 7859
2432 3640
2433 16208
2436 14670
2440 8553
2441 30
2442 4023
2443 14364
2448 8940
2449 843
2450 9338
2451 15240
2452 162
2455 5738
2457 12538
2459 13342
2460 4910
2462 3765
2464 5981
2468 13796
2470 7954
2472 7457
2473 15978
2475 839
2481 7083
2482 10733
2485 15933
2489 4313
2490 2463
2493 3991
2495 2847
2497 1103
2500 16042
2501 3786
2508 13046
2509 12608
2510 1625
2511 1967
2512 3168
2513 2081
2514 5680
2516 9814
2517 4831
2519 14560
2520 2789
2521 637
2524 175
2525 13895
2529 10184
2530 6105
2532 7427
2537 8437
2538 4255
2546 11054
2547 1585
2549 14944
2550 14691
2551 15596
2552 14287
2553 6863
2555 5698
2556 8272
2559 4585
2560 6110
2561 11054
2567 11129
2568 3358
2570 12430
2571 12747
2574 2451
2577 1494
2581 6691
2582 8567
2585 3987
2586 6864
2587 10459
2588 1743
2589 11323
2591 11034
2597 12129
2598 5486
2599 12840
2600 2587
2602 14141
2603 10318
2606 15541
2607 5307
2609 14127
2610 15002
2613 10888
2617 13735
2620 14341
2624 12035
2628 6560
2632 694
2634 14163
2635 1714
2636 2284
2638 10692
2639 10648
2640 13634
2645 12365
2648 2992
2650 13485
2651 3151
2653 5903
2654 697
2657 16244
2659 2516
2660 8960
2661 6700
2662 14410
2663 6400
2664 8513
2667 9116
2669 6468
2671 879
2673 10071
2674 2179
2676 1934
2677 15857
2678 14701
2680 12067
2681 11079
2682 12829
2683 13627
2684 6128
2685 2543
2686 4355
2687 8116
2689 7666
2692 1536
2695 3009
2696 5925
2697 4427
2698 11551
2699 2138
2703 12326
2704 7169
2705 12034
2709 514
2711 15369
2714 3211
2715 1335
2718 4325
2720 6523
2724 2108
2726 11610
2727 975
2728 3504
2730 9208
2733 1399
2735 9325
2738 3715
2739 2690
2741 11041
2742 15201
2743 1490
2745 8866
2746 13772
2748 3719
2749 8993
2751 9729
2752 14851
2756 3739
2760 76
2765 12822
2768 15906
2771 2813
2773 13866
2774 7643
2780 944
2782 10106
2783 9044
2785 3793
2788 8111
2792 12962
2794 2682
2798 2707
2805 13333
2807 4644
2810 5534
2811 6111
2814 5494
2816 10442
2817 2688
2819 4590
2820 11423
2821 6194
2823 14577
2825 8298
2826 15510
2829 459
2830 13996
2832 7397
2834 4741
2836 3779
2838 1953
2840 13727
2843 15141
2844 14801
2848 6992
2850 8038
2852 14298
2853 3307
2854 309
2855 13603
2857 6357
2858 9902
2859 8418
2860 12462
2862 9898
2865 5044
2866 1940
2876 7767
2877 12551
2880 12542
2883 5395
2885 2940
2888 15711
2889 4139
2890 14959
2891 15167
2892 16057
2893 1651
2898 16300
2902 5015
2903 12156
2904 13505
2905 14115
2907 974
2910 2213
2913 1198
2918 14281
2920 12229
2921 6531
2925 5632
2926 5183
2930 3502
2931 15610
2932 12638
2933 3625
2938 13669
2939 2599
2941 8850
2942 15606
2944 4482
2946 6730
2947 611
2948 951
2950 15840
2953 8333
2954 11327
2956 1203
2957 13553
2959 13857
2962 14830
2968 10087
2975 8722
2976 10999
2977 13276
2978 8468
2979 9728
2980 6219
2982 8016
2984 2956
2985 12226
2986 9602
2988 9388
2989 12882
2990 2495
2991 3221
2993 3875
2994 8810
2996 8258
2999 8677
3000 7162
3003 8117
3008 3892
3010 4827
3012 10504
3013 16158
3015 7811
3018 15386
3019 6731
3020 13529
3021 7253
3023 8012
3025 7088
3026 8665
3027 5563
3031 4235
3032 5507
3033 14651
3034 5966
3035 6943
3037 5340
3041 12800
3044 126
3045 9375
3046 16103
3047 9175
3051 9721
3053 1357
3054 6873
3056 8942
3058 13443
3061 10357
3062 8140
3063 6293
3066 1075
3067 6801
3070 6078
3073 9100
3074 1090
3075 8359
3077 15068
3078 5208
3084 13165
3086 11643
3089 11985
3090 1074
3091 1312
3092 1814
3093 15258
3094 11174
3095 6095
3097 7948
3099 13383
3100 3743
3101 11293
3105 12387
3106 1652
3111 2226
3112 13291
3117 9292
3118 4308
3121 631
3122 5973
3124 15486
3128 12058
3131 3897
3134 9398
3135 5069
3138 13016
3139 902
3140 1502
3141 10344
3144 3048
3147 13725
3149 1106
3154 9927
3156 11821
3160 7371
3161 12982
3163 242
3165 13748
3169 5543
3172 13159
3173 3584
3174 14313
3175 16199
3177 7994
3180 1041
3183 15638
3185 1206
3186 10842
3188 4448
3191 4549
3193 3851
3196 8912
3198 3837
3200 835
3201 57
3202 7583
3203 2856
3204 4940
3206 16212
3207 10557
3210 9259
3212 770
3213 8902
3214 5913
3215 1679
3216 10307
3219 5525
3220 3223
3222 14110
3223 2182
3224 2656
3227 1503
3229 14079
3230 1164
3232 1077
3238 11640
3239 14105
3240 4555
3242 508
3245 15831
3248 9230
3249 11770
3251 14994
3255 438
3256 15396
3257 5188
3258 3828
3260 13516
3266 12832
3269 7183
3273 16120
3275 8741
3276 7063
3278 13395
3280 2887
3281 9231
3283 13858
3285 14171
3286 12754
3287 56
3288 12603
3291 187
3292 7381
3297 1960
3299 14671
3300 237
3303 4778
3304 9117
3306 833
3307 15720
3308 14662
3311 11065
3314 239
3315 5282
3316 15099
3317 11071
3319 3831
3328 12733
3331 6392
3333 3779
3335 1390
3336 9827
3337 14923
3338 12170
3339 3773
3340 10294
3341 5364
3342 16082
3345 7495
3348 11732
3350 16218
3351 2291
3356 16171
3359 15503
3360 5378
3361 1443
3362 611
3363 14865
3364 11295
3366 12793
3367 13113
3369 1512
3371 3840
3372 13898
3373 15596
3375 9800
3379 2996
3380 4019
3382 13940
3384 1802
3386 6889
3390 11806
3391 10686
3392 14679
3394 9313
3397 6124
3398 5162
3400 5617
3402 10665
3404 2252
3405 158
3408 4052
3412 6426
3414 4890
3416 3803
3418 3340
3420 964
3422 1474
3424 10311
3425 229
3427 4629
3430 8932
3431 12616
3433 14422
3438 14062
3439 2321
3440 13710
3441 11260
3443 1075
3444 4869
3448 16344
3450 2565
3459 8846
3460 9397
3462 5341
3463 3242
3464 8711
3466 8707
3471 7413
3472 7161
3473 8471
3474 6679
3475 14150
3476 5153
3477 5140
3479 2509
3480 13602
3481 14463
3482 3757
3484 258
3486 5334
3487 13428
3489 15494
3491 2250
3493 11917
3494 12341
3495 4508
3500 2693
3502 9477
3504 6471
3505 15292
3508 1439
3510 8490
3512 14795
3514 12331
3515 10256
3519 14927
3520 16226
3521 8084
3522 13951
3524 748
3525 14690
3527 15295
3529 11264
3533 11911
3534 673
3536 1841
3537 1673
3539 1866
3541 14447
3542 694
3545 10714
3548 5799
3549 8861
3551 7199
3552 1978
3553 12281
3554 16278
3557 6744
3558 5804
3563 16353
3564 9277
3566 12022
3567 11917
3569 8532
3570 15873
3575 8953
3580 5365
3585 16122
3589 15872
3590 1590
3591 11157
3592 8373
3594 3464
3599 7743
3602 15211
3606 1497
3607 7074
3608 7702
3615 11008
3618 937
3620 818
3625 6767
3626 829
3628 3668
3629 7155
3630 2777
3631 385
3634 113
3635 1079
3636 9366
3638 8346
3639 2077
3642 1627
3645 14931
3648 11150
3650 6078
3651 16060
3653 9498
3654 10020
3656 2449
3657 12723
3659 2829
3660 14499
3661 16311
3662 1879
3664 6542
3667 4970
3668 14537
3674 9451
3675 4542
3676 10487
3678 2103
3683 5313
3687 3897
3688 16228
3690 16226
3691 4615
3692 4454
3695 5729
3697 6291
3699 5470
3700 1258
3701 8759
3702 6535
3705 11729
3707 2247
3709 14745
3710 151
3711 14013
3715 8232
3717 9938
3719 2091
3721 9724
3722 6693
3723 10827
3724 8905
3728 35
3729 7827
3731 7242
3732 1785
3733 8655
3734 6845
3736 1506
3737 14476
3741 7567
3742 2837
3743 6778
3744 1572
3746 2455
3750 16043
3751 11083
3752 15926
3754 4976
3756 4282
3758 12868
3759 14157
3763 7926
3765 10897
3767 7830
3769 15422
3770 5181
3771 12219
3775 14987
3777 6289
3780 1279
3781 1305
3782 10405
3784 9641
3787 2148
3788 4577
3789 1939
3790 3729
3792 619
3795 11521
3797 15687
3798 5012
3799 12358
3800 12669
3803 14721
3806 15498
3807 11837
3808 11888
3810 13211
3811 9853
3812 3594
3817 5153
3822 3765
3824 909
3825 2180
3826 5305
3828 3694
3831 5267
3832 9014
3835 9298
3838 7340
3839 10556
3843 11616
3844 12951
3845 10763
3847 10873
3849 4683
3851 2704
3854 1543
3855 1012
3856 8852
3858 11147
3859 1639
3864 3718
3866 13917
3867 6640
3868 9525
3870 9262
3872 13826
3873 3637
3875 9082
3876 3066
3877 11950
3878 2314
3879 783
3880 5629
3881 10361
3888 6349
3889 2844
3890 4572
3893 10388
3894 12659
3896 11185
3897 14412
3901 5602
3905 13426
3906 13717
3907 1236
3909 10776
3910 8330
3911 7715
3913 7821
3916 4811
3919 14701
3921 10143
3922 2695
3927 5463
3928 15818
3931 5629
3933 15932
3936 3455
3937 9178
3940 6158
3941 14503
3942 1977
3945 12143
3949 6676
3951 10055
3954 4991
3956 12008
3957 14998
3959 1707
3968 320
3969 11793
3970 8277
3972 5304
3973 13675
3974 5408
3976 10060
3977 7799
3979 5468
3980 14695
3981 12773
3982 8004
3984 9491
3987 5343
3988 15907
3992 5251
3993 6356
3994 9143
3997 15973
3998 11883
3999 10896
4000 2313
4001 10236
4003 8388
4006 15708
4010 2305
4011 14236
4012 15918
4014 10239
4016 13455
4017 8334
4026 10611
4027 10044
4029 10412
4032 14263
4033 6817
4035 8374
4036 1535
4037 11913
4040 3686
4042 10705
4043 2482
4044 5174
4049 640
4050 2445
4051 11547
4052 2630
4054 10947
4055 9251
4058 8904
4060 12489
4061 14330
4062 11123
4063 321
4066 2993
4067 13631
4070 11915
4076 15944
4077 9435
4078 2697
4079 4397
4082 15733
4083 5231
4085 8711
4088 7028
4090 8546
4092 12141
4093 9487
4094 15479
4096 861
4097 659
4105 2990
4106 1487
4107 11050
4111 10695
4112 2328
4113 14511
4115 3098
4116 5798
4117 13055
4118 4557
4119 15839
4120 11181
4121 944
4122 876
4124 7855
4130 15762
4132 8806
4135 11727
4141 5063
4142 1957
4144 7806
4146 9425
4147 8928
4148 15884
4151 2061
4156 713
4159 14978
4160 1996
4161 10142
4163 13665
4164 411
4169 10101
4170 2701
4171 1174
4172 4269
4173 834
4174 4179
4175 6269
4176 7996
4177 12779
4182 5052
4184 12445
4185 8491
4187 10988
4188 4979
4190 2062
4191 4454
4192 10873
4196 6337
4197 11189
4201 3875
4202 5290
4207 6147
4208 2609
4210 11327
4211 12197
4212 11562
4214 8445
4215 6417
4216 12520
4217 13176
4220 10025
4221 16368
4223 3189
4224 10769
4225 9549
4229 4015
4230 10170
4232 1607
4236 11453
4238 9007
4239 4086
4240 11239
4241 1659
4243 3900
4246 1826
4250 8660
4251 5175
4252 9402
4253 11142
4254 5501
4255 14235
4257 5392
4258 12255
4261 1855
4264 4421
4265 12643
4266 10659
4267 11793
4268 1045
4271 1794
4272 2362
4275 11643
4276 2966
4277 13847
4278 6693
4279 8570
4280 9232
4281 10100
4282 5384
4285 14769
4286 8004
4290 2655
4291 11375
4293 9799
4294 15339
4295 8087
4296 11741
4297 7055
4299 11132
4300 8424
4301 13729
4302 5754
4303 1639
4305 12295
4309 150
4311 6561
4315 405
4316 2114
4320 15642
4321 14640
4323 12449
4327 4649
4328 15953
4330 8355
4333 12922
4334 4661
4335 2320
4336 2091
4339 14409
4340 7016
4342 2952
4343 14354
4347 2028
4348 10319
4349 9873
4350 690
4353 2517
4357 539
4358 8135
4362 10604
4369 2185
4370 8668
4371 12480
4372 9900
4373 5040
4374 12369
4375 11371
4377 7365
4378 11697
4384 4312
4385 1629
4387 7259
4388 2017
4390 12369
4391 6290
4393 695
4395 2262
4397 4293
4398 2530
4400 11656
4401 9372
4406 7344
4407 16006
4408 15357
4416 16301
4417 10495
4420 13774
4425 1630
4428 10250
4433 15640
4434 10300
4436 39
4437 5830
4439 13787
4441 2194
4442 14027
4443 971
4444 6558
4446 7412
4447 3152
4448 13476
4449 15502
4451 15122
4455 15430
4456 14471
4457 11933
4458 3458
4460 224
4461 16326
4463 11745
4465 16168
4466 4935
4469 2111
4471 14474
4472 61
4473 6582
4474 25
4475 9263
4476 15276
4477 12379
4483 10562
4484 8818
4486 10760
4488 9739
4492 4286
4493 3877
4498 321
4500 1585
4501 7372
4502 2045
4504 12451
4507 475
4509 2749
4510 3953
4512 13357
4513 6124
4514 15779
4520 14062
4521 4836
4524 12982
4526 11576
4529 291
4531 12882
4533 3100
4536 709
4537 10448
4538 6767
4541 8178
4543 2723
4546 4321
4550 11048
4551 8304
4552 3708
4553 9344
4556 13099
4559 8926
4563 2720
4567 6544
4569 4509
4570 14069
4573 15376
4574 16138
4575 13562
4576 10673
4579 11070
4580 12326
4585 15503
4588 2401
4589 12505
4590 8120
4592 11872
4593 9958
4596 10031
4601 15734
4602 10597
4605 8629
4606 5002
4608 5998
4609 10943
4612 7221
4614 5369
4616 15779
4617 15619
4620 2533
4625 1665
4626 12758
4628 13994
4629 1383
4630 13669
4631 1613
4632 2248
4633 12627
4634 2221
4637 6723
4639 13989
4640 16273
4646 6090
4647 16174
4649 7539
4650 15733
4652 14807
4653 1544
4654 10497
4657 12164
4659 4224
4663 16352
4664 2852
4667 13824
4669 8764
4671 1375
4672 2205
4674 3211
4675 10756
4676 12154
4677 1688
4679 3319
4682 268
4685 15626
4687 13427
4688 10703
4689 14280
4691 4395
4692 5985
4694 8153
4697 4659
4698 8802
4699 3351
4702 1260
4704 4657
4705 5189
4707 9176
4708 6220
4710 8328
4715 11360
4716 6542
4717 1016
4718 14006
4719 11703
4720 16188
4721 10456
4722 441
4724 9243
4725 16201
4728 244
4729 1628
4730 11712
4732 8287
4734 15374
4735 5949
4736 10586
4740 8328
4741 5469
4744 8944
4750 14082
4754 16209
4755 6055
4758 13614
4760 5208
4763 2207
4765 9830
4767 16027
4769 10003
4772 14891
4774 15493
4776 7286
4778 5563
4779 5322
4780 2505
4782 5587
4784 4980
4786 7173
4788 5398
4791 3965
4793 7053
4795 1038
4796 4502
4798 11727
4800 4726
4804 3581
4808 11323
4810 3444
4811 4468
4812 3978
4813 2583
4814 1727
4824 2065
4825 5748
4826 7630
4827 4612
4830 10120
4831 10319
4832 2857
4833 12454
4834 15914
4837 14225
4841 9394
4842 10344
4846 1061
4847 6322
4851 2448
4852 5337
4853 11323
4854 6574
4855 11358
4858 3480
4859 8573
4860 3813
4861 809
4862 7949
4863 5314
4864 311
4870 7732
4873 10213
4874 14707
4877 15466
4881 507
4883 2184
4885 7190
4886 7465
4892 12572
4893 5874
4895 15918
4897 798
4898 15969
4902 11002
4903 15136
4904 9824
4905 12248
4907 10490
4909 11421
4918 671
4920 597
4922 12944
4925 5675
4926 14013
4928 12866
4933 9870
4934 14320
4935 14473
4937 8719
4939 5805
4940 14313
4941 8513
4948 9734
4950 13642
4951 6895
4954 15113
4955 5363
4958 9007
4960 336
4962 1522
4963 4770
4970 8095
4977 5517
4979 9755
4980 10565
4981 10762
4982 15647
4983 6079
4985 2702
4986 6492
4992 5455
4994 14768
4996 3606
5000 15246
5001 195
5002 11639
5003 1086
5004 7303
5005 6645
5006 13553
5010 2100
5013 7043
5014 6336
5017 9753
5019 4580
5020 10999
5023 10271
5027 7373
5028 4045
5029 7886
5030 763
5034 8402
5035 1947
5036 15925
5039 3164
5040 8363
5043 6344
5045 11727
5048 9781
5052 2342
5053 9881
5054 8973
5057 11067
5060 9850
5061 9347
5062 13023
5063 13014
5069 13186
5071 3414
5072 1671
5074 4449
5075 13032
5076 8654
5079 10954
5080 11592
5081 13709
5082 4972
5084 270
5087 10503
5088 3141
5089 9019
5090 4755
5092 9262
5093 11724
5094 11693
5095 13493
5097 9822
5098 3625
5100 7668
5101 13505
5102 15245
5104 7614
5105 7870
5106 15841
5109 14983
5110 8822
5111 9353
5113 2363
5114 3992
5117 534
5119 15945
5120 9515
5122 12264
5123 12740
5126 9242
5128 4112
5129 5209
5132 11300
5137 2844
5139 10457
5140 8696
5143 6184
5144 4442
5145 1482
5150 6081
5156 1636
5158 11876
5162 10475
5163 13885
5165 13084
5167 11315
5176 12472
5180 5838
5184 7318
5187 1218
5188 6455
5190 11752
5191 6996
5194 12414
5195 2069
5196 3522
5198 656
5200 12397
5206 13329
5208 1545
5209 12047
5210 2557
5212 4818
5215 3424
5221 3142
5222 3726
5225 724
5226 3188
5227 13041
5228 5136
5229 12496
5230 12945
5232 2712
5234 10590
5235 7927
5236 4876
5237 8855
5240 2034
5242 13390
5244 3393
5245 3328
5247 10782
5251 7921
5254 4104
5255 13479
5256 7406
5257 2842
5259 278
5260 1207
5262 5080
5263 11748
5267 1473
5269 2709
5272 3465
5274 2893
5275 428
5277 5785
5278 7308
5280 10995
5283 11301
5284 15040
5285 2431
5288 9767
5289 14963
5292 12430
5293 8186
5296 5641
5297 12729
5298 6868
5299 3879
5300 14517
5301 13546
5304 9850
5305 3990
5306 7634
5307 16097
5308 10367
5309 2667
5310 8709
5311 10621
5312 13720
5313 382
5314 6061
5317 7380
5318 340
5319 10535
5324 3866
5325 10869
5327 14300
5328 12763
5329 5830
5330 1538
5335 3947
5337 5192
5338 3630
5340 10617
5343 12939
5346 14722
5348 4557
5350 2999
5356 7616
5358 6951
5359 1049
5361 11684
5362 11040
5374 13788
5375 7933
5379 14664
5382 6802
5384 7580
5385 877
5386 5733
5388 809
5389 6019
5390 5936
5394 2040
5395 7132
5396 14010
5398 9351
5400 9072
5401 1600
5402 4514
5404 8668
5406 9045
5409 2482
5410 11011
5412 11295
5414 538
5415 4909
5417 12477
5418 2951
5419 14062
5421 5064
5423 5802
5424 7807
5426 13377
5427 15758
5429 11194
5430 9410
5431 8024
5433 12829
5434 15724
5435 11012
5436 15849
5440 14208
5442 14999
5443 8314
5444 3613
5446 7638
5447 11704
5448 2053
5450 12956
5453 11948
5457 6617
5458 6780
5459 507
5463 13801
5464 5938
5465 4584
5466 3662
5468 2759
5469 3280
5473 13132
5478 12319
5481 9005
5485 13731
5486 962
5487 1376
5490 11050
5491 12715
5492 13009
5495 1336
5496 1213
5497 9805
5500 9812
5505 7189
5509 2181
5511 6271
5515 4940
5516 5889
5517 4527
5518 486
5522 10947
5523 3921
5525 16170
5526 6181
5527 15972
5528 790
5530 12386
5531 13627
5534 6387
5535 6904
5536 7528
5537 3356
5538 13359
5540 189
5542 10705
5543 9651
5545 9180
5546 6139
5551 12021
5552 1250
5553 6790
5557 5440
5560 5415
5561 13352
5562 15712
5563 9430
5564 14213
5565 12160
5566 3869
5567 10455
5568 11583
5571 3277
5573 5201
5574 9533
5575 13993
5576 7579
5577 8177
5578 7359
5581 13903
5582 3006
5583 7822
5585 5075
5586 8027
5587 8293
5589 14784
5591 12210
5593 9842
5594 13285
5595 568
5598 7275
5599 10053
5602 7618
5603 10875
5604 3268
5605 2649
5606 9253
5607 2706
5609 3322
5611 16297
5615 13981
5618 4899
5619 5510
5620 7795
5621 12063
5622 7900
5624 15046
5625 5457
5627 6076
5630 9162
5632 4113
5634 1757
5638 1931
5640 10280
5641 15025
5644 9033
5645 10220
5648 2040
5650 8787
5654 5351
5655 11806
5658 16200
5661 13872
5662 10527
5663 996
5664 179
5667 6826
5668 8721
5669 838
5678 4862
5680 167
5682 832
5683 8600
5685 2574
5687 9141
5688 3399
5690 5531
5691 7649
5694 2721
5695 9599
5696 93
5700 8429
5709 9017
5711 6105
5714 15134
5716 13680
5719 11932
5721 5970
5722 12938
5723 14424
5727 10578
5728 4148
5730 9390
5731 4884
5732 7553
5734 6627
5735 13659
5736 8573
5738 13890
5740 11626
5741 1614
5742 9270
5745 12043
5746 693
5747 7756
5749 7568
5750 12949
5752 10722
5754 1735
5756 9059
5757 1503
5758 10167
5760 1628
5762 313
5763 2015
5764 3975
5765 8981
5766 5970
5769 16077
5770 10438
5772 14845
5773 11112
5774 11214
5775 8780
5777 15563
5778 16330
5781 10871
5782 7551
5783 15836
5785 10010
5786 8348
5787 10367
5788 138
5789 3200
5791 1789
5793 4110
5794 13581
5799 8269
5807 11303
5818 11363
5822 11736
5823 1832
5824 6601
5825 4269
5830 15854
5832 12603
5837 6376
5840 14565
5845 3663
5851 6249
5853 1025
5854 853
5855 9455
5857 2633
5861 15097
5863 15332
5864 6278
5868 6502
5869 4604
5871 10304
5873 13935
5875 2007
5877 4513
5879 11296
5880 1399
5885 583
5887 596
5888 8185
5893 9658
5895 3040
5897 14664
5899 6825
5904 4557
5907 36
5908 15255
5909 11288
5912 15589
5913 9643
5915 548
5918 15145
5919 11789
5921 2011
5922 14567
5923 1437
5924 14590
5925 11846
5926 14276
5927 14495
5928 2728
5930 6693
5931 4756
5932 15987
5936 6533
5939 14530
5940 13321
5942 3054
5943 10101
5945 4541
5946 4163
5948 6803
5949 14864
5950 6774
5952 6118
5954 11014
5955 12876
5958 11998
5959 7947
5961 15845
5964 13478
5967 1832
5969 13296
5970 10606
5971 5181
5972 4997
5973 1374
5975 7238
5978 5792
5979 2392
5983 4214
5985 6997
5986 14761
5992 6025
5994 15854
5995 7467
5997 10344
5998 11434
5999 13908
6004 12875
6005 11186
6006 11748
6008 16284
6009 7145
6014 3907
6016 10034
6020 14243
6021 48
6025 7365
6026 5265
6028 9420
6029 2849
6030 13985
6035 1804
6037 4346
6038 8934
6045 13970
6046 10097
6047 9105
6049 4220
6050 818
6053 8368
6054 6817
6055 12586
6056 432
6059 4388
6060 6052
6062 12971
6063 16149
6064 11371
6065 6622
6067 13663
6068 8609
6070 5280
6075 10738
6076 7289
6077 3180
6079 14703
6081 13612
6083 3631
6084 3945
6085 376
6086 13677
6088 4232
6091 9274
6092 5943
6094 9934
6098 2588
6102 12364
6103 15365
6104 2227
6105 7756
6110 14460
6111 5596
6113 415
6114 4847
6115 7635
6117 980
6118 11327
6120 9027
6121 11805
6122 3544
6124 3363
6126 9152
6127 3237
6132 15251
6133 13970
6134 12454
6135 4731
6136 8762
6137 1669
6138 6388
6139 7564
6140 2871
6141 10506
6145 11793
6146 13662
6147 14178
6149 5106
6151 8297
6155 7327
6157 15719
6158 6496
6159 10732
6160 10271
6162 12808
6163 1169
6164 2633
6165 11456
6166 13696
6167 1205
6169 13081
6174 14370
6175 10649
6177 2912
6179 8978
6180 9468
6181 4684
6183 2531
6184 2504
6185 3313
6188 14020
6190 946
6192 3480
6198 11839
6200 12627
6202 6467
6203 4985
6206 9021
6207 3169
6208 4674
6210 5028
6212 389
6213 1503
6215 9405
6216 13148
6220 13573
6221 13767
6222 2257
6224 5984
6225 13209
6230 4403
6231 5794
6232 15495
6233 12979
6235 9317
6236 11596
6237 9368
6239 5140
6242 3047
6243 237
6246 6680
6248 3386
6249 4588
6251 10648
6252 5424
6253 4469
6254 6998
6255 7163
6257 601
6258 13444
6259 8540
6260 519
6264 11416
6265 6126
6267 5761
6268 8709
6273 8314
6274 8386
6276 1955
6278 794
6279 14440
6280 10406
6282 8268
6284 484
6288 13878
6289 9593
6290 14729
6292 2168
6293 5835
6297 14853
6298 1474
6300 11910
6306 2529
6313 16301
6317 15110
6319 9284
6321 14832
6322 11938
6324 309
6325 11786
6329 10578
6331 15590
6332 3413
6334 1450
6336 15056
6337 13422
6338 4093
6339 883
6340 12302
6341 5420
6342 14674
6347 12317
6348 9914
6351 14799
6352 10391
6355 497
6358 6157
6359 9327
6361 14097
6364 7613
6365 7236
6366 6634
6371 15471
6372 5087
6373 8256
6374 11838
6375 8134
6378 1947
6380 15358
6381 3629
6382 9485
6383 878
6385 10150
6386 8425
6387 5866
6392 8829
6393 13924
6395 12945
6396 3070
6398 2498
6399 13884
6402 1119
6403 13851
6404 10839
6405 2765
6407 5773
6408 14960
6409 3875
6410 3586
6412 3966
6414 10242
6416 3256
6417 12047
6420 8777
6421 8393
6424 10588
6425 4780
6428 6623
6432 7604
6436 13583
6440 7448
6441 11381
6442 14306
6443 7463
6444 11802
6445 9059
6446 8901
6447 9464
6448 7677
6451 12839
6453 779
6454 7355
6455 3578
6456 557
6457 15867
6458 12734
6460 12172
6461 3190
6463 8707
6465 11450
6466 2798
6467 9940
6472 4040
6474 8129
6475 1810
6477 958
6478 13685
6480 4811
6482 16175
6485 2304
6487 10628
6488 7428
6489 10331
6490 3601
6491 9021
6494 15114
6500 9073
6501 7800
6502 13986
6503 24
6504 4557
6505 4432
6506 1253
6514 1548
6516 8586
6518 36
6519 3687
6526 376
6527 15158
6531 3767
6533 11679
6537 966
6539 9855
6540 7574
6542 4368
6543 14101
6545 4077
6546 2293
6547 12615
6549 15024
6552 107
6553 1852
6556 6449
6561 13970
6566 2568
6568 2588
6571 10726
6572 13100
6575 9157
6578 1945
6588 6973
6590 4275
6593 7507
6596 6362
6597 8950
6605 1189
6606 4013
6607 8430
6615 5452
6618 9120
6620 12410
6621 2774
6622 12449
6625 3719
6626 4555
6630 2382
6631 14724
6632 7723
6635 6537
6638 114
6640 6282
6642 7559
6643 1859
6645 5167
6646 8392
6648 2338
6649 91
6654 14513
6656 5686
6657 8116
6658 6272
6659 13657
6660 4550
6663 6250
6664 7506
6665 11891
6666 3042
6668 10365
6674 6356
6675 13043
6676 9078
6678 13187
6680 607
6682 10293
6685 623
6686 14642
6688 5707
6690 15540
6691 162
6692 7966
6695 14525
6696 2077
6701 15456
6702 3122
6703 15398
6705 1908
6708 5468
6709 12754
6711 15822
6712 871
6713 9935
6714 10926
6718 15847
6721 13536
6723 13022
6724 14054
6725 6365
6727 7133
6729 1813
6730 7953
6734 9086
6735 2790
6736 10061
6739 6545
6740 2655
6742 1395
6744 11834
6746 8828
6752 12300
6754 15812
6755 4065
6756 9951
6757 5902
6758 3254
6759 1190
6760 11932
6766 11142
6768 7539
6769 8892
6770 15449
6771 10495
6773 11701
6774 4385
6775 10552
6778 8037
6780 14872
6783 8216
6785 9020
6786 12546
6787 14560
6788 5544
6791 6002
6793 427
6794 2299
6797 9221
6800 7414
6802 14272
6803 3259
6805 8433
6806 13752
6807 15547
6812 6394
6814 489
6815 12469
6817 3684
6818 8007
6819 3607
6820 13143
6823 2867
6826 12225
6828 13091
6830 3285
6835 4899
6839 14607
6840 15479
6843 1310
6844 7533
6847 11376
6848 2763
6851 15970
6855 14003
6856 5190
6857 3905
6858 10912
6859 2843
6861 15987
6864 9103
6865 15483
6870 12848
6871 6763
6873 12017
6874 4068
6875 2967
6878 7661
6879 12882
6885 8741
6886 9974
6887 4101
6889 3625
6890 10954
6893 2895
6894 9460
6896 12384
6897 5569
6899 15917
6901 5985
6902 929
6909 585
6912 3091
6913 11656
6914 4431
6920 16080
6923 11737
6925 2738
6926 14667
6928 13567
6931 6144
6934 1143
6936 14391
6940 3314
6941 15637
6942 12983
6947 7695
6948 7187
6950 8747
6951 10966
6954 4889
6955 1336
6956 8680
6958 9701
6962 15474
6964 5991
6966 10245
6968 7766
6971 1252
6974 12106
6977 7416
6978 8409
6979 12923
6986 11511
6987 6144
6993 11668
6994 9358
6997 15104
6998 4791
6999 7225
7001 1693
7004 15021
7005 7707
7007 821
7008 6964
7009 5779
7010 161
7011 4526
7012 5084
7013 6955
7014 12974
7021 1017
7022 8387
7025 3417
7027 11734
7029 15922
7030 15323
7031 833
7032 6370
7035 12211
7036 9720
7037 9715
7040 11513
7043 9629
7044 10004
7045 16139
7047 14861
7050 852
7051 14423
7053 5000
7054 15397
7057 5035
7060 4215
7062 1421
7063 7757
7064 9427
7066 13103
7067 14951
7070 4362
7072 9941
7073 12458
7075 982
7076 6510
7077 8880
7080 11451
7082 11103
7086 1790
7088 10767
7092 15213
7093 7499
7095 12012
7097 6639
7098 11252
7103 7370
7108 8401
7112 12717
7114 9746
7117 308
7120 15691
7124 13074
7125 5571
7127 543
7128 2201
7134 15784
7135 14840
7137 2088
7139 4415
7140 11282
7141 15427
7143 6724
7147 4191
7151 14007
7152 14629
7153 14363
7154 13279
7155 7829
7156 9853
7158 1057
7162 4750
7166 1887
7168 6719
7171 641
7172 7099
7173 9372
7176 4915
7180 2304
7181 13612
7186 5161
7187 1031
7189 3270
7190 14048
7191 4001
7193 13965
7195 5424
7196 16095
7197 11880
7200 14867
7201 7054
7202 468
7204 10773
7205 14398
7208 5828
7216 16099
7217 14269
7218 1828
7221 2939
7223 15652
7224 1877
7225 12437
7226 14176
7227 8882
7229 12507
7234 8059
7235 3532
7237 10403
7240 862
7243 15424
7245 4275
7248 6489
7250 3543
7253 3123
7255 9253
7261 8458
7262 9363
7265 5894
7266 11655
7267 14741
7270 8881
7271 13258
7273 7723
7276 9105
7278 15514
7279 8602
7282 8527
7283 11479
7285 7898
7287 1964
7290 2782
7291 13717
7294 10928
7297 5503
7298 2716
7300 13621
7302 2854
7306 7528
7307 8215
7313 6152
7316 813
7319 7865
7321 9862
7324 4403
7326 11363
7328 1285
7329 8979
7330 15692
7333 2984
7334 15290
7337 9027
7338 10776
7339 12367
7340 1360
7347 5340
7348 3810
7349 4685
7350 4898
7351 12642
7353 8427
7356 254
7359 10165
7361 8936
7364 8813
7366 9344
7367 10325
7369 12889
7370 13217
7374 7323
7377 1482
7384 9016
7386 4753
7387 1369
7388 14495
7389 12123
7393 11219
7394 985
7395 12047
7396 10682
7397 11145
7403 7281
7405 5633
7408 3420
7409 2283
7410 2098
7411 10370
7412 7729
7414 9307
7415 8269
7416 16154
7420 15089
7424 4130
7428 10558
7430 14301
7432 11259
7433 13034
7435 3536
7437 6853
7439 4581
7440 889
7443 15368
7445 3241
7448 11642
7451 8639
7452 1055
7457 6143
7458 12823
7459 2197
7460 5720
7463 11611
7465 1209
7466 1236
7471 5812
7472 810
7474 11907
7477 11158
7479 10891
7482 4165
7483 5404
7485 13302
7487 972
7488 13186
7491 14128
7494 740
7495 5818
7499 15763
7503 14704
7506 13048
7507 11595
7509 14273
7510 390
7511 9022
7513 11030
7514 15430
7515 10026
7516 7731
7519 531
7521 7692
7522 8175
7523 14664
7525 13303
7526 2251
7528 8118
7530 7518
7532 4432
7533 9234
7535 3043
7538 5121
7541 13512
7542 15425
7543 2842
7544 10880
7547 15018
7549 9990
7553 7358
7554 13123
7559 14413
7563 340
7564 4484
7566 10208
7569 13252
7570 1234
7571 8491
7574 8077
7579 13658
7580 14975
7582 12142
7583 12963
7585 14373
7586 12047
7588 3291
7589 11938
7590 13940
7592 2484
7593 1547
7594 362
7596 10129
7598 4817
7599 14948
7601 14893
7603 2528
7605 6851
7606 10202
7609 4253
7610 11480
7611 1230
7612 10877
7614 15914
7615 15991
7616 16381
7619 5919
7620 2399
7621 1621
7624 7911
7626 2455
7627 14566
7630 14429
7633 5642
7634 12795
7639 3571
7640 6001
7643 867
7646 4024
7648 3240
7649 8507
7650 11829
7651 4380
7654 5014
7655 4184
7659 14682
7660 9212
7663 8022
7665 15069
7666 6565
7670 11558
7671 13192
7675 12672
7678 9678
7681 1125
7682 6919
7686 12050
7687 2108
7688 7250
7691 6429
7693 9192
7695 8944
7697 9836
7698 5584
7699 12374
7700 52
7701 157
7702 5808
7703 14860
7704 2358
7706 12401
7707 747
7708 12800
7709 720
7710 514
7711 6314
7716 2634
7718 6936
7722 3309
7725 13593
7727 14886
7730 12905
7733 15595
7734 11904
7735 6473
7739 7282
7741 15221
7742 8735
7747 14964
7749 5859
7752 890
7757 6514
7764 12532
7766 14511
7771 10605
7777 14152
7778 11166
7781 10941
7787 12934
7788 15574
7789 1594
7790 14315
7792 13775
7794 12843
7799 14149
7801 12508
7802 5652
7803 7466
7806 12378
7807 16060
7810 8544
7811 11293
7814 15021
7817 12186
7819 1437
7822 691
7823 8176
7824 15007
7825 2514
7826 9545
7828 11591
7833 15716
7837 4602
7838 14748
7841 960
7843 551
7844 12602
7845 2600
7846 8904
7847 15917
7848 6509
7849 6832
7851 8850
7852 1925
7853 6587
7854 12425
7856 9259
7858 8740
7863 6971
7864 9507
7865 3377
7866 3921
7868 7645
7870 4812
7872 4482
7874 1065
7878 6485
7879 1310
7880 15417
7881 11676
7885 11560
7886 2081
7888 10807
7889 14652
7892 9319
7894 13537
7899 12112
7900 10497
7903 8676
7907 12942
7908 5529
7909 13630
7913 1820
7916 1365
7918 4371
7921 16161
7924 14296
7927 10117
7931 980
7933 12798
7934 13506
7935 8644
7937 1414
7940 8954
7943 5431
7945 1210
7949 15732
7952 6250
7954 13208
7956 8545
7957 3174
7959 10868
7961 14925
7962 1253
7963 3378
7965 14109
7966 383
7972 4368
7973 5627
7974 686
7978 379
7979 4510
7982 8529
7988 2631
7990 13466
7991 2371
7993 10841
7996 10304
7998 15084
8003 6538
8004 11662
8014 4698
8015 5053
8016 4429
8017 13738
8018 14762
8020 553
8021 15800
8022 5950
8024 1922
8025 7646
8026 13428
8029 2642
8030 5293
8034 6327
8036 10518
8037 11502
8040 1952
8041 10618
8042 14229
8043 4385
8045 7561
8046 13191
8047 10744
8048 15929
8055 11973
8059 12608
8060 13950
8062 1900
8067 14111
8069 13633
8072 3787
8073 15716
8077 5164
8078 7464
8079 6317
8080 4854
8081 11336
8082 11041
8083 15924
8085 14409
8086 1002
8088 4783
8089 15975
8091 2187
8092 5268
8094 2161
8097 10005
8101 12737
8102 10092
8105 7807
8107 11589
8108 14231
8111 12591
8112 9216
8114 3323
8115 4031
8117 10256
8118 14072
8120 16018
8121 13631
8124 13024
8125 11622
8126 9101
8128 4778
8130 4907
8133 3505
8135 15261
8137 15381
8138 1140
8141 8319
8143 8363
8144 7271
8146 9665
8148 15337
8149 15759
8150 13493
8151 7997
8152 8422
8156 9486
8158 3715
8159 8380
8160 10359
8166 13491
8168 13462
8170 6387
8172 876
8179 14928
8181 15627
8182 14426
8183 15363
8184 12564
8185 2247
8186 13713
8187 2026
8188 15158
8193 14688
8195 489
8196 16156
8201 2530
8208 11569
8209 7417
8210 16315
8216 8024
8217 1481
8218 13665
8221 13157
8222 11608
8223 15814
8224 2292
8230 10077
8233 10853
8234 5810
8236 3411
8237 14863
8239 4427
8241 6578
8244 13671
8252 6564
8255 14632
8256 4854
8258 6197
8260 5048
8261 12595
8264 7014
8265 6561
8267 5242
8268 8534
8271 599
8272 6095
8273 3951
8278 2421
8279 14205
8285 5750
8292 1779
8297 12606
8300 3121
8302 7501
8308 220
8309 5821
8310 13682
8315 14575
8322 4
8330 8
8332 11273
8337 2387
8338 11361
8339 12559
8340 5735
8345 6761
8346 9702
8348 2655
8351 5457
8352 8448
8353 2827
8355 3184
8357 127
8358 15435
8362 11473
8365 13901
8366 9008
8368 1729
8369 14737
8370 198
8376 8685
8378 13504
8379 2165
8381 59
8382 4295
8383 10189
8384 9262
8385 3005
8386 8425
8389 15481
8390 4117
8392 13804
8394 7158
8395 4151
8397 6932
8398 9163
8399 6460
8400 15971
8403 9341
8404 6859
8405 13431
8406 9003
8407 14843
8408 14004
8409 9870
8410 8950
8414 4263
8421 6837
8422 6785
8423 12064
8426 6376
8429 1499
8431 8303
8433 1250
8434 7624
8440 9476
8442 5163
8447 9177
8448 105
8449 8910
8450 1098
8452 10365
8456 14586
8458 3122
8460 15556
8461 8463
8463 8616
8468 14024
8470 5508
8471 13219
8475 2771
8476 10682
8478 2416
8480 13434
8482 5900
8484 7103
8485 5435
8486 5768
8491 3226
8492 5802
8495 10291
8500 3249
8501 2512
8502 10846
8506 709
8509 7356
8510 9849
8511 1152
8514 1746
8515 14146
8516 14478
8517 15122
8519 10367
8524 15526
8528 962
8529 5883
8530 8755
8532 9014
8534 6354
8535 7476
8536 9286
8537 10814
8538 3502
8541 8736
8542 9963
8543 8069
8547 15588
8549 12243
8550 4876
8553 5500
8554 540
8556 7944
8557 9793
8558 9408
8559 14468
8563 4013
8564 13640
8567 8601
8568 8780
8570 14390
8571 5651
8572 2656
8575 14297
8576 10737
8578 8257
8580 6388
8582 9287
8583 2675
8586 7344
8589 10989
8591 4923
8593 5616
8594 1590
8595 6548
8598 9777
8599 14366
8601 15724
8602 6169
8603 2182
8611 13778
8617 13249
8618 6382
8621 15143
8622 939
8624 10408
8625 16192
8626 9332
8628 13333
8632 2279
8633 3192
8634 14490
8635 7013
8636 1166
8637 982
8639 8264
8640 1208
8641 10559
8642 16125
8643 9047
8646 13335
8656 14275
8657 9928
8660 10277
8661 11482
8664 10941
8672 12403
8675 7230
8676 545
8679 13701
8680 2670
8681 1711
8683 7692
8687 1879
8689 10285
8690 10165
8692 11971
8695 3534
8696 14471
8697 2168
8699 4841
8700 532
8703 8529
8704 15274
8705 1677
8707 10371
8708 1904
8709 7902
8711 16265
8714 4221
8717 16367
8722 2675
8723 8024
8725 5341
8726 8263
8732 2643
8735 11233
8736 15066
8737 12473
8738 10128
8740 15949
8741 978
8743 3965
8745 1525
8746 13333
8747 10137
8749 7983
8750 16176
8752 8372
8753 15010
8758 2387
8759 10963
8761 6850
8762 10131
8763 9754
8766 1285
8767 2114
8769 9193
8770 198
8772 13476
8773 8877
8774 15657
8777 2605
8778 6533
8782 7404
8786 7809
8787 14759
8789 812
8790 12422
8794 11016
8798 8633
8801 10011
8802 13192
8803 14200
8804 11306
8807 5671
8808 12400
8810 8188
8811 7157
8812 8442
8813 6650
8815 2870
8816 7623
8819 1867
8820 15217
8821 646
8822 16373
8823 16126
8825 4934
8826 7646
8832 4021
8834 12197
8837 1546
8840 16062
8841 2328
8842 10737
8843 14353
8844 9937
8845 2806
8847 7459
8849 6260
8850 16265
8852 9887
8855 14712
8859 927
8860 7356
8862 8341
8863 11312
8865 3456
8870 8711
8874 2871
8875 4370
8877 6201
8880 5736
8881 5580
8883 11117
8884 3976
8885 8661
8886 4260
8888 13313
8890 552
8893 14887
8895 5269
8897 9372
8898 16112
8899 231
8900 14380
8902 7037
8903 15303
8904 15428
8908 5068
8912 11396
8913 4002
8914 11645
8916 14200
8917 7946
8920 8251
8921 2046
8923 10276
8925 15863
8926 16201
8927 7584
8928 10156
8929 6621
8930 4099
8931 1881
8932 454
8935 14370
8936 9446
8938 10635
8939 2882
8940 12874
8943 441
8947 2780
8951 7051
8953 1996
8954 327
8956 8746
8959 11411
8960 12163
8961 2339
8962 9485
8963 12522
8967 14152
8968 2159
8969 15738
8970 10675
8972 4480
8977 5829
8978 4959
8979 10087
8980 5317
8983 11748
8989 352
8990 2968
8995 7496
8998 2258
8999 2791
9000 6982
9002 8140
9004 6248
9008 9634
9009 11692
9010 13867
9014 10665
9016 10201
9017 14373
9018 8871
9019 12514
9021 2702
9023 4936
9024 4219
9027 4385
9029 4696
9030 12075
9031 8137
9032 7394
9034 7113
9035 14671
9037 14499
9040 12142
9041 14670
9042 13146
9043 11436
9044 10346
9046 9863
9051 11351
9052 468
9054 9490
9056 12173
9057 5749
9058 3050
9059 5534
9060 16353
9062 149
9063 6550
9065 12582
9066 2576
9067 15218
9069 1826
9070 8674
9072 1881
9074 12684
9078 8990
9079 12220
9080 9036
9081 12657
9087 745
9088 5032
9091 4240
9094 8947
9096 9718
9097 12913
9098 1342
9099 3412
9100 6552
9102 8731
9103 5035
9104 11344
9105 10375
9107 1449
9112 293
9113 4558
9114 8941
9115 685
9117 3206
9119 13745
9121 7916
9123 7603
9125 13418
9127 662
9128 12536
9131 11091
9132 205
9133 11458
9134 8755
9137 13210
9138 15450
9148 4481
9149 13149
9151 15936
9152 668
9153 5556
9154 10483
9155 6767
9156 11920
9157 1710
9160 1160
9162 15721
9167 1978
9168 9444
9169 3439
9171 5578
9172 6722
9174 14133
9176 12465
9178 15838
9181 4555
9187 4007
9192 11447
9197 11125
9199 11368
9200 10207
9204 3710
9205 7159
9206 4794
9209 5072
9210 1150
9212 4768
9216 1853
9218 5940
9219 16105
9220 15568
9224 6314
9225 9343
9226 7667
9227 9913
9228 11534
9229 10034
9230 12313
9231 4437
9233 8709
9234 3259
9235 3731
9239 129
9240 11769
9241 11716
9243 4558
9244 8418
9246 10761
9249 15605
9252 186
9254 9377
9255 16347
9257 15269
9260 14759
9261 6177
9264 4819
9266 4030
9267 10273
9268 5935
9270 12377
9271 11571
9274 3915
9276 13610
9277 613
9279 10659
9280 2156
9281 6314
9282 14638
9284 16255
9286 3127
9287 10468
9290 9729
9292 7884
9293 8244
9297 2976
9299 12043
9300 601
9301 15841
9305 4130
9306 2011
9310 12479
9312 14149
9313 8245
9314 15265
9316 3829
9318 12268
9319 8314
9320 11968
9321 2892
9323 9601
9328 630
9329 12489
9330 5967
9331 8471
9332 12879
9333 1379
9336 6796
9337 10998
9340 1937
9341 5142
9342 13528
9351 7142
9354 15241
9357 4112
9359 13888
9362 16089
9365 1647
9367 7160
9369 15861
9372 5946
9378 12914
9379 6224
9383 3286
9387 9532
9388 3925
9393 7547
9395 12902
9398 14304
9400 12977
9401 6234
9402 2419
9403 13028
9405 2293
9407 1907
9410 13278
9411 16037
9413 9342
9416 13825
9418 12927
9419 7592
9422 2595
9424 2798
9427 11951
9434 1677
9436 4942
9437 7020
9440 15661
9451 9085
9456 5575
9457 3650
9458 9643
9460 2570
9463 12306
9464 301
9465 2127
9467 3619
9468 6729
9469 2687
9470 15788
9471 301
9475 12076
9477 2698
9478 14845
9479 1362
9481 12045
9482 6457
9483 7214
9484 3373
9485 5421
9492 7792
9493 3816
9494 2644
9495 3625
9496 12045
9497 11200
9498 3323
9499 15297
9502 9341
9503 3339
9506 944
9511 3296
9512 198
9513 10760
9514 11990
9516 1617
9517 3875
9519 773
9522 1045
9523 1678
9525 11621
9527 5434
9531 9944
9533 4575
9535 15122
9536 2556
9537 7905
9538 12614
9540 2421
9541 14263
9543 11967
9545 10536
9546 13287
9547 10760
9552 14740
9555 4195
9556 9559
9557 4542
9562 12575
9564 5171
9566 5782
9567 1113
9569 4447
9570 10997
9571 11963
9572 13145
9573 15548
9575 8722
9576 14821
9579 16104
9581 12385
9582 2840
9583 2857
9584 12268
9586 10281
9587 6859
9589 10652
9591 6273
9595 9561
9596 2784
9597 13867
9599 4501
9600 4930
9601 2684
9603 853
9609 5063
9611 2878
9612 5153
9613 7138
9620 765
9622 1321
9625 8710
9626 8922
9627 6462
9630 13091
9640 12425
9641 13321
9642 3497
9645 8621
9646 10225
9647 8136
9648 1863
9649 3857
9651 7410
9652 9572
9656 10854
9657 10533
9660 8970
9662 8505
9663 3711
9664 10201
9665 1468
9666 9437
9668 14865
9669 3662
9672 4292
9675 14362
9677 13296
9678 3886
9682 11617
9683 12019
9684 6660
9686 10118
9689 2939
9691 3828
9692 9131
9693 12049
9694 2820
9695 3636
9697 11340
9701 9601
9703 1137
9704 4940
9705 1055
9707 2479
9708 11876
9711 11640
9712 9995
9714 7785
9717 5736
9720 13234
9724 16295
9725 15945
9728 6647
9730 4784
9731 8255
9732 2285
9733 1379
9734 4095
9739 10029
9740 12017
9744 3986
9745 4693
9747 5044
9749 4938
9751 847
9753 12725
9757 248
9758 16035
9759 9390
9761 16098
9762 10561
9763 15289
9764 11189
9765 934
9766 11152
9767 5330
9768 1249
9769 141
9771 5268
9773 15835
9783 5741
9784 11831
9785 10352
9790 1718
9791 2768
9792 10346
9793 6323
9798 5850
9799 3462
9802 1250
9804 2403
9805 849
9806 9851
9810 16278
9812 13119
9814 13144
9815 4887
9817 14993
9822 11121
9823 7564
9825 9948
9827 3237
9830 6405
9833 8885
9841 1789
9842 4813
9843 14043
9844 15921
9845 4763
9848 1808
9849 6875
9850 10122
9855 9559
9856 6760
9857 10375
9858 13812
9861 452
9862 13306
9863 10096
9866 11069
9867 9749
9868 8352
9870 10385
9872 15674
9874 7612
9877 9397
9880 4395
9881 9459
9882 14002
9883 13344
9884 248
9885 10436
9887 12299
9892 7428
9895 13887
9896 12445
9897 14675
9898 193
9899 12032
9901 9054
9904 7167
9906 1035
9907 5819
9908 15474
9910 12652
9911 7795
9915 8917
9917 9040
9919 2890
9922 2106
9924 12522
9926 16174
9927 8141
9930 6789
9931 1886
9932 16198
9933 970
9938 15509
9939 9648
9941 10333
9945 6306
9946 6493
9950 10647
9953 14032
9956 3184
9961 5662
9964 656
9965 13543
9970 1455
9971 14369
9972 11364
9973 7848
9974 12743
9976 6641
9977 1183
9978 431
9981 4830
9986 10084
9989 15748
9991 14832
9992 10751
9993 11491
9995 8602
10000 9282
10003 3703
10007 6464
10008 15499
10010 10407
10014 10687
10015 6425
10016 8365
10018 805
10019 16040
10020 10993
10024 16270
10025 1011
10028 15933
10029 2598
10032 8819
10033 16065
10034 12675
10036 6092
10037 14543
10038 3772
10042 3231
10044 9402
10045 6152
10046 11113
10047 6063
10052 3966
10053 16229
10054 15055
10056 12931
10058 11034
10059 13655
10060 11264
10065 14385
10069 4575
10071 3284
10072 2167
10074 16329
10076 12108
10080 8473
10082 16365
10083 9304
10084 3156
10086 15176
10087 14663
10088 9364
10089 1422
10092 6875
10093 3206
10095 13841
10100 645
10103 6687
10105 13986
10106 10120
10109 16160
10110 14287
10111 10169
10116 235
10118 1565
10119 8195
10121 12258
10123 14491
10124 14345
10127 498
10129 7567
10132 8163
10133 10333
10134 15167
10137 10756
10139 7335
10141 4235
10142 3997
10143 13484
10146 12813
10148 5019
10149 13166
10150 14693
10151 6187
10152 5321
10154 6462
10155 12345
10158 12999
10164 15594
10165 12438
10169 11938
10171 10014
10173 14797
10176 7323
10177 11651
10178 2317
10179 9574
10180 4342
10181 15013
10182 7787
10183 6372
10184 10129
10185 4501
10187 7542
10188 3937
10191 3658
10192 5937
10193 12135
10195 7174
10196 3207
10201 11419
10203 15546
10206 8085
10207 7469
10209 356
10212 11660
10213 8430
10215 11065
10216 5088
10217 14002
10218 7239
10220 3823
10225 4233
10226 10069
10227 11444
10232 12189
10234 10430
10235 7359
10237 3418
10240 8967
10242 7940
10244 4239
10246 12653
10251 1905
10256 2054
10259 12576
10260 9576
10264 4576
10268 7290
10270 13363
10273 10735
10274 6330
10276 8326
10278 1992
10279 9764
10280 11202
10281 14446
10282 13052
10283 1646
10284 5426
10288 8623
10289 11275
10292 15570
10294 12369
10297 4587
10298 1899
10299 9515
10300 4475
10301 971
10304 1520
10305 11846
10307 8650
10309 11176
10313 14191
10314 1047
10316 12320
10317 13409
10322 11447
10324 415
10327 16090
10328 4210
10330 1562
10331 15111
10332 3725
10334 8702
10336 7633
10337 2096
10340 12187
10341 1473
10342 14408
10350 9339
10351 4293
10354 5830
10355 16374
10356 7218
10358 11273
10360 13544
10362 5390
10365 1486
10373 5208
10375 7362
10378 8012
10382 3631
10385 1087
10387 4206
10388 6371
10389 10589
10390 1914
10392 3332
10395 11858
10396 1131
10399 15750
10407 9909
10409 15617
10414 11198
10415 8022
10417 10255
10419 7380
10420 15862
10421 1905
10423 741
10424 1454
10425 6939
10426 9968
10427 11844
10428 12880
10430 10100
10431 4958
10432 747
10435 13874
10439 15845
10441 7318
10442 7640
10446 9332
10448 3948
10449 158
10451 11020
10453 5191
10454 10405
10456 8881
10457 7658
10458 13353
10459 4993
10460 11596
10461 777
10462 4337
10463 9759
10464 11336
10465 11126
10470 821
10473 12827
10475 2370
10478 9606
10479 23
10481 10335
10482 6991
10485 13577
10486 275
10488 13583
10493 4282
10494 11079
10495 3560
10499 904
10501 8613
10502 10053
10505 10207
10506 14881
10507 16339
10508 4990
10510 15246
10513 15959
10514 10090
10515 13709
10516 11504
10517 8180
10522 14734
10524 1624
10526 14714
10530 12881
10533 3286
10536 156
10537 14208
10540 7581
10541 15898
10542 16078
10547 2711
10548 14974
10549 1467
10551 4428
10554 11577
10558 3575
10561 12187
10562 4943
10563 15255
10565 8135
10566 4335
10570 9102
10571 9918
10573 10561
10574 13581
10577 13261
10578 11361
10579 9313
10580 3882
10581 1999
10582 936
10585 15962
10589 3029
10590 15857
10591 7256
10593 2258
10594 515
10598 1418
10601 2682
10602 2427
10603 2069
10608 846
10609 13276
10615 7213
10616 10506
10617 16038
10618 2917
10619 12489
10620 8971
10622 4011
10623 6541
10624 10918
10625 3906
10629 3624
10630 9287
10632 870
10633 2989
10636 8150
10637 850
10638 6649
10639 901
10642 1351
10644 15127
10646 4526
10648 7610
10650 15811
10651 7871
10652 2801
10653 14185
10654 7094
10655 9673
10658 973
10660 3085
10661 7553
10662 9283
10663 3217
10664 15758
10665 5758
10666 3950
10668 2955
10670 8388
10671 6457
10674 16268
10675 15834
10676 8873
10677 4702
10683 13465
10684 8126
10685 16182
10686 3458
10687 6931
10688 5182
10689 9021
10696 10344
10698 2985
10699 12560
10701 9243
10702 7825
10704 9407
10705 12651
10707 16226
10709 739
10711 8799
10712 787
10718 7934
10719 6439
10720 8860
10722 10023
10723 12826
10724 12696
10728 4877
10729 12077
10733 4818
10734 11517
10738 11301
10740 1282
10742 3260
10743 15066
10744 15640
10748 3380
10750 7956
10751 15003
10755 14361
10756 3354
10760 11979
10762 12625
10765 8185
10766 13991
10767 4847
10769 523
10771 8765
10772 12712
10773 1606
10775 4962
10777 23
10778 9791
10780 5303
10782 6413
10783 16069
10785 12873
10787 5750
10791 4272
10792 3613
10793 4795
10794 4765
10797 10480
10799 16314
10802 3495
10806 3353
10810 3061
10811 8267
10815 4772
10817 559
10818 3835
10820 1312
10825 8447
10826 14773
10832 7801
10836 12056
10837 5835
10839 120
10840 8991
10841 8393
10842 8598
10843 11686
10845 8084
10847 13599
10848 7755
10850 15813
10852 7404
10853 4481
10854 1653
10856 558
10857 6404
10864 15297
10865 4804
10866 9750
10868 7441
10869 9670
10872 9383
10873 16367
10874 13402
10875 9103
10880 1199
10881 8421
10883 7769
10884 2141
10885 3839
10886 2711
10887 3143
10888 14737
10889 3329
10890 5218
10891 6448
10892 11903
10893 10621
10895 6862
10896 4274
10899 3305
10902 809
10904 9759
10905 12636
10907 11328
10908 5736
10909 15492
10915 4325
10917 6061
10918 5257
10920 8400
10921 1934
10922 12083
10923 10300
10925 1123
10927 6329
10929 13278
10930 13671
10932 4988
10933 293
10934 12723
10938 5107
10939 11036
10941 6384
10945 7587
10950 4688
10955 475
10957 12553
10961 2556
10963 6101
10966 10591
10968 6230
10970 6197
10973 11681
10981 10786
10982 3731
10985 7638
10987 8121
10989 736
10990 3135
10994 14030
10995 9049
10996 7390
10999 7803
11000 15413
11003 10029
11004 6418
11006 6058
11007 16074
11009 15905
11010 3116
11011 7928
11014 11393
11015 3749
11016 5631
11018 15777
11023 6182
11027 8966
11029 3281
11030 2876
11031 2151
11032 11370
11035 8595
11036 5746
11037 10783
11039 11886
11041 4547
11044 15196
11045 14053
11046 10427
11047 2333
11048 6922
11049 13561
11052 4992
11053 12856
11054 4203
11055 16149
11058 3417
11061 13162
11063 4200
11065 7643
11066 9245
11067 4920
11069 14967
11071 5476
11072 9507
11074 16305
11075 1125
11077 6990
11078 1999
11080 11504
11082 2765
11083 10892
11084 2791
11086 682
11087 13549
11088 16244
11090 15762
11093 13683
11095 4322
11100 15522
11104 9933
11109 7916
11111 12447
11113 13552
11114 7250
11115 6759
11116 12310
11118 5826
11120 15024
11121 15487
11123 10028
11124 420
11125 15021
11126 5600
11127 364
11128 16215
11130 8465
11131 3676
11133 1079
11135 4250
11136 6470
11137 16169
11139 5817
11140 97
11141 484
11143 13304
11144 8459
11145 2326
11147 6528
11151 2436
11152 11023
11153 8081
11154 7459
11155 9310
11159 10442
11162 8840
11163 12664
11165 2702
11166 12398
11168 146
11169 7442
11171 9309
11175 13847
11177 10452
11178 15330
11179 9006
11183 7949
11185 9926
11190 7884
11191 10827
11192 3618
11193 4062
11194 7747
11195 10535
11196 11160
11197 9636
11198 15754
11200 9326
11203 5324
11206 1765
11208 10572
11212 13764
11213 3214
11215 11599
11216 16068
11220 1018
11222 4772
11223 4818
11227 5282
11229 4596
11234 7184
11237 479
11238 1410
11239 6901
11240 5113
11241 13040
11246 8960
11248 15851
11250 14753
11252 101
11253 10688
11255 2004
11256 14398
11259 7800
11260 7114
11261 5748
11266 1036
11267 1083
11268 7236
11270 5826
11271 6252
11273 11352
11274 9975
11277 3582
11278 13088
11280 8784
11281 4317
11282 10616
11285 9318
11286 4990
11287 7848
11289 1062
11290 8797
11294 12100
11296 12644
11297 5444
11299 10049
11302 8455
11304 5241
11305 15609
11307 14839
11308 991
11309 12654
11313 2171
11315 3399
11316 721
11318 13469
11323 10693
11324 2719
11326 12300
11327 2228
11332 9413
11334 2533
11335 5314
11337 3374
11338 9373
11345 5045
11347 7996
11349 12694
11351 10920
11354 9938
11356 5449
11360 13840
11361 3849
11362 9290
11363 2790
11365 1766
11367 500
11368 13366
11369 9653
11370 9541
11371 9792
11376 6758
11378 14226
11380 11091
11381 3658
11383 15133
11384 5946
11386 2042
11389 13730
11392 9164
11394 146
11399 3876
11401 4500
11403 2190
11404 14299
11406 3112
11407 14472
11408 229
11410 8937
11412 14595
11416 13163
11417 4077
11419 8642
11422 9213
11423 6291
11426 9154
11427 2292
11428 11803
11430 16228
11435 9245
11436 4266
11440 5651
11441 9897
11444 6531
11445 9710
11448 14579
11449 15328
11450 6954
11451 6531
11454 35
11455 12299
11456 11
11457 3993
11458 7585
11460 13047
11465 9612
11467 15169
11469 5034
11472 9986
11473 3325
11477 4926
11478 7961
11481 10053
11482 5061
11483 9167
11485 6669
11488 3406
11489 15382
11491 14939
11492 12165
11495 12854
11497 8729
11499 14725
11501 649
11502 1843
11505 16342
11508 5919
11511 15927
11512 10339
11513 16146
11516 7597
11517 14051
11518 15635
11519 12493
11520 10884
11521 9804
11522 14487
11523 13343
11524 16162
11525 10045
11528 11297
11530 12491
11532 1603
11535 13897
11536 11290
11537 15460
11542 7896
11543 1921
11544 13544
11545 13049
11546 13321
11547 1042
11548 11927
11552 16210
11554 5463
11559 10560
11562 889
11563 9633
11564 10064
11567 8966
11568 11539
11569 15174
11571 11306
11572 13746
11573 15114
11575 9928
11576 15742
11577 11080
11579 14305
11580 209
11586 11843
11587 3089
11589 11661
11593 6587
11595 7731
11596 13327
11598 15491
11599 1337
11602 15800
11606 11539
11609 5000
11614 3080
11616 12445
11620 3337
11621 13509
11622 3062
11624 8640
11626 14929
11629 6123
11630 14404
11631 2609
11632 13796
11633 3611
11635 8098
11638 6400
11639 15618
11640 13089
11641 12678
11642 11200
11643 2282
11645 7149
11649 6362
11651 8798
11661 8619
11662 2823
11663 11294
11664 3855
11665 8026
11666 15768
11667 14795
11670 3416
11671 12950
11672 1444
11673 8076
11674 5537
11675 9276
11678 2576
11680 159
11681 15770
11683 8400
11684 13318
11686 7953
11688 11108
11691 1238
11694 7494
11696 5984
11697 4522
11698 5474
11700 10991
11703 6154
11704 699
11705 14831
11706 6890
11710 2688
11712 8396
11716 15452
11717 10789
11718 5419
11722 4403
11724 10116
11725 3359
11726 4918
11731 10409
11735 11883
11737 13133
11739 1471
11740 13437
11743 8368
11746 14214
11747 2352
11748 2302
11751 6533
11754 8120
11757 1569
11758 14351
11761 1762
11762 5569
11767 11217
11770 14245
11772 7243
11775 1336
11778 13289
11780 4541
11783 2711
11784 8612
11786 3661
11790 6825
11791 14965
11792 2849
11795 4129
11796 6717
11797 10725
11798 4030
11799 16345
11800 7924
11802 8639
11804 9435
11805 5339
11809 3743
11811 2088
11813 9363
11815 5509
11816 4945
11818 5257
11819 1600
11821 3699
11822 5876
11823 7530
11826 12885
11827 752
11828 5712
11829 9432
11830 4097
11831 13009
11833 8791
11838 9221
11839 817
11840 10090
11841 11432
11842 12929
11843 624
11847 11428
11848 7892
11852 1204
11853 9381
11857 1546
11859 9116
11864 2365
11865 5941
11868 15856
11869 8714
11871 12780
11874 11520
11876 12231
11877 2830
11881 14741
11882 4400
11883 10698
11885 5299
11887 5258
11889 955
11892 12099
11893 5558
11897 8387
11898 13939
11900 819
11901 7116
11902 11410
11903 14192
11904 13407
11910 2508
11911 564
11912 1524
11913 1688
11916 3513
11919 12760
11920 12793
11921 671
11922 9986
11925 6229
11929 2769
11933 9185
11935 7103
11936 7261
11937 6519
11939 15983
11941 8004
11942 5187
11944 15660
11946 10171
11951 3684
11953 15899
11954 6643
11956 7282
11957 4210
11958 513
11959 6670
11960 14430
11961 9919
11962 11657
11963 3143
11967 13409
11969 13366
11970 3498
11972 15088
11973 12698
11975 8650
11977 5168
11978 472
11982 9864
11983 8513
11984 3636
11985 8425
11989 8391
11992 14545
11993 14977
11999 7400
12000 2968
12001 10083
12002 3544
12004 1391
12005 4684
12008 12300
12009 3510
12012 4249
12013 7854
12014 7776
12017 14419
12019 12539
12020 5085
12024 3329
12025 6165
12027 7933
12029 1255
12031 13000
12032 4665
12035 6808
12037 8193
12038 1889
12039 2568
12040 8738
12041 11431
12047 6125
12051 13126
12052 9830
12054 10969
12058 5624
12059 7721
12060 15981
12061 277
12064 2000
12069 11310
12072 8318
12073 15044
12076 15430
12077 15109
12078 6092
12079 12947
12081 3996
12082 12372
12085 10863
12086 10177
12089 3584
12090 5842
12093 6783
12094 9495
12096 967
12099 13702
12100 4439
12104 6054
12106 1320
12112 2707
12114 5790
12116 4475
12117 9880
12122 14932
12124 13269
12125 13140
12126 3201
12128 10343
12129 570
12130 1033
12131 13768
12133 2050
12134 327
12136 5653
12137 6621
12139 1774
12144 60
12145 9275
12148 1272
12149 11397
12150 7610
12152 3602
12154 7301
12156 8994
12158 13435
12159 7950
12160 13247
12161 13999
12162 10660
12163 9641
12164 7100
12165 6881
12167 122
12168 2474
12169 1396
12170 5063
12172 5131
12174 5974
12175 6211
12179 775
12187 11959
12188 2656
12190 15522
12191 12113
12195 1713
12198 4066
12199 14152
12200 1115
12202 14709
12204 7689
12206 10409
12208 15983
12211 5228
12212 268
12213 6997
12216 15936
12221 570
12222 8177
12223 11179
12225 14897
12229 15463
12230 14755
12232 4999
12234 5520
12237 4721
12239 5825
12240 10167
12241 4410
12242 2749
12243 11343
12247 1696
12248 11554
12249 8142
12254 4669
12257 8076
12258 6560
12260 10479
12264 4961
12265 13432
12269 16083
12270 3210
12273 12453
12276 3442
12277 4637
12278 10421
12282 4646
12283 4080
12287 15159
12288 14461
12289 9189
12291 7351
12292 5486
12293 7006
12294 16331
12295 11315
12298 1553
12299 11120
12303 10917
12306 7709
12308 15876
12310 5405
12311 3136
12313 13973
12314 9150
12316 13853
12318 10719
12320 5302
12322 3811
12323 9663
12325 7042
12326 15514
12330 9
12331 7482
12333 6
12337 16014
12338 1100
12340 1107
12342 1144
12344 3333
12345 5929
12346 3060
12347 14408
12348 11028
12350 16281
12354 2246
12355 13543
12362 16127
12363 3388
12364 10250
12365 1842
12367 6869
12368 5221
12370 4074
12371 14661
12375 4021
12377 12350
12381 3724
12383 2849
12384 14342
12385 9399
12386 130
12388 5246
12389 1113
12390 16101
12391 6161
12393 5726
12394 9187
12395 8343
12396 14650
12397 12364
12399 6789
12400 12371
12405 11466
12406 15730
12408 7422
12409 11058
12411 15647
12413 7368
12414 7252
12417 9096
12418 6793
12423 4557
12424 11107
12425 14040
12427 9349
12429 6719
12430 8108
12432 9826
12433 8652
12435 5912
12437 5573
12438 8125
12439 2148
12445 8493
12446 10982
12447 5415
12450 2057
12451 10843
12453 13213
12456 946
12457 14948
12459 13843
12462 11738
12465 6386
12467 11193
12471 9399
12473 5393
12475 5921
12476 7774
12477 2782
12478 10485
12480 11858
12481 2150
12484 13247
12485 10505
12486 3651
12487 1725
12489 199
12494 7196
12495 11880
12497 3652
12501 3915
12503 15292
12506 16305
12507 10477
12508 12234
12509 2705
12510 2453
12512 1375
12513 9082
12514 16311
12518 10635
12526 9233
12527 8378
12528 2414
12529 14377
12531 11956
12534 15852
12536 42
12541 15866
12544 1087
12545 15935
12546 7729
12548 5042
12549 11927
12551 13760
12553 4309
12554 1571
12556 14230
12558 11999
12562 975
12563 7012
12564 3464
12567 852
12569 124
12572 2843
12575 11104
12578 7028
12579 2493
12580 2932
12583 3431
12584 14567
12585 4916
12587 7459
12591 14532
12592 4255
12595 1988
12596 156
12598 2046
12600 7831
12602 10243
12603 7977
12606 3553
12608 4253
12609 5169
12610 9703
12613 4986
12616 9007
12618 13696
12619 3970
12622 2990
12623 11867
12626 13110
12627 4633
12628 13185
12629 4872
12630 9132
12632 1331
12633 6320
12637 5905
12638 5759
12640 5195
12641 1169
12643 10729
12644 5869
12645 15243
12647 2066
12652 1504
12654 2061
12656 1025
12657 3681
12659 8003
12660 2055
12661 4501
12666 5717
12668 5187
12669 5163
12670 8741
12671 6478
12672 7088
12673 16277
12676 15205
12677 1557
12681 10715
12682 7663
12687 2974
12690 10607
12693 6004
12694 7667
12698 12811
12702 16286
12703 10352
12704 10586
12706 973
12707 8492
12709 7710
12710 5800
12711 5046
12712 8839
12713 12282
12714 4494
12720 4009
12721 16128
12725 11369
12726 12421
12727 2918
12728 3466
12730 14043
12731 10217
12732 3237
12733 8881
12734 9402
12735 11772
12739 3332
12743 10190
12744 4744
12746 14899
12751 5511
12752 9748
12753 5427
12754 13959
12755 14340
12759 14307
12761 7277
12763 6828
12765 8895
12766 10232
12767 1420
12772 12700
12773 10221
12779 11506
12781 9114
12783 3917
12784 9747
12785 4291
12787 12308
12790 15570
12793 14042
12794 5763
12796 10148
12801 2024
12802 9003
12804 8251
12805 6761
12807 14497
12808 13184
12809 6077
12812 6949
12813 1676
12817 7246
12818 15520
12819 12197
12820 5439
12821 10526
12823 7389
12825 275
12827 7206
12831 4191
12834 11107
12836 3863
12840 14244
12843 1341
12846 4111
12847 15221
12851 11372
12852 2978
12854 8212
12856 2662
12857 8175
12858 3730
12861 10643
12864 2584
12865 446
12866 7548
12867 12772
12868 3416
12869 859
12871 3812
12873 1772
12878 13724
12881 15716
12882 8925
12883 2638
12887 1078
12891 6353
12892 13536
12893 2612
12894 344
12896 11539
12898 4466
12900 13812
12901 8248
12905 8132
12912 4130
12914 1819
12915 94
12916 7222
12917 11597
12918 8049
12921 6788
12922 11485
12923 265
12926 13481
12928 7673
12929 5785
12930 12947
12932 3454
12934 253
12935 7278
12936 7430
12939 1588
12940 8383
12943 15107
12946 13773
12951 11745
12955 1634
12956 8176
12957 1808
12959 3880
12963 7158
12964 4038
12965 15248
12967 19
12968 4232
12969 9370
12970 1490
12971 11044
12972 12837
12973 10905
12974 2569
12975 8909
12979 5916
12980 14971
12981 14499
12984 15528
12985 15887
12987 12747
12989 2502
12990 11461
12995 7149
13002 10927
13005 13435
13008 5987
13014 8322
13016 10869
13018 10281
13022 4342
13023 1611
13024 893
13027 10055
13028 7212
13032 7213
13037 10648
13038 14196
13040 1424
13043 4348
13046 6499
13047 1632
13049 12347
13050 6042
13054 2712
13058 11919
13060 10644
13064 15433
13065 11187
13066 10286
13067 4010
13069 1379
13077 2001
13078 818
13080 10139
13081 8012
13083 9293
13085 10300
13087 5048
13088 13861
13091 5729
13092 4349
13093 2175
13095 1081
13099 14359
13100 12517
13104 5788
13108 8645
13109 12814
13111 1889
13112 16137
13116 13788
13117 3069
13119 8688
13122 3940
13123 16379
13124 12703
13127 9312
13129 3552
13132 6965
13133 11207
13134 6845
13136 15126
13137 6586
13138 7013
13144 9769
13145 15514
13148 1773
13149 1825
13150 8889
13152 5714
13154 4937
13155 2205
13156 14455
13157 6235
13159 9753
13162 7213
13164 15640
13166 13458
13168 7619
13169 694
13172 13009
13174 10859
13175 5153
13177 13195
13178 4337
13179 7504
13180 5026
13182 4785
13187 8439
13188 16069
13189 2393
13191 13464
13192 1309
13193 2027
13195 6355
13198 6630
13199 80
13200 4915
13203 15529
13205 4298
13207 2467
13212 6367
13213 2675
13215 5924
13216 9453
13221 1085
13223 4651
13226 7523
13227 16057
13228 3276
13229 6123
13230 6994
13231 6615
13232 1933
13233 13043
13234 6180
13235 9864
13236 9234
13237 9919
13238 2780
13239 13716
13244 2775
13246 2141
13250 1235
13251 13415
13253 6203
13257 16067
13259 16342
13260 1677
13265 13661
13266 16227
13270 15312
13271 14948
13274 9375
13275 8852
13277 7001
13279 8975
13280 5014
13281 12375
13282 6114
13283 3892
13285 14007
13286 63
13288 1834
13289 331
13290 4095
13291 5115
13293 549
13301 11772
13302 9815
13303 11805
13304 3468
13305 6261
13306 4666
13307 7724
13308 3768
13311 5304
13312 2772
13315 5060
13318 8458
13319 6654
13321 13060
13323 16331
13325 5286
13328 632
13331 2092
13333 16345
13334 2282
13337 3049
13338 13398
13341 13067
13345 14575
13348 10192
13351 3602
13354 2080
13357 3275
13359 7934
13360 11297
13363 9556
13364 16274
13367 1788
13369 1832
13370 10191
13371 14596
13372 15871
13373 2592
13376 1150
13385 3708
13387 1017
13389 12915
13390 10304
13392 1528
13401 9277
13402 7418
13403 4198
13405 14643
13407 11220
13408 4085
13410 14324
13414 16250
13416 11794
13419 13197
13421 2388
13425 10483
13426 6072
13427 8874
13432 1553
13434 15003
13436 9103
13438 4714
13439 1405
13442 4446
13444 5381
13445 8393
13447 10800
13449 4371
13455 5703
13461 6420
13462 15944
13464 10171
13465 6946
13468 6917
13469 4818
13470 10805
13471 10134
13474 13449
13477 10592
13478 13755
13481 11453
13482 15879
13483 6720
13484 10810
13485 15738
13490 10982
13491 11513
13492 7566
13493 9818
13495 9701
13497 13349
13499 15739
13501 1896
13503 4369
13504 12867
13506 3536
13507 351
13511 12768
13512 10270
13514 413
13515 8144
13516 5623
13519 2084
13520 9816
13521 12245
13524 13754
13525 11769
13526 11257
13527 13027
13529 6194
13531 12549
13532 12199
13537 4883
13538 9495
13539 3829
13540 1414
13541 2806
13542 10279
13545 15976
13546 7312
13549 15990
13551 4862
13552 7612
13553 10204
13557 14532
13558 8628
13560 5562
13561 9971
13563 10780
13566 1611
13567 2576
13568 15850
13569 8909
13570 4658
13571 3685
13572 774
13573 6831
13574 11562
13575 15012
13577 3734
13580 2842
13582 4769
13586 12331
13589 8631
13592 13672
13594 491
13595 6913
13598 11283
13600 7414
13605 11102
13607 6899
13608 11949
13610 2379
13614 8409
13615 3568
13616 2599
13618 10879
13619 15029
13621 5869
13623 10912
13627 2536
13628 10408
13629 14457
13633 2164
13634 5093
13635 7330
13636 10753
13637 4527
13640 15441
13641 653
13642 6103
13643 3358
13644 7802
13647 3897
13654 4684
13657 5904
13660 11669
13664 3779
13665 12916
13666 10573
13669 9957
13670 15570
13671 9069
13672 16252
13673 4562
13674 16179
13676 15996
13678 8906
13681 738
13682 7229
13683 12490
13689 4636
13691 10950
13692 13784
13698 1439
13700 6487
13702 14447
13704 197
13705 7976
13707 6863
13708 13608
13713 2808
13714 1573
13717 2988
13718 15861
13719 2320
13720 10541
13721 15574
13722 5713
13725 7284
13726 4945
13729 8768
13730 3856
13731 14319
13732 12066
13735 15780
13737 13026
13739 5703
13740 9528
13742 12379
13746 5779
13747 7554
13753 2210
13754 2349
13756 10174
13759 7285
13760 14723
13761 2794
13762 9471
13763 12187
13765 1071
13766 2154
13768 9004
13769 3350
13772 16099
13774 16383
13775 200
13776 4932
13777 7328
13780 6233
13781 8629
13782 192
13783 2100
13784 5664
13786 24
13789 6017
13790 11172
13792 810
13793 14403
13794 3277
13795 14958
13796 3167
13798 7299
13799 2330
13806 10506
13807 9566
13810 14748
13811 3554
13812 4308
13813 8486
13814 5633
13818 4458
13822 16362
13823 13428
13827 3231
13828 4474
13829 1078
13830 32
13831 5942
13832 2848
13833 10166
13835 5808
13837 11134
13838 557
13842 7669
13843 13772
13845 14823
13849 8479
13850 15227
13851 13520
13852 10385
13853 801
13859 456
13860 6696
13861 14570
13863 7769
13868 5072
13869 1779
13871 6201
13873 5964
13874 13116
13875 5506
13876 11802
13877 1115
13878 16072
13880 12316
13884 9927
13885 15372
13888 6671
13891 5432
13893 15249
13897 8295
13898 10610
13899 6486
13902 2089
13908 14559
13909 9586
13911 4895
13912 9275
13913 14028
13916 2887
13920 7889
13921 10420
13922 2863
13926 15296
13927 1836
13928 15690
13929 6239
13930 16134
13933 15708
13934 11001
13938 9631
13940 11235
13944 1773
13945 3444
13947 8907
13950 11848
13951 623
13954 11980
13955 5172
13959 8541
13961 3565
13963 13037
13964 4295
13965 1418
13968 10134
13970 14896
13971 14164
13976 2505
13977 3832
13982 16046
13984 12752
13985 7921
13986 8484
13988 9413
13989 7058
13990 4892
13993 1999
13994 8687
13999 678
14001 9590
14005 10244
14007 14912
14008 13274
14009 10703
14010 15459
14012 2849
14013 12083
14014 2823
14016 11057
14017 7351
14019 132
14020 10611
14022 10001
14023 12041
14025 12774
14031 5603
14036 4427
14037 10682
14038 13626
14040 12865
14045 10708
14049 15176
14051 8176
14053 15507
14056 818
14058 1640
14060 608
14066 13011
14071 3253
14072 12777
14073 1521
14075 14125
14076 2173
14079 12499
14084 874
14086 369
14087 9237
14088 3131
14090 2724
14098 1665
14099 7040
14101 13870
14102 8140
14103 12302
14104 3960
14105 2687
14107 2278
14108 6619
14109 5167
14110 6667
14111 608
14113 14019
14114 3557
14115 1984
14119 1417
14120 5575
14121 8963
14123 10822
14125 13453
14126 8406
14127 5108
14129 11919
14130 6945
14131 6369
14133 70
14136 10849
14143 591
14144 9683
14146 2303
14149 13023
14150 5357
14153 2608
14156 3787
14157 6421
14158 15250
14159 11910
14162 4786
14165 15286
14166 12074
14167 16258
14172 9733
14173 958
14174 9657
14175 14237
14177 15981
14178 16216
14179 4219
14182 11618
14185 14494
14187 14406
14190 3758
14192 3989
14193 10753
14207 12615
14208 16273
14209 15736
14211 2389
14212 4869
14214 11294
14220 1664
14221 10535
14223 12159
14226 2829
14231 2155
14232 5324
14233 8174
14235 882
14238 15415
14240 7933
14243 10974
14244 887
14246 10872
14247 16317
14249 9353
14252 14220
14254 7906
14256 13723
14257 15166
14258 5748
14261 9585
14262 1671
14263 13137
14266 12808
14269 12701
14270 5051
14272 16077
14273 196
14274 6836
14276 2423
14277 10853
14279 6298
14281 14837
14282 11682
14283 5893
14285 12261
14286 214
14289 12307
14290 6315
14291 1014
14292 12690
14293 12935
14294 5147
14298 10016
14299 10792
14301 4335
14305 442
14309 10718
14312 8839
14313 4982
14315 6525
14318 15491
14322 105
14323 4128
14326 8704
14331 8301
14333 1072
14334 7522
14336 7206
14339 1788
14342 2125
14343 12407
14344 5811
14348 11284
14350 8783
14352 1412
14355 15169
14356 15879
14357 6794
14358 9352
14360 9118
14362 1714
14365 12688
14366 14484
14368 12677
14369 13413
14371 14400
14372 15832
14374 12110
14375 6387
14378 15957
14387 2532
14388 4311
14391 7220
14392 2957
14395 16229
14399 11643
14400 15695
14401 66
14403 9443
14405 913
14406 9381
14408 6237
14410 10226
14411 10447
14412 3001
14413 10223
14414 4879
14415 14865
14420 7123
14421 10733
14422 6216
14423 13671
14424 8354
14426 8205
14427 4572
14431 835
14432 398
14435 12445
14438 11875
14440 16207
14442 14698
14443 3852
14446 15862
14447 210
14448 13946
14450 12065
14452 15892
14453 13277
14454 8109
14455 4293
14459 7108
14460 2588
14461 1313
14462 6569
14463 1913
14464 14362
14465 10416
14467 11956
14468 121
14469 226
14470 5842
14474 9558
14475 9878
14476 5019
14477 13190
14478 16252
14480 7653
14482 3037
14492 4647
14493 11319
14494 951
14497 1790
14499 2675
14500 3410
14501 15943
14502 3738
14503 3413
14506 6032
14508 3561
14509 12219
14511 3861
14512 15055
14513 3425
14514 10554
14518 12178
14519 8081
14521 11587
14523 9315
14524 13027
14527 11460
14528 4134
14529 5839
14530 8230
14531 1716
14533 2142
14534 7584
14537 2398
14538 13227
14542 384
14543 9004
14544 2867
14546 15196
14547 2
14550 4899
14551 10453
14552 9807
14556 7291
14558 12245
14560 7002
14562 13464
14565 6753
14566 15788
14567 7701
14572 4164
14574 7529
14575 8482
14576 3913
14578 6635
14580 12860
14581 4370
14584 13602
14585 5140
14587 11360
14589 8782
14592 6593
14593 15900
14594 2291
14595 6549
14597 7614
14598 11664
14599 7445
14600 16050
14602 8657
14604 3650
14605 5736
14609 4918
14610 7768
14611 5281
14613 8164
14615 6606
14616 14170
14617 13744
14618 7810
14619 3268
14620 8691
14622 11897
14623 11252
14625 8128
14628 12350
14629 15707
14630 6580
14631 6928
14633 13615
14634 6581
14636 11585
14637 8097
14641 3084
14642 362
14646 13491
14650 14387
14653 1075
14658 7555
14659 5268
14661 766
14663 16069
14664 7023
14666 2834
14667 4817
14668 2414
14671 9288
14672 10413
14673 5199
14676 14767
14677 5710
14679 10053
14680 5900
14681 8761
14683 6200
14685 6267
14687 16154
14688 443
14690 11977
14691 9614
14695 5647
14696 13610
14697 7904
14698 12006
14700 10406
14701 12528
14703 11433
14704 8583
14712 10305
14716 16248
14717 11865
14720 2075
14723 1317
14726 689
14729 11235
14732 1111
14737 5799
14738 12792
14741 755
14744 11191
14745 6265
14746 1598
14747 1729
14748 13890
14751 3292
14752 11883
14754 7156
14755 11640
14756 11248
14760 14647
14763 11950
14764 15108
14765 15190
14769 9480
14771 5149
14777 323
14779 4784
14780 7171
14783 1083
14784 15072
14787 246
14788 12695
14791 13550
14792 7706
14794 8378
14797 6570
14801 16193
14803 11493
14805 6937
14806 7296
14807 15679
14809 2027
14810 2635
14813 5612
14814 16082
14816 4485
14818 5223
14819 12734
14821 14868
14822 3310
14823 6586
14824 12982
14826 7146
14827 11304
14831 4494
14832 2350
14834 2378
14835 12092
14838 12075
14840 14499
14842 3497
14843 12982
14845 16026
14847 3359
14849 14860
14852 9409
14854 15726
14855 3954
14856 4585
14860 1701
14862 10408
14863 4457
14867 5448
14868 4249
14870 8186
14872 10350
14873 7792
14875 14562
14876 8456
14877 3747
14879 8517
14883 11091
14884 12851
14885 6516
14886 15836
14890 10554
14894 615
14895 15822
14899 3077
14900 15881
14902 4652
14904 6822
14906 9256
14907 15287
14909 12276
14910 8341
14911 14009
14915 9240
14916 15577
14917 7242
14920 7294
14922 10048
14923 15177
14924 2039
14926 11647
14927 12123
14929 11736
14930 14339
14932 9008
14935 8929
14936 11131
14937 10126
14938 13573
14939 2581
14940 11269
14944 819
14945 4747
14946 13077
14947 6558
14948 2806
14949 15805
14951 6771
14953 7868
14955 8960
14957 11861
14958 16111
14959 14701
14960 5901
14963 5915
14966 2944
14967 2664
14969 4622
14972 13334
14973 8023
14974 10701
14976 15658
14977 8500
14981 5403
14984 2753
14987 11625
14990 9935
14992 9797
14994 14451
14995 5552
14998 13173
15001 9964
15002 11984
15004 11062
15005 15868
15008 14821
15011 15091
15012 12750
15015 12889
15016 3702
15020 188
15022 12693
15025 15811
15026 4060
15027 13487
15029 5193
15030 15038
15031 11450
15034 13225
15035 10867
15036 5905
15038 13389
15040 3018
15041 14414
15044 6041
15045 7774
15046 7517
15047 6687
15048 8058
15050 4397
15051 10461
15056 4295
15058 3054
15059 4206
15060 1593
15061 1608
15062 11410
15063 9654
15066 542
15068 1317
15070 10002
15072 2633
15073 2543
15074 12102
15078 16009
15082 10053
15083 10889
15085 817
15087 4425
15089 7719
15090 2974
15091 3270
15094 2174
15100 6369
15101 4078
15105 5546
15106 14834
15107 14691
15111 1366
15112 4410
15113 12538
15114 16307
15115 11963
15118 15704
15120 11845
15121 15935
15123 7236
15126 13084
15127 13020
15129 3013
15130 10436
15131 3387
15134 10998
15137 6600
15138 6113
15140 14752
15141 14371
15143 2056
15145 15676
15146 12070
15149 14433
15151 3914
15153 12386
15155 3792
15163 11533
15165 4732
15167 14968
15168 15153
15170 11607
15171 8823
15176 9179
15177 1401
15178 1219
15182 2012
15183 7882
15185 1818
15187 5042
15188 13180
15193 11986
15194 8603
15195 12598
15196 12766
15198 14305
15199 4030
15200 13531
15201 922
15202 15697
15206 2897
15207 3144
15208 7877
15209 3377
15212 13185
15216 692
15223 6974
15224 3954
15225 382
15227 1698
15228 3010
15229 11393
15230 15786
15231 2953
15232 1715
15234 7972
15236 15286
15241 9139
15242 11697
15244 2792
15245 4941
15246 14670
15247 4222
15248 2377
15249 14278
15251 11602
15253 9862
15256 780
15257 747
15260 8357
15263 6405
15266 8429
15267 4829
15270 3723
15276 11091
15279 15833
15283 9331
15285 2373
15286 9620
15288 4401
15289 16138
15292 3237
15294 13648
15295 12362
15299 11621
15301 646
15303 14650
15304 12991
15306 7720
15307 7653
15308 2493
15309 14316
15311 14616
15312 7101
15313 3161
15314 10552
15315 1475
15316 6884
15317 5758
15319 10933
15322 5915
15323 603
15325 2210
15326 4043
15327 16190
15328 12041
15329 4156
15331 10209
15332 8126
15333 10477
15334 14556
15335 5734
15336 935
15338 14666
15339 1901
15340 3775
15341 13975
15342 16269
15344 969
15346 13383
15349 10692
15350 655
15351 11085
15353 12918
15355 14846
15356 8120
15357 3284
15361 1348
15363 11524
15364 3706
15365 13722
15369 7514
15370 12581
15371 76
15373 5045
15374 614
15375 229
15376 12651
15378 12703
15379 7070
15380 13743
15383 6863
15384 5272
15385 4217
15386 12507
15389 14915
15390 5621
15391 15677
15392 10195
15396 716
15397 5128
15398 16245
15399 1706
15400 5978
15403 12943
15404 13534
15408 364
15412 8364
15414 6752
15415 9767
15418 5106
15419 13825
15421 2495
15422 13251
15423 4303
15427 13929
15428 7500
15429 10570
15430 15955
15431 3558
15432 2278
15439 15443
15440 4536
15441 16112
15443 15248
15444 6293
15445 995
15447 3595
15448 11278
15450 13578
15456 14214
15458 10536
15460 266
15463 12202
15468 7787
15470 3563
15471 2884
15472 10269
15475 1269
15476 15008
15478 4607
15479 14426
15482 7241
15483 4157
15486 11119
15488 15612
15490 3905
15497 12029
15500 13483
15502 15912
15503 8847
15504 6854
15505 1280
15507 11548
15508 15063
15509 10922
15510 13349
15511 16120
15513 12520
15514 12098
15515 89
15519 12610
15521 10357
15522 3152
15523 158
15524 2718
15525 12752
15526 905
15531 11210
15532 6488
15534 6674
15535 6705
15539 203
15540 6796
15541 14857
15543 434
15544 10577
15546 15906
15550 13762
15551 2535
15555 3842
15556 8234
15558 11244
15559 5206
15564 7026
15565 8935
15566 5615
15567 2617
15571 9310
15572 10861
15574 6495
15575 3613
15576 11636
15577 9970
15578 2278
15579 1725
15580 10780
15581 3736
15583 11788
15584 5098
15586 13330
15589 8643
15590 2107
15592 6054
15594 8621
15595 1053
15596 9508
15597 6682
15598 7015
15599 671
15604 12587
15605 13822
15608 1450
15609 2896
15613 10395
15615 13746
15616 4661
15619 9274
15620 8461
15621 4024
15622 15877
15623 11211
15624 6072
15625 11539
15631 15465
15636 15982
15637 11192
15638 14222
15640 1209
15641 4880
15647 12894
15654 559
15655 12719
15663 8017
15665 15665
15667 8805
15670 11325
15671 8704
15672 1370
15676 10334
15677 5936
15682 12507
15683 15610
15685 7742
15686 2873
15687 11166
15688 823
15690 4342
15692 1033
15695 2954
15696 2705
15702 8631
15707 4458
15708 7777
15709 16051
15711 9116
15714 11342
15715 11456
15717 10227
15718 9558
15719 12105
15721 1186
15726 15521
15727 1971
15728 16045
15729 16261
15732 8304
15733 1342
15735 15878
15736 14290
15740 6807
15741 12176
15743 1891
15744 5998
15745 9149
15746 3417
15747 14993
15748 14110
15750 9367
15752 13361
15753 3322
15755 14874
15757 1795
15758 15564
15760 3988
15761 6082
15767 2530
15768 11789
15769 7774
15770 12805
15775 181
15776 1311
15781 788
15783 6407
15787 4813
15792 11310
15793 1018
15796 5084
15801 12370
15802 4270
15803 8677
15804 14342
15805 5996
15807 15806
15808 6125
15809 11748
15811 8993
15812 15198
15815 6764
15816 7898
15818 3412
15819 2736
15820 7251
15822 1282
15823 9494
15824 3250
15826 13571
15827 3097
15828 12064
15829 1177
15832 15556
15833 11518
15836 14771
15837 4063
15838 12837
15839 15528
15844 10114
15848 7644
15850 4218
15854 2118
15856 10843
15857 10639
15862 3098
15865 14301
15866 346
15867 1590
15870 13836
15871 10106
15873 9475
15874 793
15877 9882
15879 13794
15882 13041
15884 9845
15885 3355
15886 9598
15889 14235
15890 4484
15891 14130
15892 11856
15896 4079
15897 12100
15900 460
15902 2396
15904 6366
15905 3554
15909 7259
15910 13403
15911 13902
15914 1920
15915 1316
15916 10660
15920 13535
15923 865
15927 1903
15928 10526
15931 4371
15932 2524
15934 968
15937 16064
15939 4808
15945 8886
15947 9469
15948 4776
15949 14620
15953 8447
15954 10896
15955 13538
15956 11830
15957 10543
15958 2728
15961 5413
15966 5081
15967 8721
15969 5736
15970 801
15971 5663
15975 9308
15976 12166
15980 1716
15982 5874
15983 1188
15985 4257
15986 14851
15987 2709
15989 10288
15990 13191
15991 11148
15997 2341
15998 7602
15999 5281
16000 4141
16001 12017
16002 10906
16005 7871
16006 1149
16009 15358
16010 12239
16014 12663
16015 5714
16017 1070
16018 1457
16019 1336
16021 12079
16022 3948
16023 2461
16026 16301
16029 2778
16030 12475
16031 11985
16034 12167
16035 884
16037 438
16038 15180
16039 15653
16040 3967
16041 5142
16043 15973
16044 2453
16045 6577
16046 1640
16052 12279
16053 13855
16055 10603
16057 9356
16061 3463
16062 11644
16064 4700
16067 13866
16069 13140
16071 1243
16072 9935
16074 7306
16075 349
16076 15207
16077 13101
16079 115
16080 5189
16082 2555
16083 6124
16085 4761
16087 13806
16088 7149
16089 15155
16090 4846
16091 2661
16092 1325
16093 6077
16095 12380
16097 7448
16098 11580
16102 5246
16105 2082
16106 2322
16108 14776
16109 7826
16115 9578
16116 611
16117 9634
16118 13564
16120 15937
16121 15292
16122 12207
16128 13154
16129 9151
16130 1724
16131 10511
16135 1556
16136 5409
16137 418
16138 13256
16141 13767
16142 12018
16143 6970
16144 5648
16147 2932
16152 2656
16155 14236
16157 14540
16159 3571
16161 13894
16163 8474
16165 4280
16166 13159
16168 8711
16170 7387
16171 6255
16174 5105
16177 1691
16179 3069
16181 2559
16182 10451
16183 7801
16185 6766
16189 427
16193 8805
16195 13452
16200 8113
16205 13999
16207 12288
16210 13028
16211 10493
16212 6719
16213 3045
16216 11218
16218 3599
16220 10031
16221 12968
16226 3967
16227 8123
16228 2479
16229 5429
16231 12419
16232 15087
16233 3726
16236 11469
16237 2129
16238 10373
16239 5925
16240 9969
16241 9968
16242 5334
16243 11210
16246 15762
16247 8087
16253 479
16254 2937
16256 5383
16258 11323
16260 12403
16261 9280
16262 14213
16263 6262
16266 15353
16269 14589
16272 3444
16274 13829
16278 5082
16283 12039
16284 416
16287 12034
16288 7675
16290 76
16291 11305
16295 15678
16296 7761
16298 11755
16301 15527
16303 16102
16306 1232
16308 2157
16310 13089
16311 10246
16313 1140
16314 9343
16316 5153
16319 5604
16321 54
16323 5266
16324 1296
16325 2132
16329 7335
16330 4542
16332 10166
16334 5109
16335 7212
16336 13413
16337 12099
16339 5252
16341 4626
16343 5590
16346 1702
16347 581
16348 14936
16349 977
16350 6121
16352 3370
16353 868
16354 14586
16358 4770
16359 13202
16360 10996
16361 2690
16362 12633
16363 2617
16366 8730
16368 4297
16372 7141
16375 1481
16378 14576
16379 8485
16381 1249
16383 10048
