15 1638
0
3
18
31
42
78
88
98
105
111
120
130
135
196
203
208
210
272
288
341
377
427
436
437
438
455
480
523
546
559
583
610
614
619
638
679
696
710
725
731
776
800
805
807
814
816
877
879
998
1005
1019
1027
1058
1074
1081
1087
1088
1102
1135
1152
1195
1198
1208
1227
1244
1260
1266
1278
1307
1339
1357
1372
1392
1394
1407
1462
1500
1507
1512
1518
1522
1560
1591
1600
1656
1670
1731
1749
1779
1784
1785
1814
1817
1820
1829
1831
1851
1880
1883
1961
1978
1981
1985
2000
2007
2033
2035
2037
2070
2073
2079
2080
2082
2124
2154
2168
2177
2180
2186
2210
2238
2253
2268
2283
2327
2339
2340
2348
2351
2371
2374
2404
2449
2450
2495
2524
2525
2560
2586
2591
2606
2609
2669
2681
2685
2692
2726
2735
2738
2739
2756
2768
2780
2794
2811
2814
2825
2838
2840
2852
2859
2925
2953
2962
3032
3033
3045
3062
3111
3122
3131
3139
3156
3160
3172
3177
3183
3204
3229
3266
3286
3297
3314
3356
3371
3379
3380
3386
3402
3420
3439
3440
3486
3493
3508
3519
3527
3542
3549
3570
3592
3594
3626
3635
3642
3654
3659
3661
3742
3803
3826
3835
3845
3854
3855
3858
3859
3875
3878
3896
3901
3942
3972
3974
3980
3982
3998
4001
4012
4016
4092
4116
4124
4144
4197
4220
4229
4252
4290
4291
4323
4373
4378
4390
4428
4446
4447
4471
4502
4520
4524
4551
4563
4609
4628
4629
4639
4640
4652
4653
4685
4769
4784
4786
4793
4804
4808
4824
4830
4905
4951
4960
4983
5019
5029
5039
5054
5072
5100
5101
5105
5113
5158
5163
5187
5195
5198
5200
5206
5212
5225
5257
5272
5283
5285
5300
5305
5313
5338
5384
5400
5401
5427
5440
5505
5522
5537
5563
5573
5575
5576
5585
5586
5589
5599
5611
5640
5644
5663
5683
5685
5709
5719
5777
5782
5783
5788
5840
5909
5924
5958
5969
5971
6006
6028
6055
6167
6224
6251
6260
6267
6274
6324
6339
6351
6373
6421
6448
6485
6494
6501
6502
6514
6572
6588
6635
6663
6714
6744
6766
6797
6806
6820
6835
6840
6864
6870
6920
6947
6993
6994
7012
7054
7070
7097
7168
7181
7217
7218
7291
7333
7339
7361
7369
7410
7428
7448
7458
7471
7499
7511
7535
7544
7549
7582
7606
7609
7654
7660
7663
7682
7706
7722
7733
7734
7752
7788
7792
7807
7811
7824
7878
7916
7934
7943
7959
7961
8034
8040
8088
8102
8135
8143
8159
8168
8186
8223
8239
8261
8267
8310
8366
8382
8410
8422
8460
8536
8556
8559
8570
8595
8626
8690
8723
8725
8726
8736
8737
8749
8787
8801
8810
8811
8815
8822
8845
8859
8862
8888
8908
9017
9018
9021
9043
9067
9074
9107
9119
9123
9148
9149
9152
9197
9212
9216
9241
9264
9287
9299
9306
9316
9321
9331
9340
9369
9400
9402
9411
9416
9418
9434
9456
9479
9514
9527
9546
9569
9587
9597
9622
9649
9695
9712
9765
9771
9825
9884
9885
9901
9906
9945
10007
10025
10037
10069
10082
10087
10106
10132
10169
10178
10184
10185
10203
10213
10216
10282
10292
10297
10317
10340
10341
10356
10382
10414
10415
10426
10439
10453
10454
10506
10526
10540
10577
10581
10593
10602
10625
10648
10654
10674
10683
10698
10701
10720
10738
10750
10751
10767
10778
10782
10811
10837
10841
10842
10848
10866
10875
10881
10884
10892
10904
10922
10961
11011
11018
11023
11031
11058
11072
11082
11123
11127
11139
11143
11144
11152
11206
11213
11255
11273
11286
11324
11347
11370
11380
11454
11528
11567
11576
11586
11602
11671
11673
11688
11716
11731
11792
11804
11819
11823
11826
11829
11841
11843
11864
11874
11892
11898
11900
11901
11929
11937
11958
11975
11982
11983
12008
12009
12014
12061
12100
12126
12137
12148
12149
12169
12195
12208
12221
12229
12316
12326
12331
12363
12368
12391
12414
12438
12462
12471
12480
12486
12528
12563
12564
12567
12572
12578
12579
12596
12608
12609
12630
12681
12727
12730
12783
12807
12817
12847
12851
12896
12918
12932
12936
13037
13040
13054
13081
13129
13195
13198
13200
13203
13221
13227
13253
13257
13311
13328
13345
13363
13372
13403
13421
13445
13464
13471
13482
13499
13546
13566
13571
13582
13605
13607
13635
13636
13666
13672
13676
13707
13721
13722
13725
13730
13732
13753
13763
13765
13792
13814
13842
13849
13875
13877
13880
13891
13902
13909
13954
13990
14066
14104
14114
14127
14177
14249
14274
14277
14282
14286
14331
14342
14350
14369
14387
14414
14446
14465
14478
14482
14514
14534
14560
14599
14600
14602
14620
14641
14653
14671
14679
14680
14681
14688
14701
14716
14720
14723
14745
14763
14788
14797
14801
14819
14840
14876
14877
14922
14923
14944
14995
15025
15027
15048
15062
15070
15078
15083
15127
15143
15177
15194
15209
15227
15244
15248
15311
15314
15319
15323
15385
15412
15418
15441
15479
15525
15534
15550
15571
15581
15596
15599
15619
15620
15625
15640
15647
15741
15760
15776
15801
15812
15816
15822
15824
15854
15866
15874
15882
15934
15957
15971
15986
16000
16001
16021
16022
16031
16034
16046
16092
16108
16120
16161
16181
16246
16288
16298
16358
16362
16395
16440
16445
16451
16460
16480
16481
16494
16521
16526
16531
16536
16569
16572
16576
16580
16581
16592
16609
16618
16619
16637
16653
16681
16682
16687
16688
16704
16716
16729
16756
16770
16779
16783
16802
16816
16823
16830
16846
16847
16882
16885
16947
16976
16995
17031
17034
17038
17107
17112
17150
17180
17189
17221
17265
17268
17280
17298
17320
17345
17375
17379
17393
17463
17510
17568
17630
17632
17637
17678
17680
17688
17714
17728
17773
17805
17818
17844
17855
17873
17890
17918
17930
17970
17978
18019
18020
18083
18114
18119
18137
18142
18150
18192
18197
18210
18225
18231
18283
18287
18289
18306
18308
18323
18345
18355
18385
18412
18417
18452
18459
18503
18508
18510
18526
18558
18564
18616
18623
18624
18654
18665
18676
18699
18703
18709
18722
18758
18766
18811
18835
18843
18846
18896
18901
18914
18966
18991
19053
19055
19057
19080
19083
19112
19123
19136
19203
19216
19228
19242
19249
19269
19289
19297
19310
19352
19359
19370
19403
19411
19416
19430
19431
19474
19490
19506
19545
19580
19584
19591
19603
19608
19614
19616
19650
19667
19691
19695
19717
19726
19775
19784
19792
19814
19832
19856
19865
19878
19918
20023
20032
20035
20040
20060
20062
20067
20075
20085
20086
20115
20116
20120
20127
20130
20135
20140
20149
20182
20195
20196
20223
20235
20239
20260
20272
20277
20281
20291
20321
20338
20361
20395
20444
20451
20501
20525
20526
20558
20568
20576
20624
20642
20655
20689
20705
20726
20727
20731
20733
20741
20758
20768
20771
20791
20825
20850
20861
20868
20876
20959
20986
21043
21060
21094
21119
21147
21209
21225
21235
21242
21287
21376
21385
21386
21389
21404
21419
21427
21460
21473
21478
21481
21488
21507
21524
21542
21616
21620
21631
21651
21677
21681
21698
21702
21714
21745
21746
21807
21808
21820
21832
21843
21849
21893
21912
21930
21946
21948
21952
22008
22042
22075
22100
22107
22124
22214
22239
22253
22255
22259
22291
22326
22338
22362
22382
22409
22437
22439
22520
22530
22559
22597
22664
22666
22668
22703
22721
22780
22828
22856
22884
22903
22933
23043
23095
23108
23109
23155
23157
23241
23259
23298
23315
23325
23346
23350
23352
23361
23370
23392
23457
23466
23504
23521
23531
23592
23627
23748
23758
23836
23861
23871
23906
23907
23922
23926
23977
23982
24004
24030
24049
24066
24071
24082
24093
24109
24118
24161
24171
24227
24236
24248
24250
24254
24269
24297
24305
24315
24317
24341
24356
24410
24431
24505
24512
24530
24534
24544
24568
24585
24617
24618
24681
24723
24767
24773
24826
24862
24875
24879
24884
24926
24947
24960
24962
24975
24987
25017
25026
25087
25088
25091
25122
25151
25156
25157
25187
25196
25233
25249
25274
25296
25310
25316
25331
25347
25356
25367
25373
25383
25386
25388
25403
25444
25481
25482
25499
25507
25541
25555
25565
25608
25617
25628
25636
25654
25661
25700
25707
25751
25787
25791
25824
25876
25895
25898
25907
25924
25927
25931
25941
25970
25995
26029
26036
26108
26123
26131
26133
26207
26211
26250
26294
26325
26334
26357
26400
26440
26444
26535
26539
26563
26564
26567
26644
26664
26721
26830
26863
26889
26899
26914
26925
26931
26932
26964
26985
27034
27035
27049
27108
27175
27202
27234
27237
27302
27411
27468
27477
27521
27538
27539
27562
27651
27652
27654
27661
27691
27699
27738
27745
27767
27790
27810
27829
27834
27840
27856
27867
27879
27883
27902
27905
27907
27926
27928
27947
27952
27980
27983
28008
28010
28017
28019
28035
28058
28067
28132
28146
28156
28159
28176
28179
28182
28183
28206
28224
28253
28296
28305
28319
28338
28362
28409
28421
28431
28473
28477
28496
28500
28523
28534
28540
28678
28692
28710
28738
28748
28772
28780
28797
28843
28887
28896
28910
28975
28984
29022
29024
29025
29043
29057
29077
29078
29104
29115
29163
29180
29193
29238
29305
29306
29340
29341
29352
29354
29386
29461
29469
29476
29479
29506
29539
29564
29615
29635
29655
29670
29699
29702
29707
29715
29738
29748
29754
29809
29810
29816
29823
29865
29867
29909
29911
29926
29947
29954
30007
30017
30027
30082
30110
30113
30123
30147
30152
30158
30202
30282
30292
30293
30311
30312
30318
30324
30355
30361
30422
30440
30472
30492
30498
30503
30507
30517
30530
30540
30559
30566
30619
30627
30657
30673
30783
30785
30787
30792
30819
30822
30834
30878
30897
30907
30908
30922
30927
30956
30971
31026
31084
31131
31136
31172
31175
31176
31211
31259
31284
31290
31299
31308
31314
31333
31342
31374
31386
31395
31400
31434
31490
31569
31650
31663
31670
31676
31679
31691
31707
31715
31716
31722
31749
31755
31759
31764
31775
31776
31782
31784
31807
31813
31840
31852
31891
31897
31968
31974
31988
31992
31999
32005
32008
32039
32051
32056
32061
32093
32101
32131
32187
32284
32304
32312
32331
32339
32353
32360
32367
32375
32393
32446
32460
32473
32531
32549
32552
32563
32597
32600
32611
32627
32658
32709
32730
32744
32763
