15 1500
90 22756
124 27097
137 4008
138 1881
139 1829
200 17969
216 25543
230 27802
237 8012
241 2682
258 28809
264 22695
272 19757
281 24746
284 28522
315 15346
339 30788
348 12024
367 15173
431 15937
455 17032
469 5073
475 12110
511 24203
539 14243
546 24241
570 1676
574 13536
583 10295
589 2605
625 2018
631 284
684 29702
692 6026
702 2165
709 31531
717 23996
723 27708
770 26565
794 32008
815 30391
865 22606
907 21936
929 17380
939 14584
1007 17690
1010 32726
1025 12605
1058 29714
1086 15131
1091 28542
1094 13978
1108 20204
1118 7885
1159 5414
1178 1679
1196 32126
1237 7090
1257 15216
1301 9654
1348 9695
1388 17234
1409 9938
1418 6629
1451 23260
1456 12103
1481 5392
1531 14488
1553 7044
1572 31958
1579 13729
1590 4667
1593 21796
1601 2897
1634 22047
1636 3613
1664 20587
1690 22005
1745 16218
1748 17533
1769 4368
1787 11992
1831 31511
1871 24572
1898 19877
1946 4157
2056 26252
2132 19236
2146 11247
2162 8700
2248 28890
2284 20942
2287 25934
2308 6060
2311 27571
2335 16426
2361 18163
2365 196
2397 30915
2442 25207
2445 32154
2486 11876
2520 29874
2530 21182
2540 14773
2568 19153
2573 24795
2611 2592
2711 8390
2716 8245
2718 20125
2738 12758
2767 20238
2789 18868
2806 4563
2817 7347
2827 23026
2876 30815
2899 26583
2921 1505
3035 6747
3063 22705
3069 22448
3100 32681
3146 28765
3150 17251
3209 16339
3250 14161
3263 17447
3277 14486
3330 6600
3341 16833
3345 26362
3349 3707
3358 5248
3378 8367
3388 22860
3435 30043
3484 10959
3492 31251
3518 5521
3531 31084
3548 11241
3550 25759
3561 17185
3573 15804
3581 338
3623 7443
3636 13851
3655 26922
3704 8948
3748 20598
3749 16859
3750 31396
3755 20511
3779 12857
3791 15880
3810 4083
3811 27018
3823 559
3924 18569
3934 850
3958 17393
3967 12164
4040 4557
4042 22641
4045 20531
4048 27418
4056 19916
4069 31491
4091 25901
4098 25437
4113 29807
4115 4374
4145 18428
4179 14224
4204 20179
4210 18767
4238 21667
4295 1262
4300 12921
4303 30616
4349 21861
4361 29780
4371 29244
4378 9604
4430 9869
4444 12356
4483 13687
4502 4119
4511 12916
4522 32257
4530 4970
4547 30309
4592 11653
4594 9527
4598 20182
4624 32184
4639 4177
4663 7330
4678 30907
4695 30078
4760 0
4763 27947
4781 1685
4787 18428
4792 9403
4794 21864
4863 4427
4905 31071
4915 23126
4929 17348
4934 28919
4936 12219
4940 14361
5008 25395
5057 21824
5058 24230
5121 4984
5141 2743
5194 28350
5202 17900
5212 2232
5214 552
5219 15441
5244 13885
5250 10079
5367 2855
5372 13302
5374 14257
5397 10185
5466 11441
5529 11567
5553 10185
5566 6620
5578 13252
5598 28614
5605 16024
5607 2348
5611 273
5618 14327
5636 25475
5645 17622
5651 10478
5665 4926
5720 31983
5730 3105
5776 26750
5784 23445
5821 8089
5826 29494
5828 19027
5855 25989
5915 31726
5930 19579
5935 8662
5945 12844
5947 29659
5963 11517
5974 26146
5982 11148
5993 21703
6022 4819
6042 22715
6080 31888
6095 11440
6113 3200
6130 27734
6166 27464
6169 5548
6202 28008
6241 9023
6249 31023
6255 12862
6327 19501
6338 3182
6392 12077
6420 22606
6428 29932
6430 2754
6456 30696
6487 26658
6506 21782
6510 23917
6531 25617
6624 8593
6691 32580
6692 5693
6697 5484
6699 11329
6706 31839
6708 16632
6748 264
6761 3890
6768 6580
6785 32153
6791 15330
6815 9780
6917 27119
6936 10026
6963 15328
6990 22359
6993 19049
7008 13584
7053 2453
7077 5782
7090 16766
7113 14530
7167 28389
7171 13930
7179 17285
7190 26317
7195 7821
7223 6299
7245 17466
7292 670
7359 14892
7433 17278
7450 6363
7500 20377
7542 28608
7554 5434
7587 4241
7592 28872
7594 9324
7599 10821
7615 28257
7631 24655
7635 20601
7637 22609
7639 1913
7661 3162
7665 12200
7785 20963
7802 16746
7807 14654
7820 26745
7837 744
7848 29184
7849 22366
7860 14674
7905 13701
7929 15915
7931 22495
7935 20000
7958 614
7973 23165
7977 2125
7978 17892
7992 29528
8007 22502
8050 13732
8107 2194
8145 26743
8186 9837
8214 11519
8229 4797
8234 5326
8238 3406
8268 25398
8332 27935
8334 5319
8401 28560
8404 7368
8407 26282
8429 12538
8464 22022
8503 20260
8538 13282
8593 18438
8629 9858
8647 27957
8650 32140
8713 25774
8726 17684
8736 19372
8755 26388
8800 8082
8836 21497
8850 11512
8885 4842
8932 11231
8946 25245
8954 7037
8962 5207
8964 2314
8983 18556
8987 10004
9002 7640
9035 21962
9051 2634
9063 2808
9158 27281
9169 31195
9185 10176
9190 20796
9229 10965
9272 32198
9300 8288
9308 24248
9351 17868
9368 18146
9402 19437
9429 17240
9475 11152
9513 4353
9541 3845
9562 4772
9574 12435
9575 25342
9578 16285
9587 17278
9593 3806
9601 8762
9622 24315
9628 9013
9635 11076
9643 10103
9653 19017
9679 18716
9681 32065
9714 21651
9717 21524
9759 26578
9787 20078
9794 31700
9808 14606
9852 31044
9892 31130
9899 22894
9907 22524
9909 16231
9915 8273
9978 9193
10006 703
10083 19425
10090 13546
10105 4548
10114 24198
10115 25982
10129 29891
10141 7715
10145 10492
10152 929
10177 16477
10190 2039
10232 9942
10234 27553
10235 12142
10239 28959
10240 13501
10279 11439
10315 17842
10328 2258
10337 5249
10340 5153
10348 1190
10352 19856
10356 3429
10363 32321
10378 9982
10415 25953
10416 15784
10425 18255
10426 2378
10443 16487
10445 4913
10452 15924
10454 21036
10498 29111
10561 9138
10581 18159
10592 4058
10598 19630
10694 19088
10699 20535
10707 21669
10715 29030
10723 15320
10724 1043
10752 25221
10787 28821
10794 12482
10820 10295
10849 31079
10875 17732
10902 15448
10903 32270
10911 4820
10914 18877
10934 31823
10954 14802
10963 12062
10985 14839
10989 290
11024 14440
11028 31326
11054 5203
11063 30365
11129 19594
11142 1546
11148 6735
11150 4985
11161 5604
11176 26366
11183 24073
11187 26139
11217 15267
11243 20335
11247 8691
11257 16311
11282 12788
11284 4744
11290 28793
11311 23084
11317 3056
11358 13757
11361 5764
11367 2558
11376 18577
11383 24642
11389 1613
11390 612
11391 3936
11392 16452
11417 902
11452 18377
11459 15010
11490 6105
11521 15974
11532 1837
11546 7651
11562 22709
11603 6822
11605 13255
11637 16307
11649 30896
11659 6626
11661 31575
11706 18463
11712 15317
11737 15118
11753 31252
11768 20061
11772 11143
11800 21568
11808 23117
11824 24901
11825 27332
11854 25675
11874 10710
11889 19206
11893 27288
11899 11322
11925 23143
11942 10972
11993 12224
12003 8752
12045 25983
12063 18329
12106 24726
12124 27820
12125 25980
12129 14667
12131 1874
12184 6467
12233 30975
12242 2
12244 13093
12276 29782
12387 18466
12396 28410
12413 12132
12434 16950
12451 15704
12496 23275
12549 5750
12557 6053
12561 15408
12594 314
12616 31729
12617 26119
12628 19521
12634 26249
12638 4673
12702 9896
12742 4454
12750 16898
12751 18648
12782 30437
12797 2459
12799 10606
12807 25489
12824 28440
12838 25273
12903 27363
12939 2139
12959 23480
12974 27366
12987 15233
13036 20494
13051 13064
13085 10875
13103 32626
13105 30014
13182 26579
13183 23134
13410 2996
13424 32633
13476 5774
13477 3310
13538 31594
13544 31893
13554 22831
13611 25075
13672 3799
13675 32727
13689 29529
13690 20697
13696 18607
13698 27198
13724 23156
13737 29213
13780 19919
13781 18828
13794 21719
13802 14515
13803 20968
13812 12431
13839 9113
13855 3433
13861 158
13869 22177
13922 14308
13952 16
13957 19423
13961 8120
13970 23150
13976 22419
13992 7985
14059 28925
14063 25729
14091 6811
14093 28050
14100 15793
14107 31886
14123 31849
14133 15752
14143 28648
14172 19778
14204 1592
14277 23078
14309 10167
14318 30805
14323 10230
14386 28995
14403 19756
14469 24745
14486 17195
14534 32188
14558 1090
14617 20628
14668 32346
14683 23267
14696 2169
14707 32362
14722 9922
14755 10289
14763 22745
14809 32341
14813 18274
14826 18902
14827 25302
14835 25085
14840 14184
14897 8327
14961 24203
15011 13266
15044 24080
15055 20083
15092 276
15100 25672
15126 10394
15138 10443
15162 23709
15171 20624
15175 6671
15183 10698
15239 12601
15242 23866
15277 10118
15289 13691
15330 11727
15340 9696
15349 4190
15360 13896
15361 9290
15382 14112
15405 24185
15431 32035
15439 13685
15462 9691
15478 18169
15497 6219
15513 2008
15520 32354
15527 14547
15538 26211
15570 12852
15572 5859
15590 13527
15629 13128
15639 31531
15651 23921
15677 23572
15771 22472
15787 11777
15789 30243
15790 402
15837 24378
15852 21341
15859 10520
15893 5301
15902 300
15922 20216
15941 9491
15958 14196
15962 29507
15966 23603
16041 5613
16052 28774
16106 4520
16128 15304
16158 14176
16205 10739
16226 17312
16234 13762
16246 25286
16249 10756
16261 26614
16270 31145
16300 24283
16311 6974
16332 29908
16358 15436
16367 30546
16417 19613
16457 27213
16490 28021
16492 20015
16533 18823
16580 16595
16611 30536
16623 24124
16635 16895
16661 17984
16674 847
16675 31092
16696 14723
16698 24450
16700 3937
16815 10730
16820 28970
16844 19242
16856 24906
16882 6941
16904 3786
16912 5900
16947 32228
16961 14542
16963 32514
16976 30605
17051 6057
17059 6720
17074 27746
17114 21493
17122 4499
17132 14591
17153 15938
17173 32520
17186 1838
17210 1993
17218 16347
17251 32374
17293 26117
17299 475
17309 17591
17327 26964
17357 31567
17381 32314
17413 18646
17422 2736
17435 10276
17508 14848
17510 21978
17525 2414
17582 21790
17589 25765
17598 8314
17602 21250
17609 7539
17625 8060
17712 19087
17727 13597
17744 14781
17764 14065
17766 2322
17767 19280
17784 28656
17819 18261
17835 19032
17890 30495
17892 20254
17893 2612
17914 30101
17917 13604
17958 3087
18004 14924
18013 7800
18036 1886
18041 14471
18044 26447
18046 4622
18073 24747
18108 8527
18112 26601
18140 27162
18191 30317
18204 19598
18250 2708
18276 18799
18295 27137
18324 10769
18344 5119
18366 7966
18439 25550
18450 19184
18458 10289
18472 12062
18481 15073
18484 28550
18494 31094
18533 12800
18544 16036
18547 938
18557 10133
18567 29640
18585 4025
18590 25058
18603 4673
18618 5911
18666 6761
18681 31120
18687 10534
18695 31508
18747 6879
18801 4367
18804 25902
18822 4429
18863 23965
18949 28611
18953 23228
18954 18334
18961 6612
18965 28347
18987 26301
18994 32162
19014 14764
19017 3822
19027 11456
19031 29837
19047 32372
19065 9782
19074 9869
19147 15640
19164 10721
19166 20002
19178 12513
19197 14746
19201 12292
19235 17186
19261 20658
19269 19053
19300 15538
19332 31192
19340 17794
19361 22417
19403 2791
19410 10928
19473 26846
19480 26756
19490 6771
19507 17307
19565 12322
19576 13383
19631 12886
19678 5855
19688 12777
19696 27650
19701 9677
19738 24233
19796 24719
19816 9281
19844 1248
19850 1820
19876 24922
19895 11969
19900 21823
19943 4667
20010 26715
20028 1347
20040 21853
20046 14605
20131 20401
20135 4623
20138 13029
20169 5427
20177 27040
20241 15820
20251 16355
20252 21119
20261 9808
20264 23127
20297 5658
20301 22131
20321 3742
20334 18544
20359 27986
20363 16520
20387 13427
20411 4896
20471 7985
20493 5378
20499 14177
20504 9233
20517 7199
20553 6331
20564 21202
20617 29022
20621 10998
20628 15150
20659 30369
20685 83
20711 29755
20717 18002
20861 4706
20862 10017
20921 23429
20990 31747
21009 25837
21013 7017
21097 20098
21099 2878
21107 30144
21109 25756
21146 25009
21202 1118
21219 11532
21249 20227
21260 17638
21280 24959
21293 25123
21348 25624
21353 30338
21355 6533
21369 2089
21389 4769
21419 12864
21444 23292
21450 1023
21460 23863
21470 5674
21477 31392
21480 23946
21501 2661
21506 16627
21507 28653
21534 12678
21549 7288
21563 27632
21573 5748
21575 14305
21608 14962
21611 8626
21638 11681
21648 7950
21658 867
21665 12800
21758 19482
21770 21094
21808 30438
21876 11674
21941 13450
21949 23294
21956 9244
21976 19983
22002 25384
22016 14013
22024 79
22030 15908
22063 15036
22087 23942
22088 21582
22095 13660
22098 15121
22107 24243
22187 30287
22198 11006
22221 4154
22231 4808
22260 5870
22276 9902
22293 19113
22330 20832
22348 18528
22363 30795
22381 28782
22413 19395
22415 10827
22427 15496
22431 7721
22443 8497
22449 27170
22455 21171
22460 31792
22471 3646
22473 8386
22480 24408
22518 17659
22520 8466
22542 7548
22571 32695
22572 32408
22596 29130
22608 13588
22620 14761
22668 20605
22678 11107
22679 25767
22685 24759
22714 15915
22764 31637
22791 1893
22810 2261
22811 19701
22841 20421
22874 288
22880 15715
22889 7048
22892 11115
22956 31212
22974 14770
23004 19612
23092 25614
23117 3173
23125 18636
23131 29261
23137 11560
23218 10276
23273 14152
23288 20026
23308 17824
23353 14080
23382 19666
23414 14186
23434 27668
23438 1660
23456 2024
23478 6007
23501 27427
23505 26783
23508 21923
23524 26297
23529 28677
23555 24184
23576 13230
23586 16330
23629 24472
23633 28946
23643 23379
23653 2819
23659 27390
23661 5381
23716 22431
23728 20236
23733 8554
23740 8300
23795 16729
23807 20114
23808 18576
23821 30882
23843 7372
23858 3633
23911 12194
23971 27039
23996 17819
24021 7094
24025 28699
24041 19843
24044 13101
24047 23358
24059 13859
24065 2256
24081 16887
24085 9768
24091 26440
24096 30118
24114 26098
24155 18144
24158 26296
24195 16709
24216 20963
24217 20918
24234 22090
24236 10627
24255 8386
24278 30645
24306 18927
24314 25116
24321 17991
24397 4735
24410 23230
24432 25364
24433 8368
24469 2656
24480 19635
24485 26188
24527 9750
24531 15566
24538 13263
24544 22851
24547 6156
24550 27122
24552 25108
24563 23044
24630 4122
24637 18780
24640 20394
24657 30221
24675 4157
24686 13922
24700 14162
24744 25120
24746 2072
24774 3485
24781 2979
24785 10458
24797 1362
24815 21906
24829 2806
24861 19353
24869 26642
24885 26036
24902 11949
24915 2242
24933 28692
24982 31584
24984 28430
24999 5674
25004 14382
25052 8926
25096 28526
25118 20539
25128 3280
25148 20866
25173 10815
25185 7403
25196 6878
25282 31209
25283 4856
25310 11035
25316 12363
25327 19018
25332 3388
25336 14435
25419 22503
25459 6367
25476 24893
25492 23865
25532 28274
25571 27700
25572 10451
25581 22148
25585 20968
25588 22400
25628 24390
25636 16893
25643 21217
25648 20053
25671 22567
25688 2831
25723 28979
25734 18325
25743 23370
25748 32259
25750 6423
25812 1417
25841 6894
25863 13302
25865 32626
25866 11750
25910 24337
25915 12221
25946 30769
25971 27725
25972 26656
25973 20504
25991 1325
26007 18782
26067 11602
26078 29599
26131 13714
26168 22053
26229 18979
26256 1914
26282 11685
26292 10601
26297 18807
26318 134
26321 30654
26329 8607
26339 2966
26366 26865
26416 26932
26441 26336
26446 26357
26465 588
26480 27754
26486 483
26541 13890
26573 27612
26579 12234
26598 5459
26604 7066
26630 10235
26634 417
26659 954
26691 30739
26703 1742
26714 19736
26716 9573
26727 31341
26775 682
26820 31626
26834 17552
26840 2597
26848 10544
26862 28153
26901 21404
26904 10678
27038 26040
27048 30011
27112 13644
27117 20137
27129 24176
27197 7213
27214 13726
27221 24764
27223 2199
27275 14210
27283 5886
27297 29811
27308 26444
27344 11345
27374 4109
27421 3911
27464 11762
27471 5064
27494 1882
27520 13504
27534 24800
27583 11456
27611 12077
27627 25483
27698 10314
27706 29629
27721 28080
27757 20858
27760 25015
27804 16716
27815 31537
27826 18287
27850 13960
27856 12413
27917 5656
27933 5368
27965 19626
27980 19383
27990 30132
27993 21825
28004 825
28012 3250
28042 18869
28048 27269
28058 14595
28078 22978
28079 31180
28113 26358
28157 28042
28179 294
28200 7094
28209 20075
28231 11750
28237 19172
28255 12790
28260 22065
28280 16033
28283 8102
28304 10155
28316 8280
28357 24818
28379 8924
28380 26567
28385 6010
28447 21338
28461 32224
28492 11378
28503 8196
28512 18839
28521 8742
28588 30022
28592 19664
28616 11992
28618 16123
28677 14165
28683 26588
28705 6333
28713 12577
28718 20178
28729 1608
28731 12871
28740 27272
28770 21683
28807 24622
28830 13676
28906 1705
28930 13919
28941 29710
28942 9807
29004 24074
29030 5222
29054 1857
29064 231
29128 31790
29151 7868
29166 21569
29195 31246
29233 19246
29274 29765
29283 17317
29285 27989
29300 27019
29302 4213
29319 7213
29333 10374
29362 18378
29371 1033
29372 16708
29403 30955
29446 21211
29454 18316
29473 11058
29517 15716
29536 7231
29557 2912
29588 29392
29666 8936
29669 16831
29698 26334
29756 18743
29809 8138
29831 31557
29833 20600
29851 8369
29895 30579
29903 28468
29985 29938
30011 29057
30038 14947
30058 26935
30077 13606
30096 10168
30148 21187
30162 17819
30202 17381
30251 31561
30258 3429
30270 18415
30285 15501
30320 1616
30321 6858
30363 1049
30385 12674
30396 22574
30446 8280
30449 15587
30483 19199
30498 17216
30504 32418
30523 12765
30557 3191
30565 7788
30568 11554
30613 23792
30614 16157
30646 9365
30755 19492
30783 13327
30816 5654
30830 1671
30836 7495
30863 19260
30916 11839
30945 28682
30966 4311
30974 29221
30978 27475
31022 7740
31040 14868
31051 10209
31100 9356
31162 21726
31191 11258
31194 22031
31202 11533
31249 19539
31275 4850
31294 30732
31319 3987
31329 4500
31398 10729
31419 7179
31424 12289
31434 22284
31501 30971
31513 28446
31590 31649
31591 17695
31603 9006
31612 4536
31628 19367
31671 16501
31709 23796
31746 31206
31832 12415
31834 28108
31866 27659
31880 7122
31888 3080
31897 9759
31906 17331
31917 12437
31920 31486
31949 28590
31981 1700
31984 10251
31996 15361
31997 6550
32005 8215
32022 19348
32039 11050
32053 18944
32056 26527
32061 23339
32071 8460
32104 24730
32134 19018
32159 7342
32170 9658
32197 28024
32255 11878
32258 29025
32261 11757
32279 2906
32289 27463
32291 24172
32307 31014
32314 22355
32389 31294
32396 1327
32405 32114
32416 15858
32428 13764
32465 30832
32468 11680
32470 15464
32503 8315
32530 27041
32537 22014
32562 16530
32566 13621
32589 296
32595 2707
32603 7381
32667 23636
32679 11167
32694 32111
32720 9886
32731 18509
32740 9001
