10 500
0 7
1 0
2 3
3 4
5 6
6 3
7 6
8 3
10 3
11 4
13 4
14 3
20 9
22 7
25 2
26 5
28 8
34 9
35 0
41 2
45 4
51 7
56 6
58 5
59 7
60 1
62 3
67 3
68 3
71 8
73 5
74 1
75 0
77 8
78 7
80 6
81 3
84 5
88 0
92 8
94 0
97 4
98 1
99 1
102 3
103 5
105 9
108 3
110 4
112 1
113 5
114 0
115 8
116 3
119 5
122 6
124 5
125 9
126 9
128 0
133 7
134 6
135 3
137 7
138 6
139 1
144 5
148 0
149 6
150 5
153 0
154 8
155 1
157 2
158 2
161 6
163 9
164 1
167 0
170 4
175 2
176 7
178 4
179 0
185 3
186 2
188 8
191 0
194 3
195 7
196 0
198 0
199 3
201 4
202 9
205 2
208 7
210 4
212 2
213 5
214 2
215 4
216 4
217 3
222 8
224 6
225 0
226 8
230 9
232 2
233 2
234 3
236 1
237 8
238 3
239 4
240 2
241 2
246 4
248 5
251 1
252 7
254 5
255 7
258 1
259 6
260 9
261 8
265 1
266 3
269 3
270 3
272 7
273 9
277 8
278 6
279 7
281 0
282 4
284 8
287 4
289 8
291 1
293 6
297 8
302 5
306 2
309 1
311 9
312 9
314 6
315 0
316 6
317 4
324 9
325 9
326 0
328 8
329 9
332 3
336 1
339 4
342 8
345 9
346 6
348 7
349 7
350 3
356 7
357 1
358 2
359 2
360 1
362 5
364 0
367 9
369 0
373 4
374 0
377 1
380 3
382 7
385 4
386 1
388 1
391 3
394 0
401 3
406 2
409 1
411 7
414 5
419 6
420 5
423 4
424 2
425 2
426 1
427 7
428 2
429 4
431 1
434 6
436 5
437 7
444 8
445 5
446 9
447 2
451 7
453 3
454 6
455 4
459 7
463 9
465 7
467 2
468 2
469 1
471 6
472 3
473 0
474 2
476 1
483 5
484 6
485 5
487 0
488 0
489 3
490 4
491 6
492 6
493 0
495 2
496 5
497 8
498 9
499 5
501 0
505 6
506 0
507 8
508 3
510 7
511 8
512 2
517 1
519 0
520 5
526 8
527 5
528 5
529 0
531 7
533 3
535 8
536 2
539 3
543 0
544 7
545 7
547 7
548 6
549 9
552 1
553 1
554 9
555 0
557 8
559 9
560 8
561 8
562 0
563 3
564 7
569 0
570 6
573 9
574 2
577 1
581 7
583 7
584 9
585 7
590 6
591 2
592 7
596 1
597 5
599 8
602 8
603 4
606 5
607 6
609 5
610 6
611 8
612 4
613 8
615 8
617 3
620 8
624 7
629 5
631 2
632 4
633 5
635 0
636 5
638 7
639 3
640 2
642 7
643 2
645 1
647 3
652 4
656 9
661 4
663 1
664 9
665 5
666 7
667 4
670 1
671 2
673 2
674 1
675 6
678 2
680 0
682 2
684 2
686 9
690 7
691 4
692 3
696 5
698 6
699 1
700 4
701 0
702 3
706 1
707 2
709 7
713 7
714 9
715 8
717 1
719 0
721 7
722 6
723 0
724 1
726 0
729 2
730 5
732 1
734 9
737 7
739 1
740 3
741 1
745 2
748 0
750 6
753 8
756 7
758 4
760 9
762 2
763 4
764 4
765 5
768 9
769 1
770 2
772 8
779 9
780 6
781 0
786 6
787 4
788 0
789 9
790 4
791 5
792 4
795 6
796 6
798 3
799 9
802 9
805 5
807 2
809 1
810 3
813 0
815 9
818 9
821 1
822 3
826 4
827 5
831 8
834 5
835 7
840 3
841 3
843 8
844 9
845 5
846 5
847 3
849 8
851 6
852 0
855 3
859 3
860 6
864 1
865 8
867 7
868 0
870 5
871 1
873 1
874 0
875 3
877 0
880 0
882 4
883 5
886 4
889 2
892 4
894 9
895 9
896 9
899 4
900 9
902 8
907 1
908 6
909 3
910 9
911 3
915 3
916 4
918 6
920 1
922 5
923 6
927 1
928 7
933 2
936 2
939 9
940 2
941 8
943 1
945 2
946 4
947 7
950 8
951 6
955 3
960 7
961 7
964 2
966 3
969 7
970 2
971 5
973 3
974 7
975 6
976 8
979 1
980 3
984 6
986 4
987 0
994 3
996 5
997 8
998 5
1000 0
1001 9
1003 9
1004 8
1010 0
1012 2
1014 4
1015 9
1016 0
1017 1
1021 2
