k	vm	rss
2	40.75	25.5312
3	40.75	25.5312
4	40.75	25.5312
5	40.75	25.5273
6	40.75	25.5312
7	40.75	25.5273
8	40.75	25.5273
9	40.75	25.5273
10	40.75	25.5312
11	40.75	25.5312
12	40.75	25.5273
13	40.75	25.5352
14	40.75	25.5312
15	40.75	25.5352
16	40.75	25.5312
17	40.75	25.5312
18	40.75	25.5273
19	40.75	25.5312
20	40.75	25.5273
21	40.75	25.5312
22	40.75	25.5273
23	40.75	25.5312
24	40.75	25.5312
25	40.75	25.5312
26	40.75	25.5312
27	40.75	25.5312
28	40.75	25.5312
29	40.75	25.5273
30	40.75	25.5312
31	40.75	25.5312
32	40.75	25.5352
33	40.75	25.5312
34	40.75	25.5312
35	40.75	25.5312
36	40.75	25.5273
37	40.75	25.5352
38	40.75	25.5312
39	40.75	25.5312
40	40.75	25.5352
41	40.75	25.5312
42	40.75	25.5312
43	40.75	25.5273
44	40.75	25.5273
45	40.75	25.5273
46	40.75	25.5273
47	40.75	25.5273
48	40.75	25.5273
49	40.75	25.5312
50	40.75	25.5273
55	40.75	25.5312
60	40.75	25.5312
65	40.75	25.5312
70	40.75	25.5352
75	40.75	25.5312
80	40.75	25.5312
85	40.75	25.5312
90	40.75	25.5312
95	40.75	25.5312
100	40.75	25.5273
105	40.75	25.5312
110	40.75	25.5273
115	40.75	25.5273
120	40.75	25.5273
125	40.75	25.5312
130	40.75	25.5273
135	40.75	25.5273
140	40.75	25.5312
145	40.75	25.5312
150	40.75	25.5312
160	40.75	25.5312
170	40.75	25.5273
180	40.75	25.5312
190	40.75	25.5312
200	40.75	25.5312
210	40.75	25.5273
220	40.75	25.5273
230	40.75	25.5312
240	40.75	25.5273
250	40.75	25.5312
260	40.75	25.5312
270	40.75	25.5352
280	40.75	25.5273
290	40.75	25.5312
300	40.75	25.5312
350	40.75	25.5312
400	40.75	25.5273
450	40.75	25.5273
500	40.75	25.5312
550	40.75	25.5312
600	40.75	25.5273
650	40.75	25.5273
700	40.75	25.5273
750	40.75	25.5312
800	40.75	25.5312
850	40.75	25.5273
900	40.75	25.5312
950	40.75	25.5312
1000	40.75	25.5312
